/*--------------------------------*- C++ -*----------------------------------*\
| =========                 |                                                 |
| \\      /  F ield         | OpenFOAM: The Open Source CFD Toolbox           |
|  \\    /   O peration     | Version:  2212                                  |
|   \\  /    A nd           | Website:  www.openfoam.com                      |
|    \\/     M anipulation  |                                                 |
\*---------------------------------------------------------------------------*/
FoamFile
{
    version     2.0;
    format      ascii;
    arch        "LSB;label=32;scalar=64";
    class       cellSet;
    location    "constant/polyMesh/sets";
    object      CylinderSelectedSurface;
}
// * * * * * * * * * * * * * * * * * * * * * * * * * * * * * * * * * * * * * //


7674
(
49183
49184
49185
49186
49187
49188
49189
49190
49191
49192
49193
49194
49195
49196
49197
49198
49199
49200
49201
49202
49203
49204
49205
49206
49207
49208
49209
49210
49211
49328
49329
49330
49331
49332
49449
49450
49451
49452
49453
49454
49455
49456
49457
49458
49459
49460
49461
49462
49463
49464
49465
49466
49467
49468
49469
49470
49471
49472
49473
49474
49475
49476
49477
49478
49479
49480
49481
49482
49483
49484
49485
49486
49511
49512
49513
49514
49515
49516
49517
49518
49519
49520
49521
49522
49523
49524
49525
49526
49527
49528
49529
49530
49531
49532
49533
49534
49545
49546
49547
49548
49549
49550
49551
49552
49553
49554
49555
49556
49557
49558
49559
49560
49561
49562
49563
49564
49565
49566
49567
49568
49569
49570
49571
49572
49573
49574
49575
49576
49577
49578
49579
49580
49581
49582
49583
49584
49585
49586
49587
49588
49589
49590
49591
49592
49593
49594
49595
49596
49597
49598
49599
49600
49601
49602
49603
49604
49605
49606
49607
49608
49614
49615
49616
49617
49618
49619
49620
49621
49622
49623
49624
49625
49626
49627
49628
49629
49630
49631
49632
49737
49738
49739
49740
49741
49742
49743
49744
49745
49746
49747
49748
49749
49750
49751
49752
49753
49754
49755
49756
49757
49758
49759
49760
49761
49762
49763
49764
49765
49766
49767
49768
49769
49770
49771
49772
49773
49774
49775
49776
49777
49778
49779
49780
49781
49782
49783
49784
49785
49791
49792
49793
49794
49800
49801
49802
49803
49804
49805
49806
49807
49808
49817
49818
49819
49820
49821
49822
49823
49824
49825
49826
49827
49828
49829
49830
49831
49832
49833
49834
49835
49836
49837
49838
49839
49840
49841
49842
49843
49844
49845
49846
49847
49848
49849
49850
49851
49852
49853
49854
49855
49856
49857
49858
49859
49860
49861
49862
49863
49864
49865
49866
49867
49868
49869
49870
49871
49872
49873
49874
49875
49876
49877
49878
49879
49880
49881
49882
49883
49884
49885
49886
49887
49888
49889
49890
49891
49892
49893
49894
49895
49896
49897
49898
49899
49900
49901
49902
49903
49904
49905
49906
49907
49908
49909
49910
49911
49912
49913
49914
49915
49916
49917
49918
49919
49920
49923
49924
49925
49926
49927
49928
49929
777
49930
778
49931
779
49932
780
49933
781
49934
49935
49936
49937
49938
49939
49940
49941
49942
49943
49944
49945
49946
49947
49948
49949
49950
49951
49952
49953
49954
49955
49956
49957
49958
49959
49960
49961
49962
49963
49964
49965
49966
49967
49968
49969
49978
49979
49984
49985
49986
49987
49988
49995
49996
49997
49998
49999
50008
50009
50015
50016
50017
50018
50019
50020
50021
50022
50023
50024
50025
50026
50027
50028
50029
50030
50031
50032
50033
50034
50035
50036
50037
50038
50039
50040
50041
50042
50043
50044
50051
50052
50053
50057
50058
50059
50060
50067
50068
50069
50070
50071
50072
50073
50104
50105
50106
50107
50108
50109
50110
50111
50112
50113
50114
50115
50116
50117
50118
50119
50120
50121
50122
50123
50124
50125
50126
50127
50128
50129
50130
50131
50132
50133
50134
50135
50136
50137
50138
50139
50140
50141
50142
50143
50144
50145
50146
50147
50223
50224
50225
50226
50227
50228
50229
50230
50231
50232
50233
50234
50235
50236
50237
50238
50239
50240
50241
50242
50243
50244
50245
50246
50247
50248
50249
50250
50251
50252
50253
50254
50255
50256
50257
50258
50259
50260
50261
50262
50263
50264
50265
50266
50267
50268
50269
50270
50271
50272
50273
50274
50275
50276
50277
50278
50279
50280
50281
50282
50283
50284
50285
50286
50287
50288
50289
50290
50825
50826
50827
50828
50829
50830
50831
50832
50833
50834
50835
50836
50837
50838
50839
50840
50841
50842
50843
50844
50845
50846
50847
50848
50849
50850
50851
50852
50853
50854
50855
50856
50857
50858
50859
50860
50861
50862
50863
50864
50868
50869
50870
50871
50877
50878
50879
50889
50890
50891
50892
50893
50894
50900
50901
50902
50903
50942
50943
50949
50950
50951
50952
50953
50954
50955
50956
50957
50958
50959
50960
50961
50962
50963
50964
50965
50966
50967
50968
50969
50970
50971
50972
50973
50974
50975
50976
51041
51042
51043
51044
51045
51046
51047
51048
51049
51050
51051
51052
51053
51054
51055
51056
51057
51058
51059
51060
51061
51062
51063
51064
51065
51066
51067
51068
51069
51070
51071
51072
51073
51074
51075
51076
51077
51078
51079
51080
51081
51082
51083
51084
51085
51090
51091
51092
51093
51094
51095
51096
51097
51098
51099
51100
51101
51102
51103
51104
51105
51106
51107
51108
51109
51110
51111
51112
51113
51114
51115
51116
51117
51118
51119
51120
51121
51122
51123
51124
51125
51126
51127
51128
51129
51130
51131
51132
51133
51134
51135
51136
51137
51138
51139
51140
51141
51142
51143
51144
51145
51146
51147
51153
51154
51155
51156
51162
51163
51164
51165
51166
51167
51168
51169
51170
51171
51172
51173
51174
51175
51176
51177
51178
51179
51180
51181
51182
51183
51184
51185
51186
51187
51188
51189
51190
51191
51192
51193
51194
51195
51196
51197
51198
51199
51200
51201
51202
51203
51204
51205
51206
51207
51208
51209
51210
51221
51222
51259
51260
51261
51262
51263
51264
51265
51266
51267
51268
51269
51270
51271
51272
51273
51274
51275
51276
51277
51278
51279
51280
51281
51282
51283
51284
51285
51290
51291
51292
51297
51298
51299
51304
51305
51306
51315
51316
51317
51318
51319
51320
51321
51348
51349
51350
51351
51358
51359
51360
51361
51362
51363
51364
51365
51366
51367
51368
51369
51370
51371
51372
51373
51374
51375
51376
51377
51378
51379
51380
51381
51382
51383
51384
51385
51386
51387
51388
51389
51390
51391
51392
51393
51394
51395
51396
51397
51398
51399
51400
51401
51402
51403
51404
51405
51406
51407
51408
51409
51410
51834
51835
51836
51837
51838
51839
51840
51841
51842
51843
51844
51845
51846
51847
51848
51849
51850
51851
51852
51853
51854
51855
51856
51857
51858
51859
51860
51861
51862
51863
51864
51865
51866
51867
51868
51871
51872
51873
51874
51875
51876
51877
51878
51879
51880
51881
51882
51883
51884
51885
51886
51887
51888
51889
51890
51891
51892
51893
51894
51895
51896
51897
51898
51899
51900
51901
51902
51903
51904
51905
51906
51907
51908
51909
51910
51911
51912
51913
51914
51915
51916
51917
51918
51919
51920
51921
51922
51923
51924
51925
51926
51927
51928
51929
51930
51931
51932
51933
51934
51935
51936
51937
51938
51939
51940
51941
51942
51943
51944
51945
51946
51947
51948
52042
52043
52044
52045
52046
52047
52048
52049
52050
52051
52052
52053
52054
52055
52056
52057
52058
52059
52060
52061
52062
52063
52064
52065
52066
52067
52068
52069
52070
52071
52072
52073
52074
52075
52076
52077
52078
52079
52080
52081
52082
52083
52090
52091
52092
52093
52094
52095
52096
52097
52098
52099
52106
52107
52113
52114
52115
52116
52125
52126
52127
52128
52129
52130
52131
52132
52133
52134
52135
52136
52137
52138
52139
52140
52141
52142
52143
52144
52145
52146
52147
52148
52149
52150
52151
52152
52153
52154
52155
52156
52157
52158
52159
52160
52161
52162
52163
52164
52165
52166
52167
52168
52169
52170
52171
52172
52173
52174
52175
52180
52181
52186
52187
52188
52189
52190
52191
52192
52193
52194
52195
52196
52197
52198
52199
52200
52201
52202
52203
52204
52205
52206
52207
52208
52209
52210
52211
52212
52213
52214
52215
52216
52217
52218
52219
52220
52221
52222
52223
52224
52225
52226
52227
52228
52229
52230
52231
52232
52233
52234
52235
52236
52237
52238
52239
52240
52241
52242
52243
52244
52245
52246
52247
52248
52249
52250
52251
52252
52253
52254
52255
52256
52257
52258
52259
52263
52264
52265
52266
52267
52268
52269
52270
52271
52277
52278
52279
52284
52285
52286
52287
52295
52296
52299
52300
52301
52302
52303
52304
52305
52306
52307
52308
52309
52310
52311
52312
52313
52314
52315
52316
52317
52318
52325
52326
52327
52328
52329
52330
52331
52332
52333
52334
52335
52336
52337
52338
52339
52340
52341
52342
52343
52344
52345
52346
52347
52348
52349
52350
52351
52352
52353
52354
52355
52356
52357
52358
52359
52360
52361
52362
52363
52364
52365
52366
52367
52368
52369
52370
52371
52372
52373
52374
52375
52376
52377
52378
52379
52380
52381
52382
52383
52384
52385
52386
52387
52388
52389
52390
52395
52396
52397
52398
52399
52400
52401
52402
52403
52404
52405
52406
52407
52408
52409
52410
52411
52412
52413
52414
52415
52416
52417
52418
52419
52420
52421
52422
52423
52424
52425
52426
52427
52428
52429
52430
52431
52432
52433
52434
52435
52436
52437
52438
52439
52440
52441
52442
52443
52444
52445
52446
52447
52448
52449
52450
52451
52452
52453
52454
52455
52456
52457
52458
52459
52460
52461
52462
52463
52464
52465
52466
52467
52468
52469
52470
52471
52472
52473
52474
52475
52476
52477
52478
52479
52480
52481
52482
52483
52484
52485
52486
52487
52488
52489
52490
52491
52492
52493
52494
52495
52496
52497
52498
52499
52500
52501
52502
52503
52504
52505
52506
52507
52508
52509
52510
52511
52512
52513
52514
52515
52516
52517
52518
52519
52520
52521
52522
52523
52524
52525
52526
52527
52528
52529
52530
52535
52536
52537
52538
52539
52540
52541
52542
52543
52544
52545
52546
52547
52548
52549
52550
52551
52552
52553
52554
52555
52556
52557
52558
52559
52560
52561
52562
52563
52564
52565
52571
52572
52578
52579
52580
52585
52586
52587
52588
52589
52590
52596
52597
52598
52599
52612
52613
52614
52615
52616
52781
52782
52783
52784
52785
52786
52787
52788
52789
52790
52791
52792
52793
52794
52795
52796
52797
52798
52799
52800
52801
52802
52803
52804
52805
52806
52807
52808
52809
52810
52811
52812
52813
52814
52815
52816
52817
52818
52819
52820
52821
52825
52826
52833
52834
52835
52836
52837
52838
52839
52840
52841
52842
52843
52844
52845
52846
52847
52848
52849
52850
52851
52852
52853
52854
52855
52856
52857
52858
52859
52860
52861
52862
52863
52864
52865
52866
52867
52868
52869
52870
52871
52872
52873
52874
52875
52876
52877
52878
52879
52880
52881
52882
52883
52884
52885
52886
52887
52888
52889
52890
52891
52892
52893
52894
52895
52896
52897
52898
52899
52900
52901
52902
52903
52904
52905
52906
52907
52908
52909
52910
52911
52912
52913
52914
52915
52916
52917
52918
52919
52920
52921
52931
52932
52933
52934
52935
52936
52937
52938
52939
52940
52941
52942
52943
52944
52945
52946
52947
52948
52949
52950
52951
52952
52953
52954
52955
52956
52957
52958
52959
52960
52961
52962
52963
52964
52965
52966
52967
52968
52969
52975
52976
52982
52983
52990
52991
52992
52993
52994
53004
53005
53008
53009
53010
53019
53020
53021
53025
53026
53027
53028
53029
53030
53031
53032
53033
53034
53035
53036
53037
53038
53039
53040
53041
53042
53043
53044
53045
53046
53047
53048
53049
53050
53051
53059
53060
53062
53067
53068
53071
53072
53077
53078
53079
53080
53081
53082
53103
53104
53105
53106
53107
53108
53109
53110
53111
53112
53113
53114
53115
53116
53117
53118
53119
53120
53121
53122
53123
53124
53125
53126
53127
53128
53129
53130
53131
53132
53133
53134
53135
53136
53137
53138
53139
53140
53141
53142
53143
53144
53145
53146
53147
53148
53149
53150
53151
53152
53153
53154
53155
53156
53157
53158
53159
53160
53161
53162
53163
53164
53165
53166
53167
53168
53169
53170
53171
53172
53173
53174
53175
53176
53177
53178
53179
53180
53181
53182
53183
53184
53185
53186
53187
53188
53189
53190
53191
53192
53193
53194
53195
53196
53197
53198
53199
53200
53201
53202
53203
53204
53205
53206
53207
53208
53431
53432
53433
53434
53435
53436
53437
53438
53439
53440
53441
53442
53443
53444
53445
53446
53447
53448
53449
53450
53451
53452
53453
53454
53455
53456
53457
53458
53459
53483
53484
53487
53488
53489
53494
53495
53522
53523
53524
53525
53526
53527
53528
53529
53530
53531
53532
53533
53534
53535
53536
53537
53538
53539
53540
53541
53542
53543
53544
53545
53546
53547
53548
53549
53550
53551
53552
53553
53554
53555
53556
53557
53558
53559
53560
53561
53562
53563
53564
53565
53566
53567
53568
53569
53570
53571
53572
53573
53574
53575
53576
53577
53578
53579
53580
53581
53582
53583
53584
53585
53586
53587
53588
53589
53590
53591
53592
53593
53594
53595
53596
53597
53598
53599
53600
53601
54874
54875
54876
54877
54878
54879
54880
54881
54882
54883
54884
54885
54886
54887
54888
54889
54890
54891
54892
54893
54894
54895
54896
54897
54898
54899
54900
54901
54902
54903
54904
54905
54906
54907
54908
54909
54910
54911
54912
54913
54914
54915
54916
54917
54918
54919
54920
54921
54922
54923
54924
54925
54926
54927
54928
54929
54930
54931
54932
54933
54934
54935
54936
54937
54938
54939
54940
54941
54942
54943
54944
54945
54946
54947
54948
54949
54950
54951
54952
54953
54954
54955
54956
54957
54958
54959
54960
54961
54962
54963
54964
54965
54966
54967
54968
54969
54970
54971
54972
54973
54974
54975
54976
55025
55026
55027
55028
55029
55030
55031
55032
55033
55034
55035
55036
55037
55038
55039
55040
55041
55042
55043
55044
55045
55046
55047
55048
55049
55050
55051
55052
55053
55054
55055
55056
55057
55058
55059
55060
55061
55062
55063
55064
55065
55066
55067
55068
55069
55070
55071
55072
55073
55074
55075
55076
55077
55078
55079
55080
55081
55082
55083
55084
55085
55086
55087
55088
55089
55090
55091
55092
55093
55094
55095
55096
55097
55098
55099
55100
55101
55102
55103
55104
55105
55106
55107
55108
55109
55110
55111
55112
55113
55114
55115
55124
55125
55131
55132
55136
55137
55144
55145
55146
55147
55148
55149
55150
55151
55152
55153
55154
55155
55156
55157
55158
55159
55160
55161
55162
55163
55164
55165
55166
55167
55168
55169
55170
55171
55172
55173
55174
55175
55176
55177
55178
55179
55187
55188
55189
55190
55191
55192
55193
55194
55195
55196
55197
55198
55199
55200
55201
55202
55203
55204
55205
55209
55210
55211
55212
55213
55214
55236
55237
55238
55239
55240
55241
55242
55243
55244
55245
55246
55247
55248
55249
55250
55251
55252
55253
55254
55255
55256
55257
55258
55259
55260
55261
55262
55263
55264
55265
55266
55267
55268
55269
55270
55271
55272
55273
55274
55275
55276
55277
55278
55288
55289
55293
55294
55295
55296
55297
55298
55299
55300
55301
55302
55303
55304
55305
55306
55307
55308
55309
55310
55311
55312
55313
55314
55315
55316
55317
55318
55319
55320
55321
55322
55323
55324
55325
55326
55327
55328
55329
55330
55331
55332
55333
55334
55335
55336
55337
55338
55339
55340
55341
55342
55343
55344
55345
55346
55347
55348
55349
55350
55351
55352
55353
55354
55355
55356
55357
55358
55359
55360
55361
55362
55363
55364
55365
55366
55367
55368
55369
55370
55371
55379
55380
55381
55386
55387
55388
55389
55393
55394
55395
55406
55407
55408
55409
55416
55417
55421
55422
55423
55424
55425
55426
55427
55428
55429
55430
55431
55432
55433
55434
55435
55436
55437
55438
55439
55440
55441
55442
55443
55444
55445
55446
55447
55448
55449
55450
55451
55452
55453
55454
55455
55456
55457
55458
55459
55460
55461
55462
55463
55464
55465
55466
55467
55468
55469
55470
55471
55472
55473
55474
55475
55476
55477
55478
55479
55480
55481
55482
55483
55484
55485
55486
55487
55488
55489
55490
55491
55492
55493
55494
55495
55496
55497
55498
55499
55500
55501
55502
55503
55504
55505
55506
55507
55508
55509
55510
55511
55512
55513
55514
55515
55516
55517
55518
55519
55520
55521
55522
55523
55524
55525
55526
55527
55528
55529
55530
55531
55532
55533
55831
55832
55833
55834
55835
55836
55837
55838
55839
55840
55841
55842
55843
55844
55845
55846
55847
55848
55849
55850
55851
55852
55853
55854
55855
55856
55857
55858
55859
55860
55861
55862
55863
55864
55865
55866
55867
55868
55869
55870
55871
55872
55873
55874
55875
55876
55877
55878
55879
55880
55881
55882
55883
55884
55885
55886
55887
55888
55889
55890
55891
55892
55893
55894
55895
55896
55897
55898
55899
55900
55901
55902
55903
55904
55905
55906
55907
55908
55909
55910
55911
55912
55913
55914
55915
55916
55917
55918
55919
55920
55921
55922
55923
55924
55925
55926
55927
55928
55929
55930
55931
55932
55933
55934
55935
55936
55937
55938
55939
55940
55941
55942
55943
55944
55945
55946
6794
55947
6795
55948
6796
55949
6797
55950
6798
55951
6799
55952
6800
55953
6801
55954
6802
55955
6803
55956
6804
55957
6805
55958
6806
55959
6807
55960
6808
55961
6809
55962
6810
55963
6811
55964
6812
55965
6813
55966
6814
55967
6815
55968
6816
55969
6817
55970
6818
55971
6819
55972
6820
55973
6821
55974
6822
55975
6823
55976
6824
55977
6825
55978
6826
55979
6827
55980
6828
55981
6829
55982
6830
55983
6831
55984
6832
55985
6833
55986
6834
55987
6835
55988
6836
55989
6837
55990
6838
55991
6839
55992
6840
55993
6841
55994
6842
55995
6843
55996
6844
55997
6845
55998
6846
55999
6847
56000
6848
56001
6849
56002
6850
56003
6851
56004
6852
56005
6853
56006
6854
56007
6855
56008
6856
56009
6857
56010
6858
56011
6859
56012
6860
56013
6861
56014
6862
56015
6863
56016
6864
56017
6865
56018
6866
56019
6867
56020
6868
56021
6869
56022
6870
56023
6871
56024
6872
56025
6873
56026
6874
56027
6875
56028
6876
56029
6877
56030
6878
56031
6879
56032
6880
56033
6881
56034
6882
56035
6883
56036
6884
56037
6885
56038
6886
56039
6887
56040
6888
56041
6889
56042
6890
56043
6891
56044
6892
56045
6893
56046
6894
56047
6895
56048
6896
56049
6897
56050
6898
56051
6899
56052
6900
56053
6901
56054
6902
56055
6903
56056
6904
56057
6905
56058
6906
56059
6907
56060
6908
56061
6909
56062
6910
56063
6911
56064
6912
56065
6913
56066
6914
56067
6915
56068
6916
56069
6917
56070
6918
56071
6919
56072
6920
56073
6921
56074
6922
56075
6923
56076
6924
56077
6925
56078
6926
56079
6927
56080
6928
56081
6929
56082
6930
56083
6931
56084
6932
56085
6933
56086
6934
56087
6935
56088
6936
56089
6937
56090
6938
6939
6940
6941
56094
6942
6943
6944
56097
6945
56098
6946
56099
6947
56100
6948
6949
6950
6951
6952
6953
56106
6954
56107
6955
56108
6956
56109
6957
56110
6958
56111
6959
56112
6960
6961
6962
6963
6964
6965
56118
6966
56119
6967
56120
6968
6969
6970
6971
56124
6972
56125
6973
56126
6974
6975
6976
6977
6978
56131
6979
56132
6980
56133
6981
56134
6982
6983
6984
6985
6986
6987
6988
6989
6990
56143
6991
56144
6992
6993
6994
56147
6995
56148
6996
56149
6997
56150
6998
56151
6999
7000
7001
7002
7003
7004
56157
7005
56158
7006
7007
7008
7009
7010
7011
56164
7012
56165
7013
56166
7014
56167
7015
56168
7016
56169
7017
56170
7018
56171
7019
56172
7020
56173
7021
56174
7022
56175
7023
56176
7024
56177
7025
56178
7026
56179
7027
56180
7028
56181
7029
56182
7030
56183
7031
56184
7032
56185
7033
56186
7034
56187
7035
56188
7036
56189
7037
56190
7038
56191
7039
56192
7040
56193
7041
56194
7042
56195
7043
56196
7044
7045
7046
7047
7048
7049
7050
7051
56204
7052
56205
7053
56206
7054
56207
7055
7056
7057
7058
7059
7060
56213
7061
56214
7062
56215
7063
56216
7064
7065
7066
7067
7068
7069
7070
56223
7071
56224
7072
7073
7074
7075
7076
7077
7078
7079
7080
56233
7081
56234
7082
7083
7084
56237
7085
56238
7086
56239
7087
56240
7088
56241
7089
56242
7090
56243
7091
56244
7092
56245
7093
56246
7094
56247
7095
56248
7096
56249
7097
56250
7098
56251
7099
56252
7100
56253
7101
56254
7102
56255
7103
56256
7104
56257
7105
56258
7106
56259
7107
56260
7108
56261
7109
56262
7110
56263
7111
56264
7112
56265
7113
56266
7114
56267
7115
56268
7116
56269
7117
56270
7118
7119
7120
7121
56274
7122
56275
7123
56276
7124
7125
7126
7127
7128
7129
7130
56283
7131
56284
7132
56285
7133
56286
7134
7135
7136
7137
7138
7139
56292
7140
56293
7141
56294
7142
56295
7143
56296
7144
56297
7145
56298
7146
56299
7147
56300
7148
56301
7149
56302
7150
56303
7151
56304
7152
56305
7153
56306
7154
56307
7155
56308
7156
56309
7157
56310
7158
56311
7159
56312
7160
56313
7161
7162
7163
7164
7165
7166
56319
7167
56320
7168
7169
7170
7171
7172
7173
56326
7174
56327
7175
56328
7176
56329
7177
56330
7178
56331
7179
56332
7180
56333
7181
56334
7182
56335
7183
56336
7184
56337
7185
56338
7186
56339
7187
56340
7188
56341
7189
56342
7190
56343
7191
56344
7192
56345
7193
56346
7194
56347
7195
56348
7196
56349
7197
56350
7198
56351
7199
56352
7200
56353
7201
56354
7202
56355
7203
56356
7204
56357
7205
56358
7206
56359
7207
56360
7208
56361
7209
56362
7210
56363
7211
56364
7212
56365
7213
56366
7214
56367
7215
56368
7216
56369
7217
56370
7218
56371
7219
56372
7220
7221
7222
7223
7224
7225
7226
7227
7228
56381
7229
56382
7230
7231
7232
56385
7233
56386
7234
56387
7235
56388
7236
56389
7237
56390
7238
56391
7239
56392
7240
56393
7241
56394
7242
56395
7243
56396
7244
56397
7245
56398
7246
56399
7247
56400
7248
56401
7249
56402
7250
56403
7251
56404
7252
56405
7253
56406
7254
56407
7255
56408
7256
56409
7257
56410
7258
56411
7259
56412
7260
56413
7261
7262
7263
7264
56420
56428
56429
56430
56431
56432
56433
56434
56435
56436
56437
56438
56439
56440
56441
56442
56443
56444
56445
56446
56447
56448
56457
56458
56459
56460
56461
56462
56463
56464
56465
56466
56467
56468
56469
56470
56471
56472
56473
56474
56475
56476
56482
56483
56484
56485
56486
7334
56487
7335
56488
7336
56489
7337
56490
7338
56491
56492
56493
56494
56495
56496
56497
56498
56499
56500
56501
56502
56503
56504
56505
56506
56507
56508
56509
56510
56511
56512
56513
56514
56515
56516
56517
56518
56519
56520
56521
56522
56523
56524
56530
56531
56532
56533
56534
56535
56536
56537
56538
56539
56540
56541
56542
56543
56544
56545
56546
56547
56548
56549
56550
56551
56552
56553
56554
56555
56556
56557
56564
56565
56566
56567
56568
56569
56570
56571
56572
56573
56574
56575
56576
56577
56578
56579
56580
56581
56582
56583
56584
56585
56586
56587
56588
56589
56590
56591
56592
56593
56594
56595
56596
56597
56603
56604
56605
56606
56607
56608
56609
56610
56611
56612
56613
56614
56615
56616
56617
56618
56619
56620
56621
56622
56623
56624
56625
56626
56627
56628
56629
56630
56631
56632
56633
56634
56635
56636
56637
56638
56639
56640
56641
56642
56643
56644
56645
56646
56647
56648
56649
56650
56651
56652
56653
56654
56655
56656
56657
56662
56663
56669
56670
56671
56672
56673
56674
56675
56676
56677
56678
56679
56680
56681
56682
56683
56684
56685
56686
56687
56688
56689
56705
56706
56707
56708
56709
56726
56727
56728
56733
56734
56741
56744
56745
56746
56747
56748
56749
56750
56751
56752
56753
56754
56755
56756
56757
56758
56759
56760
56761
56762
56763
56764
56765
56766
56767
56768
56769
56770
56771
56772
56773
56774
56775
56776
56777
56778
56779
56780
56781
56782
56783
56784
56785
56786
56787
56788
56789
56797
56798
56804
56805
56806
56807
56808
56809
56810
56819
56820
56821
56822
56823
56824
56825
56826
56827
56828
56829
56830
56831
56832
56833
56834
56835
7960
7961
42036
42037
42038
42039
42040
42041
42042
42043
42044
42045
42046
42047
42048
42049
42050
42051
42052
42053
42054
42055
42056
42057
42058
42059
42060
42061
42062
42063
42064
42065
42066
42067
42068
42069
42070
42071
42072
42120
42121
42122
42123
42124
58568
58569
58570
58571
58572
58573
58574
58575
58576
58577
58578
58579
58580
58581
58582
58583
58584
58585
58586
58587
58588
58589
58590
58591
58592
58593
58594
58595
58596
58597
58598
58599
58600
58601
58602
58603
58604
9452
58605
9453
58606
9454
58607
9455
58608
9456
58609
9457
58610
58611
58612
58613
58614
58615
58616
58617
58618
58619
58620
58621
58622
58623
58624
9477
58630
9478
58631
9479
58632
9480
58633
58634
58635
58636
58637
58638
58639
58640
58641
58642
58643
58644
58645
58646
58647
58648
58649
58650
58651
58652
58653
58654
58655
58656
58657
58658
58659
58660
58661
58662
58663
58664
58665
9520
58673
9521
58674
9522
9523
9524
58680
58681
58685
58686
58695
58699
58700
58701
58702
58703
58704
58705
58706
58707
58708
58709
58710
58711
58712
58713
58714
58715
58716
58717
58718
58719
58720
58721
58722
58723
58724
58725
58726
58727
58728
58729
58730
58731
58732
58733
58734
58735
58736
58737
58738
58739
58740
58741
58747
58748
58749
58750
58751
58757
58758
58759
58760
58761
58762
58763
58764
58765
58766
58767
58768
58769
58770
58771
58772
42653
42654
42655
42656
42658
42659
42660
42661
42662
42663
42664
42665
42669
42670
42671
42672
42673
42674
42675
42676
42677
42678
42679
42680
42681
42682
42683
42684
42685
42686
42687
42688
42689
42690
42691
42692
42693
42694
42695
42696
42697
42698
42699
42700
42701
42702
42703
42704
42705
42706
42730
42731
42732
42733
42734
42740
42741
42742
42743
42744
42745
42746
42747
42748
42749
42750
42751
42752
42753
42754
42755
42756
42757
42758
42759
42760
42761
42762
42763
42764
42765
42766
42767
42768
42769
42770
42771
42772
42773
42774
42775
42776
42777
42778
42779
42780
42781
42782
42783
42784
42785
42786
42787
42788
42789
42790
10022
42791
10023
42792
10024
42793
10025
42794
42795
42796
42797
10065
10066
10067
10068
10069
42918
42919
42920
42921
42922
59378
59379
59380
59381
59382
59383
59384
59385
59386
10244
10245
10246
10247
10248
10249
10250
10251
10252
10253
10254
10255
10256
10257
10258
10259
10260
10261
10262
10263
10264
10265
10266
10267
10268
10269
10270
10271
10272
10273
10274
10275
10276
10277
10278
10279
10280
10281
10282
10283
10284
10285
10286
10287
10288
10289
10290
10291
10292
59446
59447
59448
59449
59450
59451
59452
59453
59454
59455
59456
59457
59458
59459
59460
59461
59462
59463
59464
59465
59466
59467
59468
59469
59470
59471
59472
59473
59474
59475
59476
59477
59478
59479
59480
59481
59482
59483
59484
59485
59486
59487
59488
59489
59490
59491
10339
59492
10340
59493
10341
59494
10342
59495
10343
59496
59497
59498
59499
59500
59501
59502
59503
59504
59505
59506
59507
59508
59509
59510
59511
59512
59513
59514
59515
59516
59517
59518
59519
59520
59521
59522
59523
59524
59525
59526
59527
59528
59553
59554
59555
59556
59557
59558
59559
59560
59561
59562
43232
43233
43234
43235
43236
43237
43238
43239
43240
43241
43242
43243
43244
43245
43246
43247
43248
43249
43250
43251
43252
43253
43254
43255
43256
43257
43258
43259
43260
43261
43262
43263
43264
43265
43266
43267
43268
43269
43270
43271
43272
43273
43274
43275
43276
43277
43278
43279
43280
43281
43282
10514
43283
10515
43284
10516
43285
10517
43286
10518
43287
10519
43288
10520
43289
10521
43290
10522
43291
10523
43292
10524
43293
10525
43294
10526
43295
10527
43296
10528
43297
10529
43298
10530
43299
10531
43300
10532
43301
10533
43302
10534
43303
10535
43304
10536
43305
10537
43306
10538
43307
10539
43308
10540
43309
10541
43310
10542
43311
10543
43312
10544
43313
10545
43314
10546
43315
10547
43316
10548
43317
10549
43318
10550
43319
10551
43320
10552
43321
10553
43322
10554
43323
10555
43324
10556
43325
10557
43326
10558
43327
10559
43328
10560
43329
10561
43330
10562
43331
10563
43332
10564
43333
10565
43334
10566
43335
10567
43336
10568
43337
10569
43338
10570
43339
10571
43340
10572
43341
10573
43342
10574
43343
10575
43344
10576
43345
10577
43346
10578
43347
10579
43348
10580
43349
10581
43350
10582
43351
10583
43352
10584
43353
10585
43354
10586
43355
10587
43356
10588
43357
10589
43358
10590
43359
10591
43360
10592
43361
10593
43362
10594
43363
10595
43364
10596
43365
10597
43366
10598
43367
10599
43368
10600
43369
10601
43370
10602
43371
10603
43372
10604
43373
10605
43374
10606
43375
10607
43376
10608
43377
10609
43378
10610
43379
10611
43380
10612
43381
10613
43382
10614
43383
10615
43384
10616
43385
10617
43386
10618
43387
10619
43388
10620
43389
10621
43390
10622
43391
10623
43392
10624
43393
10625
43394
10626
43395
10627
43396
10628
43397
10629
43398
10630
43399
10631
43400
10632
43401
10633
43402
10634
43403
10635
43404
10636
43405
10637
43406
10638
43407
10639
43408
10640
43409
10641
43410
10642
43411
10643
43412
10644
43413
10645
43414
10646
43415
10647
43416
10648
43417
10649
43418
10650
43419
10651
43420
10652
43421
10653
43422
10654
43423
10655
43424
10656
43425
10657
43426
10658
43427
10659
43428
10660
43429
10661
43430
10662
43431
10663
43432
10664
43433
10665
43434
10666
43435
10667
43436
10668
43437
10669
43438
10670
43439
10671
43440
10672
43441
10673
43442
10674
43443
10675
43444
10676
43445
10677
43446
10678
43447
10679
43448
10680
43449
10681
43450
10682
43451
10683
43452
10684
43453
10685
43454
10686
43455
10687
43456
10688
43457
10689
43458
10690
43459
10691
43460
10692
43461
10693
43462
10694
43463
10695
43464
10696
43465
10697
43466
10698
43467
10699
43468
10700
43469
10701
43470
10702
43471
10703
43472
10704
43473
43474
43475
43476
43477
43478
43479
59865
59866
59867
59871
59872
59873
59874
59875
59876
59877
59878
59879
59880
59881
59882
59883
59884
59885
59886
59887
59888
59889
59890
59891
59892
59893
59894
59895
59896
59897
59898
59899
10747
10748
10749
10750
10751
59904
59905
59906
59907
59908
59909
59910
59911
59912
59913
59914
59915
59916
59917
59918
59919
59920
59921
59922
59923
59924
59925
59926
59927
59928
59929
59930
59931
59932
59933
59934
59935
59936
59937
59938
59939
59940
59941
59942
59943
59944
59945
59946
59947
59948
59949
59950
59951
59952
59953
59954
59955
59956
59957
59958
59959
59960
59961
59962
59963
59964
59965
59966
59967
59968
59969
59970
59971
59972
59973
59974
59975
59976
59977
59978
59979
59980
59981
59982
59983
59984
59985
59986
59987
59988
59989
59990
59991
59992
60039
60040
60041
60042
60043
60044
60045
60046
60047
60048
60049
60050
60051
60052
60053
60054
60055
60056
60057
60058
60059
60060
60061
60062
60063
60064
60065
60066
60067
60068
60069
60070
60071
60072
60073
60074
60075
60076
60077
60078
60079
60080
60081
60082
60083
60084
60085
60086
60087
60088
60089
60090
60091
60092
60093
60094
60095
60096
60097
60098
60099
60100
60101
60102
60103
60104
60105
60106
60107
60108
60109
60110
60111
60112
10960
60113
10961
60114
10962
60115
10963
60116
10964
60117
10965
60118
10966
60119
10967
60120
10968
60121
10969
60122
10970
60123
10971
60124
10972
60125
10973
60126
10974
60127
10975
60128
10976
60129
10977
60130
10978
60131
10979
60132
10980
60133
10981
60134
10982
60135
10983
60136
10984
60137
10985
60138
10986
60139
10987
60140
10988
60141
10989
60142
10990
60143
10991
10992
10993
10994
10995
10996
10997
10998
10999
11000
11001
11002
11003
11004
11005
11006
11007
11008
11009
11010
60184
60185
60224
60225
60226
60227
60228
60229
60230
60231
60232
60233
60234
60235
60236
60237
60238
60239
60240
60241
60242
60243
60244
60245
60246
60247
60248
60249
60250
60251
60252
60253
60254
60255
60256
60257
60258
60259
60260
60261
60262
60263
60264
60265
60266
60267
60268
60269
60270
60271
60272
60273
60274
60275
60276
60277
60278
60279
60280
60281
60282
60283
60284
60285
60286
60287
60288
60289
60290
60291
60292
60293
60294
60295
60296
60297
60298
60299
60300
60301
60302
60303
60304
60305
60306
60307
60308
60309
60310
60318
60319
60323
60324
60325
60326
60327
60328
60329
60330
60331
60404
60405
60406
60407
60408
60409
60410
60411
60412
60413
60414
60415
60416
60417
60418
60419
60420
60421
60422
60423
60424
60425
60426
60427
60428
60429
60430
60431
60432
60433
60434
60435
60436
60437
60438
60439
60440
60441
60442
60443
60444
60445
60446
60447
60448
60449
60450
60451
60452
60453
60454
60455
60456
60457
60458
60459
60460
60461
60462
60463
60464
60465
60466
60467
60468
60477
60478
60479
60480
60488
60489
60493
60494
60495
60496
60497
60498
60499
60500
60501
60502
60503
60504
60505
60506
60507
60508
60509
60510
60511
60512
60513
60514
60515
60516
60517
60518
60519
60520
60521
60522
60523
60524
60525
60526
60527
60528
60529
60530
60531
60532
60533
60534
60535
60536
60537
60538
60539
60540
60541
60542
60543
60544
60545
60546
60547
60548
60549
60550
60551
60552
60553
60554
60577
60578
60579
60580
60581
60582
60583
60584
60585
60586
60587
60588
60589
60590
60591
60592
60593
60594
60595
60596
60597
60598
60599
60600
60601
60602
60603
60604
60605
60606
60607
60608
60609
60610
60611
60612
60613
60614
60615
60616
60617
60618
60619
60620
60621
60622
60623
60624
60625
60626
60627
60628
60629
60630
60631
60632
60633
60634
60635
60636
60637
60638
60639
60640
60641
60642
60643
60644
60645
60646
60647
60648
60649
60650
60651
60652
60653
60654
60655
60656
60657
60658
60659
60660
60661
60662
60663
60664
60665
60666
60667
60668
60669
60670
60671
60672
60673
60674
60675
60676
60677
60678
60679
60680
60681
60682
60683
60684
60685
60686
60687
60688
60689
60690
60691
60692
60693
60694
60695
60696
60697
60698
60699
60700
60701
60702
60703
60704
60705
60706
60715
60716
60722
60723
60726
60727
60728
60729
60737
60738
60741
60742
60743
60744
60745
60746
60755
60756
60757
60758
60759
60760
60761
60762
60763
60764
60765
60766
60767
60768
60769
60770
60771
60772
60773
60774
60775
60776
60777
60778
60779
60780
60781
60782
60788
60789
60790
60791
60792
60796
60797
60798
60802
60803
60804
60805
60810
60825
60826
60827
60841
60842
60843
60844
60858
60859
60860
60861
60878
60879
60888
60889
60897
60898
60899
60900
60901
60946
60947
61218
61219
61220
61221
61222
61223
61224
61225
61226
61227
61228
61229
61230
61231
61232
77617
61233
77618
61234
77619
61235
77620
61236
61237
61238
61247
61248
61249
61250
61251
61252
61253
61254
61255
61256
61257
61258
61259
61260
61261
61266
61267
61268
61269
61270
61271
61272
61273
61274
61275
61276
61277
61278
61279
61280
61281
61282
61283
61284
61285
61286
61287
61288
61289
61290
61291
61292
61293
61297
61298
61299
61306
61307
61308
61309
61315
61316
61317
77702
61318
77703
61319
77704
61320
77705
61321
77706
61322
77707
61323
77708
61324
77709
61325
77710
61326
77711
61327
77712
61328
77713
61329
77714
61330
77715
61331
77716
61332
77717
61333
77718
61334
61335
61336
77721
61337
77722
61338
77723
61339
77724
61340
77725
61341
77726
61342
77727
61343
77728
61344
77729
61345
61346
61347
61348
61349
61350
61351
61352
61353
61354
61355
61356
77744
77745
77746
77767
77768
77769
77770
77771
61395
61396
77781
61397
77782
61398
77783
61399
77784
61400
77785
61401
77786
61402
77787
61403
77788
61404
77789
61405
77790
61406
77791
61407
77792
61408
77793
61409
77794
61410
77795
61411
77796
61412
77797
61413
77798
61414
77799
61415
77800
61416
77801
61417
77802
61418
77803
61419
77804
61420
77805
77807
77808
77809
77810
77811
61427
77812
61428
77813
77814
77815
77816
61434
61435
61441
61442
61443
61444
61445
61446
61447
61448
61449
61450
61451
61452
61469
61470
61471
61472
61473
61474
61475
61476
61477
61478
61479
61480
61481
61482
61483
61484
61485
61486
61487
61488
61496
61497
61498
61499
61500
61501
61502
61503
61504
61505
61506
61507
61508
61509
61510
61511
61512
61513
61514
61515
61516
61517
61518
61519
61520
61521
61522
61523
61524
61525
61526
61527
61528
61529
61530
61535
61536
61544
61545
61549
61550
61551
61552
61553
61554
61555
61556
61557
61558
61559
61581
61582
61583
61584
61585
61586
61605
61606
61607
61608
61609
61610
61628
61629
61630
61631
61632
61633
61634
61635
61636
61642
61643
61644
61645
61646
61647
61648
61649
61650
61651
61652
61653
61654
61655
61656
61657
61658
61659
61660
61661
61662
61663
61664
61665
61673
61674
61675
61676
61686
61687
61690
61691
61692
61693
61694
61695
61696
61697
61698
61699
61700
61701
61714
61715
61716
61717
61718
61765
61766
61767
61768
61769
61770
61771
61772
61773
61774
61775
61776
61777
61778
61779
61780
61781
61782
61783
61784
61785
61786
61787
61788
61789
61790
61791
61792
61793
61794
61795
61796
61797
61798
61799
61800
61801
61802
61803
61804
61857
61858
61859
61860
61861
61862
61863
61864
61865
61866
61867
61868
61869
61870
61871
61872
61873
61874
61875
61876
61877
61878
61879
61880
61881
61882
61883
61884
61885
61886
61887
61888
61889
61890
61891
61892
61893
61894
61895
61896
61897
61898
61899
61900
61901
61920
61921
61922
61923
61924
61925
61926
61927
61928
61929
61930
61931
61979
61980
61981
61982
61983
61984
61985
61986
61987
61988
61989
61990
61991
61997
62004
62005
62006
62007
62008
62009
62010
62011
62012
62013
62014
62015
62016
62017
62018
62019
62020
62021
62022
62023
62024
62025
62026
62027
62028
62029
62030
62031
62032
62033
62034
62035
62036
62037
62038
62039
62040
62041
62042
62043
62044
62045
62046
62047
62048
62049
62050
62051
62052
62053
62054
62055
62056
62057
62058
62059
62060
62061
62062
62063
62064
62065
62066
62067
62068
62069
62070
62071
62072
62073
62074
62075
62076
62077
62078
62079
62080
62081
62082
62083
62084
62085
62086
62087
62088
62089
62090
62091
62092
62093
62094
62095
62096
62097
62098
62099
62100
62101
62102
62103
62104
62105
62106
62107
62108
62109
62110
62111
62112
62113
62114
62115
62116
62117
62118
62119
62120
62121
62122
62123
62124
62125
62126
62127
62128
62129
62130
62131
62132
62133
62134
62135
62136
62137
62138
62139
62140
62141
62142
62143
62144
62145
62146
62147
62148
62149
62150
62151
62152
62153
62154
62155
62156
62157
62158
62159
62160
62161
62162
62163
62164
62165
62166
62167
62168
62169
62170
62171
62172
62173
62174
62175
62176
62177
62178
62179
62180
62201
62202
62203
62204
62205
62236
62237
62238
78758
46159
46160
46161
46162
46163
46164
46165
46166
46167
46168
46169
46170
46171
46172
46173
46174
46175
46176
46177
46178
46179
46180
46181
46182
46183
46184
46185
46186
46187
46188
46189
46190
46191
46192
46193
46194
46195
46196
46197
46198
46199
46200
46201
46245
46246
46247
46248
46249
46395
46396
46397
46419
46420
46421
46422
46423
46424
46425
46426
46427
46428
46429
46430
46431
46432
46433
46434
46435
46436
46437
46438
46439
46440
46441
46442
46443
46444
46445
46446
46447
46448
46449
46450
46451
46452
46453
46454
46455
46456
46457
46458
46459
46460
46461
46462
46463
46464
46465
46466
46467
46468
46469
46470
46471
46472
46473
46474
46475
46476
46477
46478
46479
46480
46481
46482
46483
46484
46485
46486
46487
46488
46489
46490
46491
46492
46493
46494
46495
46496
46497
46498
46499
46500
46501
46502
46503
46504
46505
46506
46507
46508
46509
46510
46511
46512
46513
46514
46515
46516
46517
46518
46519
46520
46521
46522
46523
46524
46525
46526
46527
46528
46529
46530
46531
46532
46533
46534
46535
46536
46537
46538
46539
46540
46541
46542
46543
46544
46545
46546
46547
46548
46549
46550
46551
46552
46553
46554
46555
46556
46557
46558
46559
46560
46561
46562
46563
46564
46565
46566
46567
46568
46569
46570
46571
46572
46573
46574
46575
46576
46577
46578
46579
46580
46581
46582
46583
46584
46585
46708
46709
46710
46711
46712
79493
79494
79495
79496
63340
63341
63342
63355
63356
63357
63358
63359
63360
63361
63362
63363
63364
63365
63366
63367
63368
63369
63370
63371
63372
63373
63374
63375
63376
63377
63378
63379
63380
63381
63382
63383
63384
63385
63386
63387
63388
63389
63390
63391
63392
63393
63394
63395
63396
63397
63398
63399
63400
63401
63402
63403
63404
63405
63406
63407
63408
63409
63410
63411
63412
63413
63414
63415
63416
63417
63418
63419
63420
63421
63422
63423
63424
63428
63429
63430
63431
63432
63433
63434
63435
63436
63437
63438
63439
63440
63441
63442
63443
63444
63445
63446
63447
63448
63449
63456
63457
63481
63482
63485
63509
47322
47323
47324
47325
47326
47327
47328
47329
47330
47331
47332
47333
47334
47335
47336
47337
47338
47339
47340
47341
47342
47343
47344
47345
47346
47347
47348
47349
47350
47351
47352
47353
47396
47397
47398
47399
47400
47401
47447
47448
47449
47450
47451
47452
47520
47521
47522
47523
47524
47525
47526
47527
47637
47638
47639
47640
47641
47642
47643
47644
47645
47646
47647
47648
47649
47650
47651
47652
47653
47654
47655
47656
47657
47658
47659
47660
47661
47662
47663
47664
47665
47666
47667
47668
47669
47670
47671
47672
47673
47674
47675
47676
47677
47678
47679
47680
47681
47682
47683
47714
47715
47716
47717
47718
47719
47720
47721
47722
47723
47724
47725
47726
47727
47728
47729
47730
47731
47732
47733
47734
47735
47740
47741
47742
47743
47744
47745
47746
47747
47748
47749
47750
47751
47752
47753
47754
47755
47756
47757
47758
47759
47760
47761
47762
47763
47764
47765
47766
47767
47768
47769
47770
47771
47772
47773
47774
47775
47776
47777
47778
47779
47780
47781
47782
47783
47784
47785
47786
47787
47788
47789
47790
47791
47792
47793
47794
47795
47796
47797
47798
47799
47800
47801
47802
47803
47804
47805
47806
47807
47808
47809
47810
47811
47812
47813
47814
47815
47816
47817
47818
47819
47820
47821
47822
47823
47824
47825
47826
47827
47828
47829
47830
47831
47832
47833
47834
47835
47836
47837
47838
47839
47840
47841
47842
47851
47852
47861
47862
47863
47864
47865
47866
47867
47868
47869
47870
47871
47872
47873
47874
47875
47876
47877
47878
47879
47880
47881
47882
47883
47884
47885
47886
47887
47888
47889
47890
47891
47892
47893
47894
47895
47896
47897
47898
47899
47900
47901
47902
47903
47904
47905
47906
47907
47908
47909
47910
47911
47912
47913
47914
47915
47916
47917
47918
47919
47920
47921
47922
47923
47924
47925
47926
47927
47928
47929
47930
47931
47932
47933
47934
47935
47936
47937
47938
47941
47942
47943
47944
47945
47946
47947
47948
47949
47950
47951
47952
47953
47954
47955
47956
47957
47958
47959
47960
47961
47962
47963
47964
47965
47966
47967
47968
47969
47970
47971
47972
47973
47974
47975
47976
47977
47978
47979
47980
47981
47982
47983
47984
47985
47986
47987
47988
47989
47990
47991
47992
47993
47994
47995
47996
47997
47998
47999
48000
48001
48002
48003
48004
48005
48006
48007
48008
48009
48010
48011
48012
48013
48014
48015
48016
48017
48018
48019
48020
48021
48022
48023
48024
48025
48026
48027
48028
48029
48030
48031
48032
48033
48034
48035
48036
48037
48038
48039
48040
48041
48042
48043
48044
48045
48149
48150
48151
48152
48153
48154
48155
48156
48157
48158
48159
48160
48161
48162
48163
48164
48165
48166
48167
48168
48169
48170
48171
48172
48173
48174
48175
48176
48177
48178
48179
48180
48181
48182
48183
48184
48185
48186
48187
48188
48189
48190
48191
48192
48193
48194
48195
48196
48197
48198
48199
48200
48201
48202
48203
48204
48205
48206
48207
48208
48209
48210
48211
48212
48213
48214
48215
48216
48217
48218
48219
48220
48221
48222
48223
48224
48225
48226
48227
48228
48229
48230
48231
48232
48233
48234
48235
48236
48237
48238
48239
48240
48241
48242
48243
48244
48245
48246
48247
48248
48249
48250
48251
48252
48263
48264
48265
48266
48287
48288
48289
48290
64675
48291
64676
48292
48293
48294
48295
64680
48296
64681
48297
64682
48298
64683
48299
64684
48300
64685
48301
64686
48302
64687
48303
64688
48304
64689
48305
64690
48306
64691
48307
64692
48308
64693
48309
64694
48310
64695
48311
64696
48312
64697
48313
64698
48314
64699
48315
64700
48316
64701
48317
64702
48318
64703
48319
64704
48320
64705
48321
64706
48322
64707
48323
64708
48324
64709
48325
64710
48326
64711
48327
64712
48328
64713
48329
64714
48330
64715
48331
64716
48332
64717
48333
64718
48334
64719
48335
64720
48336
64721
48337
64722
48338
64723
48339
64724
48340
64725
48341
64726
48342
64727
48343
64728
48344
64729
48345
64730
48346
64731
48347
64732
48348
64733
48349
64734
48350
64735
48351
64736
48352
64737
48353
64738
48354
64739
48355
64740
48356
64741
48357
64742
48358
64743
48359
64744
48360
64745
48361
64746
48362
64747
48363
64748
48364
64749
48365
64750
48366
64751
48367
64752
48368
64753
48369
64754
48370
64755
48371
64756
48372
64757
48373
64758
48374
64759
48375
64760
48376
64761
48377
64762
48378
64763
48379
64764
48380
64765
48381
64766
48382
64767
48383
64768
48384
64769
48385
64770
48386
64771
48387
64772
48388
64773
48389
64774
48390
64775
48391
64776
48392
64777
48393
64778
48394
64779
48395
64780
48396
64781
48397
64782
48398
64783
48399
64784
48400
64785
48401
64786
48402
64787
48403
64788
48404
64789
48405
64790
48406
64791
48407
64792
48408
64793
48409
64794
48410
64795
48411
64796
48412
64797
48413
64798
48414
64799
48415
64800
48416
64801
48417
64802
48418
64803
48419
64804
48420
64805
48421
64806
48422
64807
48423
64808
48424
64809
48425
64810
48426
64811
48427
64812
48428
48429
48430
48431
48432
48433
48434
48435
48436
48437
64822
48438
48439
48440
48441
48442
48443
48444
64829
48445
48446
48447
48448
48449
48450
48451
48452
48453
64838
48454
64839
48455
64840
48456
64841
48457
64842
48458
64843
48459
64844
48460
64845
48461
64846
48462
64847
48463
64848
48464
64849
48465
64850
48466
64851
48467
64852
48468
64853
48469
64854
48470
64855
48471
64856
48472
64857
48473
64858
48474
64859
48475
64860
48476
64861
48477
64862
48478
64863
48479
64864
48480
64865
48481
64866
48482
64867
48483
64868
48484
48485
48486
64871
48487
48488
48489
48490
48502
48503
48504
48505
48506
48507
48508
48509
48510
48511
48512
48513
48514
48515
48516
48517
48518
48519
48520
48521
48522
48523
48524
48525
48526
48527
48528
48529
48530
48531
48532
48533
48534
48535
48536
48537
48538
48539
48540
48541
48542
48543
48544
48545
48546
48547
48548
48549
48550
48551
48552
48553
48554
48555
48556
48557
48558
48559
48560
48561
48562
48563
48564
48565
48566
48567
48568
48569
48570
48571
48572
48573
48574
48575
48576
48577
48578
48579
48580
48581
48582
48583
48584
48585
48586
48587
48588
48589
48590
48591
48592
48593
48594
48595
48596
48597
48598
48599
48600
48601
48602
48603
48604
48605
48606
48607
48608
48609
48610
48611
48612
48613
48614
48615
48616
48617
48618
48619
48620
48621
48622
48623
48624
48625
48626
48627
48628
48629
48630
48631
48632
48633
48634
48635
48636
48637
48638
48639
48640
48641
48642
48643
48644
48645
48646
48647
48648
48649
48650
48651
48652
48653
48654
48655
48656
48657
48658
48659
48660
48661
48662
48686
48687
48688
48689
48690
48691
48692
48693
48694
48695
48696
48697
48698
48699
48700
48701
48702
48703
48704
48705
48706
48707
48708
48709
48710
48711
48731
48732
48733
48742
48743
48756
48757
48760
48761
48762
48763
48772
48773
48776
48777
48778
48779
48780
48781
48782
48783
48784
48785
48786
48787
48788
48789
48790
48791
48792
48793
48794
48795
48796
48797
48798
48799
48800
48801
48802
48803
48804
48805
48806
48807
48808
48809
48810
48811
48812
48813
48814
48815
48816
48817
48818
48819
48820
48833
48837
48838
48841
48842
48848
48849
48872
48873
48874
48875
48876
48877
48878
48879
48880
48881
48882
48883
48884
48885
48886
48887
48888
48889
48890
48891
48892
48893
48894
48895
48896
48897
48898
48899
48909
48910
48911
48915
48916
48917
48918
48919
48920
48921
48922
48923
48924
48925
48926
48927
48928
48929
48930
48931
48932
48933
48934
48935
48936
48937
48938
48939
48940
48941
48942
48943
48944
48945
48946
48947
48948
48949
48950
48951
48952
48953
48954
48955
48956
48957
48958
48959
48960
48961
48962
48963
48964
48965
48966
48967
48968
48969
48970
48971
48972
48973
48974
48975
48976
48977
48978
48979
48980
48981
48982
48983
48984
48985
48986
48987
48988
48989
48990
48991
48992
49042
49043
49044
49045
49046
49047
49048
49049
49050
49051
49052
49053
49054
49055
49056
49057
49058
49059
49060
49061
49062
49063
49068
49069
49070
49077
49078
49079
49080
49081
49082
49083
49084
49085
49086
)


// ************************************************************************* //
