/*--------------------------------*- C++ -*----------------------------------*\
| =========                 |                                                 |
| \\      /  F ield         | OpenFOAM: The Open Source CFD Toolbox           |
|  \\    /   O peration     | Version:  2212                                  |
|   \\  /    A nd           | Website:  www.openfoam.com                      |
|    \\/     M anipulation  |                                                 |
\*---------------------------------------------------------------------------*/
FoamFile
{
    version     2.0;
    format      ascii;
    arch        "LSB;label=32;scalar=64";
    class       cellSet;
    location    "constant/polyMesh/sets";
    object      Cylinder;
}
// * * * * * * * * * * * * * * * * * * * * * * * * * * * * * * * * * * * * * //


7878
(
65536
65537
65538
65539
65540
65541
65542
65543
65544
65545
65546
65547
65548
65549
65550
65551
65552
65553
65554
65555
65556
65557
65558
65559
65560
65561
65562
65563
65564
65565
65566
65567
65568
65569
65570
65571
65572
65573
65574
65575
65576
65577
65578
65579
65580
65581
65582
65583
65584
65585
65586
65587
65588
65589
65590
65591
65592
65593
65594
65595
65596
65597
65598
65599
65600
65601
65602
65603
65604
65605
65606
65607
65608
65609
65610
65611
65612
65613
65614
65615
65616
65617
65618
65619
65620
65621
65622
65623
65624
65625
65626
65627
65628
65629
65630
65631
65632
65633
65634
65635
65636
65637
65638
65639
65640
65641
65642
65643
65644
65645
65646
65647
65648
65649
65650
65651
65652
65653
65654
65655
65656
65657
65658
65659
65660
65661
65662
65663
65664
65665
65666
65667
65668
65669
65670
65671
65672
65673
65674
65675
65676
65677
65678
65679
65680
65681
65682
65683
65684
65685
65686
65687
65688
65689
65690
65691
65692
65693
65694
65695
65696
65697
65698
65699
65700
65701
65702
65703
65704
65705
65706
65707
65708
65709
65710
65711
65712
65713
65714
65715
65716
65717
65718
65719
65720
65721
65722
65723
65724
65725
65726
65727
65728
65729
65730
65731
65732
65733
65734
65735
65736
65737
65738
65739
65740
65741
65742
65743
65744
65745
65746
65747
65748
65749
65750
65751
65752
65753
65754
65755
65756
65757
65758
65759
65760
65761
65762
65763
65764
65765
65766
65767
65768
65769
65770
65771
65772
65773
65774
65775
65776
65777
65778
65779
49598
49599
49600
49601
49602
49603
49604
49605
49606
49607
49608
49609
49610
49611
49612
49613
49614
49615
49616
49617
49618
49619
49620
49621
49622
49623
49624
49625
49626
49627
49628
49629
49630
49631
479
49632
480
49633
481
49634
482
49635
49637
49638
49639
49641
49642
49643
49644
49645
49646
49647
49648
49649
49650
49651
49652
49654
49655
49656
49657
49658
49659
49660
49661
49674
49675
49676
49677
49678
49679
49680
49681
49682
49683
49684
49685
49686
49687
49688
49689
49690
49691
49692
49693
49694
49696
49697
49698
49699
49700
49701
49702
49703
49704
49705
49706
49707
49708
49709
49710
49712
49713
49714
49715
49716
49717
49718
49719
49720
49721
49722
49723
49724
49725
49726
49727
49728
49729
49730
49731
49732
49734
49735
49736
49737
49738
49739
49740
49741
49742
49743
49744
49745
49746
49747
49748
49749
49750
49751
49753
49754
49755
49756
49757
49758
49759
49760
49761
49763
49764
49765
49767
49768
49769
49770
49771
49772
49773
49774
49775
49776
49777
49778
49779
49780
49781
49782
49783
49784
49785
49786
49787
49788
49789
49791
49792
49793
49794
49795
49796
49797
49798
49799
49800
49801
49802
49803
49804
49805
49806
49807
49808
49809
49810
49811
49812
49814
49815
49816
49817
49818
49819
49821
49822
49823
49824
49826
49827
49828
49829
49830
49831
49832
49833
49834
49835
49836
49837
49838
49839
49840
49841
49842
49843
49844
49845
49846
49847
49848
49849
49850
49851
49852
49853
49854
49855
49856
49857
49858
49859
49860
49861
49863
49864
49865
49867
49868
49869
49871
49872
49905
49906
49907
49908
49917
49918
49919
49920
49921
49922
49923
49924
49925
49926
49927
49928
49929
49930
49931
49932
49933
49934
49935
49936
49937
49938
49939
49940
49941
49942
49943
49944
49945
49946
49947
49948
49949
49950
49951
49952
49953
49955
49956
49957
49959
49960
49961
49962
49963
49964
49965
49966
49967
49968
49969
49970
49971
49972
49974
49975
49977
49978
49979
49980
49981
49982
49983
49984
49985
49986
49987
49988
49989
49990
49991
49992
49993
50009
50010
50012
50019
50020
50021
50022
50023
50024
50025
50026
50027
50028
50029
50030
50031
50032
50033
50034
50035
50036
50037
50038
50039
50040
50041
50042
50043
50044
50045
50046
50047
50048
50049
50050
50051
50052
50053
50054
50055
50056
50057
50058
50059
50060
50061
50062
50063
50064
50065
50066
50067
50068
50069
50070
50071
50072
50073
50074
50075
50076
50077
50078
50079
50080
50081
50082
50083
50084
50085
50086
50087
50088
50089
50090
50091
50092
50093
50094
50095
50096
50097
50098
50099
50100
50101
50102
50103
50104
50105
50106
50107
50108
50109
50110
50111
50117
50119
50164
50165
50166
50167
50168
50169
50170
50171
50172
50173
50174
50175
50176
50177
50178
50179
50180
50181
50182
50183
50184
50185
50186
50187
50188
50189
50190
50191
50192
50193
50194
50195
50196
50197
50199
50200
50201
50202
50204
50205
50206
50207
50208
50209
50211
50212
50213
50214
50215
50216
50217
50218
50219
50220
50221
50222
50223
50224
50225
50226
50227
50228
50229
50230
50231
50232
50233
50234
50235
50236
50237
50238
50239
50240
50241
50242
50243
50244
50245
50246
50247
50248
50249
50251
50253
50254
50255
50256
50257
50258
50259
50260
50261
50262
50263
50264
50265
50266
50267
50268
50269
50270
50271
50272
50273
50274
50275
50276
50277
50278
50279
50280
50281
50282
50283
50284
50286
50287
50289
50290
50291
50292
50293
50294
50295
50296
50297
50298
50299
50300
50301
50302
50303
50304
50305
50306
50307
50308
50309
50310
50311
50312
50313
50314
50316
50317
50318
50319
50320
50321
50322
50323
50324
50325
50326
50327
50328
50330
50331
50332
50333
50334
50335
50336
50337
50338
50339
50340
50341
50342
50343
50344
50345
50346
50347
50348
50349
50350
50351
50352
50353
50354
50355
50356
50357
50358
50359
50360
50361
50362
50363
50364
50365
50366
50367
50368
50369
50370
50371
50372
50373
50374
50375
50376
50377
50378
50379
50380
50381
50382
50383
50384
50385
50386
50387
50388
66773
50389
66774
50390
66775
50391
66776
50392
66777
50393
66778
50394
66779
50395
66780
50396
66781
50397
66782
50398
66783
50399
66784
50400
66785
66786
50402
66787
66788
66789
66790
66791
66792
66793
66794
66795
66796
66797
66798
66799
66800
66801
66802
66803
66804
66805
66819
66820
66822
66823
66824
66825
66826
66827
66828
66829
66830
66831
66832
50450
50451
50452
50453
50588
50589
50590
50591
50592
50593
50594
50595
50596
50605
50606
50607
50608
50609
50610
50611
50612
50613
50614
50615
50616
50617
50618
50619
50620
50622
50623
50624
50625
50626
50627
50628
50629
50630
50631
50633
50634
50635
50636
50637
50638
50639
50640
50641
50642
50643
50644
50645
50646
50647
50648
50649
50650
50651
50652
50653
50654
50655
50656
50657
50658
50659
50660
50661
50662
50663
50664
50665
50666
50667
50668
50669
50670
50671
50672
50673
50674
50675
50676
50677
50678
50679
50680
50681
50682
50683
50684
50685
50686
50687
50688
50689
50690
50691
50692
50693
50694
50695
50696
50697
50698
50699
50700
50701
50702
50703
50704
50705
50706
50707
50708
50709
50710
50711
50712
50713
50714
50715
50716
50717
50718
50719
50720
50721
50722
50731
50732
50733
50734
50735
50736
50737
50738
50739
50740
50741
50742
50743
50744
50745
50746
50747
50748
50749
50750
50751
50752
50753
50754
50755
50756
50757
50758
50759
50760
50761
50762
50763
50764
50765
50766
50767
50769
50770
50771
50772
50773
50774
50775
50776
50777
50778
50779
50780
50781
50782
50783
50784
50785
50786
50787
50788
50789
50790
50791
50792
50793
50794
50795
50796
50797
50798
50799
50800
50801
50802
50803
50804
50805
50806
50807
50808
50809
50810
50811
50812
50818
50819
50820
50883
50884
50885
50886
50887
50888
50889
50890
50891
50892
50893
50894
50895
50896
50897
50898
50899
50900
50901
50902
50904
50905
50906
50907
50908
50909
50910
50911
50912
50913
50914
50915
50916
50917
50918
50919
50920
50921
50922
50923
50925
50926
50927
50928
50929
50930
50931
50932
50933
50934
50935
50936
50937
50938
50939
50940
50941
50942
50944
50945
50946
50947
50949
50950
50951
50952
50953
50954
50955
50956
50957
50958
50959
50960
50961
50962
50963
50964
50965
50966
50967
50968
50969
50970
50971
50972
50974
50975
50976
50977
50978
50979
50980
50981
50982
50983
50984
50985
50986
50987
50988
50989
50990
50991
50992
50993
51003
51004
51005
51006
51007
51008
51009
51010
51011
51012
51013
51014
51015
51016
51017
51018
51019
51020
51021
51022
51023
51024
51025
51026
51027
51028
51029
51030
51031
51032
51033
51034
51035
51036
51037
51038
51039
51040
51041
51043
51044
51045
51046
51047
51048
51049
51050
51051
51052
51053
51054
51055
51056
51057
51058
51059
51060
51061
51062
51063
51064
51066
51067
51068
51070
51071
51072
51073
51074
51075
51076
51077
51078
51079
51080
51081
51082
51083
51084
51085
51086
51087
51088
51089
51090
51091
51092
51093
51094
51095
51096
51097
51098
51099
51100
51101
51102
51103
51105
51106
51108
51109
51110
51111
51112
51113
51114
51116
51117
51118
51119
51120
51121
51122
51123
51125
51126
51127
51128
51129
51130
51131
51132
51133
51135
51136
51137
51138
51139
51140
51141
51142
51144
51145
51146
51147
51148
51149
51150
51151
51152
51153
51154
51155
51156
51157
51158
51160
51161
51162
51163
51164
51166
51167
51168
51169
51170
53795
53796
53802
53803
53809
53810
53816
53817
53818
53819
53828
53829
53830
53831
53832
53833
53834
53835
53836
53837
53838
53839
53840
53841
53842
53843
53844
53845
53846
53847
53848
53849
53850
53851
53852
53853
53854
53855
53856
53857
53858
53861
53863
53965
53966
53967
53968
53969
53970
53971
53972
53973
53974
53975
53976
53977
53978
53979
53980
53981
53982
53983
53984
53985
53986
53987
53988
53990
53991
53992
53993
53994
53995
53996
53997
53998
53999
54000
54001
54002
54003
54004
54005
54006
54008
54009
54010
54011
54012
54013
54014
54016
54017
54018
54019
54020
54021
54022
54023
54024
54025
54026
54027
54028
54029
54030
54031
54032
54033
54034
54035
54036
54038
54039
54040
54041
54042
54043
54044
54045
54046
54047
54048
54049
54050
54051
54052
54053
54054
54055
54056
54058
54059
54060
54061
54063
54064
54065
54066
54067
54068
54069
54070
54071
54072
54073
54074
54075
54076
54077
54078
54079
54080
54081
54082
54083
54084
54085
54086
54087
54088
54089
54090
54092
54093
54094
54096
54097
54098
54099
54100
54101
54102
54103
54104
54105
54106
54107
54108
54109
54110
54111
54112
54113
54114
54115
54116
54117
54118
54119
54357
54358
54359
54360
54361
54362
54363
54364
54365
54366
54367
54368
54369
54370
54371
54372
54373
54374
54375
54377
54378
54379
54380
54381
54382
54384
54385
54386
54387
54389
54390
54391
54392
54393
54394
54395
54396
54397
54398
54399
54400
54401
54402
54403
54404
54405
54406
54407
54408
54409
54410
54411
54412
54413
54414
54415
54416
54417
54418
54420
54421
54422
54424
54425
54426
54427
54428
54429
54430
54431
54432
54433
54434
54435
54436
54437
54438
54439
54440
54441
54442
54443
54444
54445
54446
54447
54448
54449
54450
54451
54452
54453
54454
54455
54456
54457
54458
54459
54460
54461
54462
54463
54464
54465
54466
54467
54468
54469
54470
54471
54472
54473
54474
54475
54477
54478
54479
54481
54482
54483
54485
54486
54487
54488
54489
54490
54491
54492
54494
54495
54496
54497
54498
54499
54500
54502
54503
54504
54505
54506
54507
54508
54509
54510
54511
54512
54513
54514
54515
54517
54518
54519
54520
54521
54522
54537
54538
54541
54542
54545
54546
54547
54548
54549
54550
54551
54561
54562
54563
54564
54565
54566
54567
54568
54569
54570
54571
54572
54573
54574
54575
54576
54577
54578
54579
54580
54581
54582
54583
54584
54585
54586
54587
54588
54589
54590
54591
54592
54593
54594
54595
54596
54597
54598
54599
54600
54601
54614
54615
54616
54617
54618
54619
54620
54621
54622
54623
54624
54625
54626
54627
54628
54629
54630
54631
54632
54638
54639
54640
54646
54647
54648
54649
54650
54651
54652
54653
54654
54655
54656
54657
54658
54659
54660
54661
54662
54663
54664
54665
54666
54667
54668
54669
54670
54671
54672
54673
54674
54675
54676
54677
54678
54679
54680
54681
54682
54683
54684
54685
54686
54687
54688
54689
54690
54691
54693
54694
54696
54697
54698
54699
54700
54701
54702
54703
54705
54706
54707
54708
54709
54710
54711
54713
54714
54715
54716
54717
54718
54719
54720
54721
54723
54724
54726
54727
54728
54729
54730
54731
54732
54733
54734
54735
54736
54737
54738
54739
54740
54741
54742
54743
54744
54745
54746
54747
54748
54749
54750
54751
54752
54753
54754
54755
54756
54757
54758
54759
54760
54761
54762
54763
54764
54765
54766
54767
54768
54769
54770
54771
54772
54773
54774
54775
54776
54777
54778
54779
54780
54781
54782
54783
54784
54785
54786
54787
54788
54789
54790
54791
54792
54793
54794
54795
54796
54797
54798
54799
54800
54801
54802
54803
54804
54805
54806
54807
54808
54809
54810
54811
54812
54813
54857
54858
54859
54860
54861
54862
54865
54866
54867
54868
54869
54870
54871
54872
54873
54874
54875
54876
54877
54878
54879
54880
54881
54882
54883
54884
54885
54886
54887
54888
54899
54900
54901
54902
54903
54904
54905
54906
54907
54908
54909
54910
54911
54912
54913
54914
54915
54916
54917
54918
54919
54920
54922
54923
54924
54925
54927
54928
54929
54930
54931
54932
54933
54934
54935
54936
54937
54938
54940
54941
54942
54943
54944
54945
54946
54947
54948
54949
54950
54951
54952
54953
54954
54955
54956
54957
54958
54959
54960
54961
54962
55038
55039
55040
55041
55042
55043
55044
55045
55046
55047
55048
55049
55050
55051
55052
55053
55054
55055
55056
55057
55058
55059
55060
55061
55062
55063
55064
55065
55066
55067
55068
55069
55070
55071
55072
55074
55075
55076
55077
55078
55080
55081
55082
55083
55084
55085
55086
55087
55088
55089
55090
55091
55092
55093
55094
55095
55096
55097
55098
55099
55100
55101
55102
55103
55111
55112
55113
55114
55115
55116
55117
55118
55119
55120
55121
55122
55123
55124
55125
55126
55127
55128
55129
55130
55131
55132
55133
55134
55135
55136
55137
55138
55139
55140
55141
55142
55143
55145
55146
55147
55148
55149
55150
55151
55153
55154
55155
55156
55157
55158
55159
55161
55162
55163
55164
55165
55166
55167
55168
55169
55170
55171
55172
55173
55174
55175
55177
55178
55179
55180
55182
55183
55184
55185
55186
55187
55188
55189
55190
55191
55192
55193
55194
55195
55196
55197
55198
55199
55200
55201
55202
55203
55204
55205
55206
55207
55208
55209
55210
55211
55212
55213
55214
55215
55216
55217
55218
55219
55220
55221
55222
55223
55224
55225
55226
55227
55228
55230
55231
55232
55233
55234
55235
55236
55237
55238
55239
55240
55241
55242
55243
55244
55245
55246
55247
55258
55259
55261
55267
55268
55269
55270
55271
55272
55273
55279
55281
55282
55283
55286
55287
55292
55293
55294
55295
55296
55297
55298
55299
55300
55301
55302
55303
55304
55305
55306
55307
55308
55309
55310
55311
55312
55313
55314
55315
55316
55317
55318
55319
55320
55321
55322
55323
55324
55325
55326
55327
55328
55329
55330
55331
55332
55333
55334
55335
55336
55337
55338
55339
55340
55341
55342
55343
55344
55345
55346
55347
55348
55349
55350
55351
55352
55353
55354
55355
55356
55357
55358
55359
55360
55361
55362
55364
55365
55366
55367
55368
55369
55370
55371
55372
55423
55424
55425
55426
55427
55428
55429
55430
55431
55432
55433
55434
55435
55436
55437
55438
55439
55440
55441
55442
55443
55444
55445
55446
55447
55448
55449
55450
55451
55452
55453
55454
55455
55456
55457
55458
55459
55460
55461
55462
55463
55464
55465
55466
55467
55468
55469
55470
55471
55472
55473
55474
55476
55477
55478
55479
55481
55482
55483
55484
55485
55486
55488
55489
55490
55491
55492
55493
55494
55495
55496
55497
55499
55524
55525
55526
55527
55528
55529
55530
55531
55532
55533
55534
55535
55536
55537
55538
55539
55541
55542
55543
55544
55545
55546
55547
55548
55549
55550
55551
55552
55553
55554
55555
55556
55557
55558
55561
55562
55566
55567
55568
55569
72985
72986
72987
72988
72989
72990
72991
7638
7639
7640
7641
7642
7643
7644
7645
7646
7647
7648
7649
7650
7651
7652
7653
7654
7655
7656
7657
7658
7659
7660
7661
7662
7663
7664
7665
7666
7667
7668
7669
7670
7671
7672
7673
7674
7675
7676
7677
7678
7679
7680
7681
7682
7683
7684
7685
7686
7687
7688
7689
7690
7691
7692
7693
7694
7695
7696
7697
7698
7699
7700
7701
7702
7703
7704
7705
7706
7707
7708
7709
7710
7711
7712
7713
7714
7715
7716
7717
7718
7719
7720
7721
7722
7723
7724
7725
7726
7727
7728
7729
7730
7731
7732
7733
7734
7735
7736
7737
7738
7739
7740
7741
7742
7743
7744
7745
7746
7747
7748
7749
7750
7751
7752
7753
7754
7755
7756
7757
7758
7759
7760
7761
7762
7763
7764
7765
7766
7767
7768
7769
7770
7771
7772
7773
7774
7775
7776
7777
7778
7779
7780
7781
7782
7783
7784
7785
7786
7787
7788
7789
7790
7791
7792
7793
7794
7795
7796
7797
7798
7799
7800
7801
7802
7803
7804
7805
7806
7807
7808
7809
7810
7811
7812
7813
7814
7815
7816
7817
7818
7819
7820
7821
7822
7823
7824
7825
7826
7827
7828
7829
7830
7831
7832
7833
7834
7835
7836
7837
7838
7839
7840
7841
7842
7843
7844
7845
7846
7847
7848
7849
7850
7851
7852
7853
7854
7855
7856
7857
7858
7859
7860
7861
7862
7863
7864
7865
7866
7867
7868
7869
7870
7871
7872
7873
7874
7875
7881
7882
7883
7884
7885
7886
7887
7889
7890
7891
7892
7893
7894
7895
7896
7897
73651
73652
73653
73659
73660
73661
73662
73663
73664
73665
73666
73672
73703
73704
73705
73706
73707
73708
73709
73711
73712
73713
73714
73715
73716
73717
73718
73719
73720
73781
73782
73783
73784
73785
73786
73787
73788
73789
73790
73791
73792
73793
73794
73795
73796
73797
73798
73799
73800
73801
73802
73803
73804
73805
73806
73807
73808
73809
73810
73811
73812
73813
73814
73815
73816
73817
73818
73819
73820
73821
73822
73823
73824
73825
73826
73827
73830
73831
73832
73841
73842
73843
8315
8316
8321
8322
8326
8327
8333
8334
8337
8338
8355
8356
8357
8358
8359
8360
8361
8362
8363
8364
8365
8366
8367
8368
8369
8370
8371
8372
8373
8374
8375
8376
8377
8378
8379
8380
8381
8382
8383
8384
8385
8386
8387
8388
8389
8390
8391
8392
8393
8394
8395
8396
8397
8398
8399
8400
8401
8402
8403
8404
8405
8406
8407
8408
8409
8410
8411
8412
8413
8414
8415
8416
8417
8418
8419
8420
8421
8422
8423
8424
8425
8426
8427
8428
8429
8430
8431
8432
8433
8434
8435
8436
8437
8438
8439
8440
8441
8442
8443
8444
8445
8446
8447
8448
8449
8450
8451
8452
8453
8454
8455
8456
8457
8458
8459
8460
8461
8462
8463
8464
8465
8466
8467
8468
8469
8470
8471
8472
8473
8474
8475
8476
8477
8478
8479
8480
8481
8482
8483
8484
8485
8486
8487
8488
8489
8490
8491
8492
8493
8494
8495
8496
8497
8498
8499
8500
8501
8502
8503
8504
8505
8506
8507
8508
8509
8510
8511
8512
8513
8514
8515
8516
8517
8518
8519
8520
8521
8522
8523
8524
8525
8526
8527
8528
8529
8530
8531
8532
8533
8534
8535
8536
8537
8538
8539
8540
8541
8542
8543
8544
8545
8546
8547
8548
8549
8550
8551
8552
8553
8554
8555
8556
8557
8558
8559
8560
8561
8562
8563
8564
8565
8566
8567
8568
8569
8570
8571
8572
8573
8574
8575
8576
8577
8578
8579
8580
8581
8582
8583
8584
8585
8586
8587
8588
8589
8590
8591
8592
8593
8594
8595
8596
8597
8598
8599
8600
8601
8602
8603
8604
8605
8606
8607
8608
8609
8610
8611
8612
8613
8614
8615
8616
8617
8618
8619
8620
8621
8622
8623
8624
8625
8626
8627
8628
8629
8630
8631
8632
8633
8634
8635
8636
8637
8638
8639
8640
8641
8642
8643
8644
8645
8646
8647
8648
8649
8650
8651
8652
8653
8654
8655
8656
8657
8658
8659
8660
8661
8662
8663
8664
8665
8666
8667
8668
8669
8670
8671
8672
8673
8674
8675
8676
8677
8678
8679
8680
8681
8682
8683
8684
8685
8686
8687
8688
8689
8690
8691
8692
8693
8694
8695
8696
8697
8698
8699
8700
8701
8702
8703
8704
8705
8706
8707
8708
8709
8710
8711
8712
8713
8714
8715
8716
8717
8718
8719
8720
8721
8722
8723
8724
8725
8726
8727
8728
8729
8730
8731
8732
8733
8734
8735
8736
8737
8738
8739
8740
8741
8742
8743
8744
8745
8746
8747
8748
8749
8750
8751
8752
8753
8754
8755
8756
8757
8758
8759
8760
8761
8762
8763
8764
8765
8766
8767
8768
8769
8770
8771
8772
8773
8774
8775
8776
8777
8778
8779
8780
8781
8782
8783
8784
8785
8786
8787
8788
8789
8790
8791
8792
8793
8794
8795
8796
8797
8798
8799
8800
8801
8802
8803
8804
8805
8806
8807
8808
8809
8810
8811
8812
8813
8814
8815
8816
8817
8818
8819
8820
8821
8822
8823
8824
8825
8826
8827
8828
8829
8830
8831
8832
8833
8834
8835
8836
8837
8838
8839
8840
8841
8842
8843
8844
8845
8846
8847
8848
41617
8849
41618
8850
8851
8852
8853
8854
8855
8856
8857
8858
8859
8860
41629
8861
41630
8862
41631
8863
41632
8864
41633
8865
41634
8866
41635
8867
41636
8868
41637
8869
41638
8870
41639
8871
41640
8872
41641
8873
41642
8874
41643
8875
41644
8876
41645
8877
41646
8878
41647
8879
41648
8880
41649
8881
41650
8882
41651
8883
41652
8884
41653
8885
41654
8886
41655
8887
41656
8888
41657
8889
41658
8890
41659
8891
41660
8892
41661
8893
8894
8895
8896
8897
8898
8899
8900
8901
8902
8903
8904
8905
8906
8907
8908
8909
8910
8911
8912
8913
8914
8915
8916
8917
8918
8919
8920
41689
8921
41690
8922
41691
8923
41692
8924
41693
8925
8926
8927
41696
8928
41697
8929
41698
8930
8931
8932
8933
8934
8935
8936
8937
8938
8939
8940
8941
8942
8943
8944
8945
8946
8947
8948
8949
8950
8951
8952
8953
8954
8955
8956
8957
8958
8959
8960
8961
8962
8963
8964
8965
8966
8967
8968
8969
8970
8971
8972
8973
8974
8975
8976
8977
8978
8979
8980
8981
8982
8983
8984
8985
8986
8987
8988
8989
8990
8991
8992
8993
8994
8995
8996
8997
8998
8999
9000
9001
9002
9003
9004
9005
9006
9007
9008
9009
9010
9011
9012
9013
9014
9015
9016
9017
9018
9019
9020
9021
9022
9023
9024
9025
9026
9027
9028
9029
9030
9031
9032
9033
9034
9040
9041
9047
9048
9054
9055
9062
9063
9074
9075
9076
9083
9084
9085
9089
9090
9091
9092
9093
9094
9095
9096
9097
9098
74844
74845
74846
74847
74848
74849
74850
74851
74852
74854
74855
42095
42096
42103
42104
42105
42106
42107
42108
42109
42110
42111
42112
42113
42114
42115
42116
42117
42118
42119
42120
42121
42122
42123
42124
42125
42126
42127
42128
42136
42137
42138
42139
42140
42141
42142
42143
42144
42145
42146
42147
42148
42149
42150
42151
42152
42153
42154
42155
42156
42157
42158
42159
42160
42161
42162
42163
42164
42165
42166
42167
42168
42169
42170
42171
42172
42173
42192
42193
42194
42195
42196
42197
42198
42199
42200
42201
42202
42203
42204
42205
42206
42207
42208
42209
42210
42211
42212
42213
42214
42215
42216
42217
42218
42219
42220
42221
42222
42223
42224
42225
42226
42227
42228
42229
42230
42243
42244
42245
42246
42247
42248
42249
42250
42251
42252
42253
42254
42255
42256
42257
42258
42259
42260
42261
42262
42263
42264
42265
42266
42267
42268
42269
42270
42271
42272
42273
42274
42276
42277
42278
42279
42280
42281
42282
42283
42284
42285
42286
42287
42288
42289
42290
42291
42292
42293
42294
42295
42296
42297
42298
42299
42300
42301
42303
42304
42305
42306
42307
42308
42309
42310
42311
42312
42313
42314
42315
42316
42317
42318
42319
42320
42529
42530
42541
42542
42543
42544
42545
42546
42547
42548
42549
42550
42551
42552
42553
42554
42555
42556
42557
42558
42559
42560
42561
42562
42563
42564
42565
42566
42567
42568
42569
42570
42571
42572
42573
42574
42575
42576
42577
42578
42579
42580
42581
42582
42584
42587
42588
42589
42590
42591
42592
42593
42594
42595
42596
42597
42598
42599
42600
42601
42602
42603
42604
42605
42606
42607
42608
42609
42610
42611
42612
42613
42614
42615
42616
42617
42618
42619
42620
42621
42622
42623
42624
42625
42626
42627
42628
42629
42630
42631
42632
42633
42634
42635
42636
42637
42638
42639
42640
42641
42642
42645
42646
42647
42648
42649
42650
42651
42652
42653
42654
42655
42656
42657
42663
42664
42665
42666
42667
42668
42673
42674
42675
42676
42677
42678
42679
42680
42681
42682
42683
42684
42685
42686
42687
42688
42689
42690
42691
42697
42698
42699
42700
42701
42702
42707
42708
42709
42710
42711
42712
42713
42721
42722
42723
42724
42725
42726
42727
42728
42729
42730
42731
42732
42733
42734
42735
42736
42737
42738
42739
42740
42741
42742
42743
42744
42745
42746
42747
42748
42749
42750
42751
42752
42753
42754
42755
42756
42757
42758
42759
42760
42761
42762
42763
42764
42765
42766
42767
42768
42769
42770
42771
42772
42773
42774
42775
42776
42777
42778
42779
42780
42781
42782
42783
42784
42785
42786
42787
42788
42789
42790
42791
42792
42793
42794
42795
42796
42797
42798
42799
10031
42800
10032
42801
10033
42802
10034
42803
10035
42804
42805
10037
42806
10038
42807
10039
42808
10040
42809
10041
42810
10042
42811
10043
42812
10044
42813
10045
42814
10046
42815
10047
42816
10048
42817
10049
42818
10050
42819
10051
42820
10052
42821
10053
42822
10054
42823
10055
42824
10056
42825
10057
42826
10058
42827
10059
42828
10060
42829
10061
42830
10062
42831
10063
42832
10064
42833
10065
42834
10066
42835
10067
42836
10068
42837
10069
42838
10070
42839
10071
42840
10072
42841
10073
42842
10074
42843
10075
42844
10076
42845
10077
42846
10078
42847
10079
42848
10080
42849
10081
42850
10082
42851
10083
42852
10084
42853
10085
42854
10086
42855
10087
42856
10088
42857
10089
42858
10090
42859
10091
42860
10092
42861
10093
42862
10094
42863
10095
42864
10096
42865
10097
42866
10098
42867
10099
42868
10100
42869
10101
42870
10102
42871
10103
42872
10104
42873
10105
42874
10106
42875
10107
42876
10108
42877
10109
42878
10110
42879
10111
42880
10112
42881
10113
42882
10114
42883
10115
42884
10116
42885
10117
42886
10118
42887
10119
42888
10120
42889
10121
42890
10122
42891
10123
42892
10124
42893
10125
42894
10126
42895
10127
42896
10128
42897
10129
42898
10130
42899
10131
42900
10132
42901
10133
42902
10134
42903
10135
42904
10136
42905
10137
42906
10138
42907
10139
42908
10140
42909
10141
42910
10142
42911
10143
42912
10144
42913
10145
42914
10146
42915
10147
42916
10148
42917
10149
42918
10150
42919
10151
42920
10152
42921
10153
42922
10154
42923
10155
42924
10156
42925
10157
42926
10158
42927
10159
42928
10160
42929
10161
42930
10162
42931
10163
42932
10164
42933
10165
42934
10166
42935
10167
42936
10168
42937
10169
42938
10170
42939
10171
42940
10172
10173
10174
10175
10176
10177
10178
10179
42948
10180
42949
10181
10182
10183
10184
42953
10185
10186
10187
10188
42957
10189
42958
10190
42959
10191
42960
10192
10193
10194
10195
42964
10196
42965
10197
42966
10198
42967
10199
42968
10200
42969
10201
10202
10203
10204
10205
10206
42975
10207
42976
10208
42977
10209
42978
10210
10211
10212
42981
10213
42982
10214
42983
10215
42984
10216
42985
10217
42986
10218
42987
10219
42988
10220
42989
10221
10222
10223
42992
10224
42993
10225
42994
10226
42995
10227
42996
10228
42997
10229
42998
10230
42999
10231
43000
10232
43001
10233
43002
10234
43003
10235
43004
10236
43005
10237
43006
10238
43007
10239
43008
10240
43009
10241
43010
10242
43011
10243
43012
10244
43013
10245
43014
10246
43015
10247
43016
10248
43017
10249
43018
10250
43019
10251
43020
10252
43021
10253
43022
10254
43023
10255
43024
10256
10257
10258
10259
10260
10261
10262
10263
10264
10265
10266
10267
10268
43037
10269
43038
10270
43039
10271
43040
10272
43041
10273
43042
10274
43043
10275
43044
10276
43045
10277
43046
10278
43047
10279
43048
10280
43049
10281
43050
10282
43051
10283
43052
10284
43053
10285
43054
10286
43055
10287
43056
10288
43057
10289
43058
10290
43059
10291
10292
43061
10293
43062
10294
43063
10295
43064
10296
43065
10297
43066
10298
43067
10299
43068
10300
43069
10301
43070
10302
43071
10303
43072
10304
43073
10305
43074
10306
43075
10307
43076
10308
43077
10309
43078
10310
43079
10311
43080
10312
43081
10313
43082
10314
43083
10315
43084
10316
43085
10317
43086
10318
43087
10319
43088
10320
43089
10321
43090
10322
43091
10323
43092
10324
43093
10325
43094
10326
43095
10327
43096
10328
43097
10329
43098
10330
43099
10331
43100
10332
43101
10333
43102
10334
43103
10335
43104
10336
43105
10337
43106
10338
43107
10339
43108
10340
43109
10341
43110
10342
43111
10343
43112
10344
43113
10345
43114
10346
43115
10347
43116
10348
43117
10349
43118
10350
43119
43120
43121
43122
43123
43124
43125
43126
43127
43129
43130
43131
43132
43133
43134
43135
43136
43137
43138
43139
43140
43141
43142
43143
43144
43145
43146
43147
43148
43149
43150
43151
43152
43153
43154
43155
43156
43157
43158
43159
43160
43162
43163
43164
43165
43166
43167
43168
43169
43171
43172
43174
43175
43176
43177
43178
43179
43180
43181
43182
43183
43184
43185
43186
43187
43188
43189
43190
43191
43192
43193
43194
43195
43196
43197
43198
43199
43200
43201
43202
43203
43204
43206
43207
43208
43209
43210
43211
43212
43213
43214
43215
43216
43217
43218
43219
43220
10452
43221
10453
10454
43223
10455
43224
10456
43225
10457
43226
10458
43227
10459
43228
10460
43229
10461
43230
10462
43231
10463
43232
10464
43233
10465
43234
10466
43235
10467
43236
10468
43237
10469
43238
10470
43239
10471
43240
10472
43241
10473
10474
43243
10475
43244
10476
43245
10477
43246
10478
43247
10479
43248
10480
10481
43250
10482
43251
10483
43252
10484
43253
10485
43254
10486
43255
10487
43256
10488
43257
10489
10490
10491
10492
10493
43262
10494
43263
10495
43264
10496
43265
10497
43266
10498
43267
10499
43268
10500
43269
10501
43270
10502
43271
10503
43272
10504
43273
10505
43274
10506
43275
10507
43276
10508
43277
10509
43278
10510
43279
10511
43280
10512
43281
10513
43282
10514
43283
10515
10516
43285
10517
43286
10519
43288
10520
43289
10521
43290
10522
10523
43292
10524
43293
43294
43295
43296
43297
43298
43299
43300
10532
43301
10533
43302
10534
43303
10535
43304
43305
10537
43306
10538
43307
10539
43308
10540
43309
10541
43310
10542
43311
10543
43312
10544
43313
10545
43314
10546
43315
10547
10548
43317
10549
43318
43319
43320
43321
43322
43323
10555
43324
10556
43325
10557
43326
43327
43328
43329
10562
43331
10563
43332
10564
43333
10565
43334
43335
43336
43337
43338
43339
43340
43341
43342
43343
43344
43345
43346
43347
43348
43349
43350
43351
43352
43353
10585
43354
10586
43355
10587
43356
10588
43357
10589
43358
43359
43362
43363
10595
43364
10596
43365
10597
43366
10603
43372
10604
43373
10605
43374
10606
43375
43376
43377
43378
43379
43380
43381
43382
43383
43384
43385
43386
43387
43388
43389
43390
43391
43392
43393
43394
10637
10642
10643
43413
43414
43415
43416
10648
43417
10649
43418
43419
10651
43420
10652
43421
10653
43422
10654
43423
10655
43424
43425
43426
43427
43428
43429
43430
43431
43432
43433
43434
43435
43436
43437
43438
43439
43440
43441
43442
43443
43462
43463
43464
43465
43466
43467
43470
43471
43476
43477
11208
11209
11212
11213
11219
11220
11223
11224
11241
11242
11243
11244
11245
11247
11248
11249
11250
11251
11252
11253
11254
11255
11256
11257
11258
11259
11260
11261
11262
11263
11264
11265
11266
11267
11268
11269
11270
11271
11272
11273
11274
11275
11276
11277
11278
11279
11280
11281
11282
11283
11284
11285
11286
11287
11288
11289
11290
11291
11292
11293
11294
11295
11296
11297
11298
11299
11300
11301
11302
11303
11304
11305
11306
11307
11308
11309
11310
11311
11312
11313
11314
11315
11316
11317
11318
11319
11320
11321
11322
11323
11324
11325
11326
11327
11328
11329
11330
11331
11332
11333
11334
11335
11336
11337
11338
11339
11340
11341
11342
11343
11344
11345
11346
11347
11348
11349
11350
11351
11352
11353
11354
11355
11356
11357
11358
11359
11360
11361
11362
11363
11364
11365
11366
11367
11368
11369
11370
11371
11372
11373
11374
11375
11376
11377
11378
11379
11380
11381
11382
11383
11384
11385
11386
11387
11388
11389
11390
11391
11392
11393
11394
11395
11396
11397
11398
11399
11400
11401
11402
11403
11404
11405
11406
11407
11408
11409
11410
11411
11412
11413
11414
11415
11416
11417
11418
11419
11420
11421
11422
11423
11424
11425
11426
11427
11449
11450
11451
11452
11453
11454
11455
11456
11457
11458
11459
11460
11461
11462
11463
11464
11465
11471
11472
11473
11479
11480
11486
11487
11493
11494
11500
11501
11507
11508
11509
11510
11511
11512
11513
11514
11515
11516
11517
11518
11519
11520
11521
11522
11523
11524
11525
11526
11527
11528
11529
11530
11531
11532
11533
11534
11535
11536
11537
11538
11539
11540
11541
11542
11543
11544
11545
11546
11547
11548
11549
11550
11551
11552
11553
11554
11555
11556
11557
11558
11559
11560
11561
11562
11563
11564
11565
11566
11567
11568
11569
11570
11571
11572
11573
11574
11575
11576
11580
11581
11582
11583
11584
11589
11593
11594
11595
11596
11597
11598
11599
11600
11601
11602
11603
11604
11605
11606
11607
11608
11609
11610
11611
11612
11613
11614
11615
11616
11617
11618
11619
11620
11621
11622
11623
11624
11636
11637
46470
46473
46474
46475
46476
46477
46478
46479
46480
46481
46482
46483
46484
46492
46493
46494
46495
46496
46497
46498
46499
46500
46501
46502
46503
46504
46505
46506
46507
46508
46509
46510
46511
46512
46513
46514
46515
46516
46517
46518
46519
46520
46521
46522
46523
46524
46525
46526
46527
46528
46529
46530
46531
46532
46533
46534
46535
46536
46537
46538
46539
46540
46541
46542
46543
46544
46660
46661
46662
46663
46664
46665
46666
46667
46668
46669
46670
46671
46672
46673
46674
46675
46676
46677
46679
46681
46682
46683
46684
46685
46686
46687
46688
46689
46690
46691
46692
46693
46694
46695
46696
46697
46698
46699
46700
46701
46702
46703
46704
46705
46706
46707
46708
46709
46710
46711
46712
46713
46714
46715
46716
46717
46718
46719
46720
46721
46722
46723
46724
46725
46726
46727
46728
46730
46731
46732
46733
46734
46735
46736
46737
46738
46739
46740
46741
46742
46744
46745
46746
46747
46748
46749
46750
46751
46752
46753
46754
46755
46756
46757
46758
46759
46760
46761
46762
46763
46764
46765
46767
46768
46769
46771
46772
46773
46774
46775
46776
46777
46778
46779
46780
46782
46783
46784
46786
46787
46788
46789
46790
46791
46792
46803
46804
46805
46806
46807
46808
46809
46810
46811
46812
46813
46814
46815
46816
46817
46818
46819
46820
46821
46822
46823
46824
46825
46826
46827
46828
46829
46830
46831
46832
46833
46834
46835
46836
46837
46838
46840
46841
46842
46843
46845
46846
46847
46848
46849
46850
46851
46852
46853
46854
46856
46857
46858
46859
46860
46861
46862
46863
46864
46865
46866
46867
46868
46870
46871
46872
46873
46874
46875
46876
46877
46878
46879
46880
46881
46882
46883
46884
46885
46886
46887
46888
46889
46890
46891
46892
46893
46894
46895
46896
46897
46898
46899
46900
46901
46903
46904
46905
46907
46908
46909
46910
46911
46912
46913
46914
46915
46916
46917
46918
46920
46921
46922
46923
46924
46925
46926
46927
46933
46934
46935
46936
46937
46938
46939
46940
46941
46942
46943
46944
46945
46946
46947
46948
46949
46950
46951
46952
46953
46954
46955
46956
46957
46958
46959
46960
46961
46962
46963
46964
46965
46966
46967
46968
46969
46970
46971
46972
46979
46980
46981
46982
46983
46984
46985
46986
46987
46988
46989
46990
46991
46992
46993
46994
46995
46996
46997
46998
46999
47000
47001
47002
47003
47004
47005
47006
47007
47008
47009
47010
47011
47012
47013
47014
47015
47016
47017
47018
47019
47020
47023
47024
47025
47026
47027
47028
47029
47030
47031
47032
47033
47034
47035
47036
47037
47038
47039
47040
47041
47042
47043
47044
47045
47046
47047
47048
47049
47050
47051
47052
47053
47054
47055
47056
47057
63972
63974
63975
63980
63981
63982
63983
63984
63985
63986
63990
63996
63997
63998
63999
64004
64005
64006
64007
64008
64009
64010
64011
64012
64013
64014
64015
64016
64017
64018
64019
64020
64021
64022
64023
64024
64025
64026
64027
64028
64029
64030
64031
64032
64034
64035
64036
64037
64038
64039
64040
64041
64042
64043
64044
64045
64046
64047
64048
64049
64050
64051
64052
64053
64054
64055
64057
64058
64059
64060
64061
64062
64064
64065
64066
64067
64068
64069
64070
64071
64072
64073
64074
64075
64076
64077
64078
64079
64080
64082
64083
64084
64085
64086
64088
64089
64090
64091
64092
64093
64094
64095
64096
64098
64099
64100
64101
64102
64103
64104
64105
64106
64107
64108
64109
64110
64111
47727
64112
64113
64115
64116
64117
64118
64119
64120
64121
64122
64123
64124
47740
64125
47741
64126
47742
64127
47743
64128
47744
47745
64130
47746
64131
47747
64132
47748
64133
47749
64134
47750
64135
47751
64136
47752
64137
47753
64138
47754
64139
47755
64140
47756
64141
47757
64142
47758
64143
47759
64144
47760
64145
47761
64146
47762
64147
47763
64148
47764
64149
47765
64150
47766
64151
47767
64152
47768
64153
47769
64154
47770
64155
47771
64156
47772
64157
47773
64158
47774
64159
47775
64160
47776
64161
47777
64162
47778
64163
47779
64164
47780
64165
47781
64166
47782
64167
47783
64168
47784
64169
47785
47786
64171
47787
64172
47788
64173
47789
64174
47790
64175
47791
64176
47792
64177
47793
47794
47795
47796
47797
47798
47799
47800
47801
47802
47803
47804
47805
47806
64191
47807
64192
47808
64193
47809
64194
47810
64195
47811
64196
47812
64197
47813
64198
47814
64199
47815
64200
47816
64201
47817
64202
47818
64203
47819
64204
47820
64205
47821
64206
47822
64207
47823
64208
47824
64209
47825
64210
47826
64211
47827
64212
47828
64213
47829
64214
47830
64215
47831
64216
47832
64217
47833
64218
47834
64219
47835
64220
47836
64221
47837
64222
47838
64223
47839
64224
47840
64225
47841
64226
47842
64227
47843
64228
47844
64229
47845
64230
47846
64231
47847
64232
47848
64233
47849
64234
47850
64235
47851
64236
47852
64237
47853
64238
47854
64239
47855
64240
47856
64241
64242
64243
64244
64245
64246
64247
64248
64249
64250
64251
64252
47868
64253
47869
64254
47870
64255
47871
64256
47872
64257
47873
64258
47874
64259
47875
64260
47876
64261
64262
47878
64263
47879
64264
47880
64265
47881
64266
47882
64267
47883
64268
47884
64269
47885
64270
47886
64271
47887
64272
47888
64273
47889
64274
47890
64275
47891
64276
47892
64277
47893
64278
47894
64279
47895
64280
47896
64281
47897
64282
47898
64283
47899
64284
47900
64285
47901
64286
47902
64287
47903
64288
47904
64289
47905
64290
47906
64291
47907
64292
47908
64293
47909
64294
47910
64295
47911
64296
47912
64297
47913
64298
47914
64299
64300
47916
64301
47917
64302
47918
64303
64304
47920
64305
47921
64306
47922
64307
47923
64308
47924
64309
47925
64310
64311
47927
64312
47928
64313
47929
64314
47930
64315
64316
47932
64317
47933
64318
47934
64319
64320
64321
64322
47938
64323
47939
64324
47940
64325
47941
64326
47942
64327
47943
64328
47944
64329
47945
64330
47946
64331
47947
64332
47948
64333
47949
64334
47950
64335
47951
64336
47952
64337
47953
64338
47954
64339
47955
64340
47956
64341
47957
64342
47958
64343
47959
64344
47960
64345
47961
64346
47962
64347
47963
64348
47964
64349
47965
64350
47966
64351
47967
64352
47968
64353
47969
64354
47970
64355
47971
64356
64357
64358
64359
47975
64360
47976
64361
47977
64362
47978
64363
47979
64364
64365
64366
64367
47983
64368
64369
64370
64371
64372
64373
64374
64375
64376
64377
64378
64379
64380
64381
64382
64383
64384
64385
64386
64387
64400
64401
64402
64403
64404
64405
64406
64408
64409
64410
64411
64425
64426
64427
64428
64429
64430
64431
64432
64433
64434
64435
64436
64437
64438
64439
64440
64441
64442
64443
64444
64445
48061
64446
48062
64447
48063
64448
48064
64449
64450
64451
48067
64452
48068
64453
48069
64454
48070
64455
48071
64456
48072
64457
48073
64458
48074
64459
48075
64460
48076
64461
48077
64462
48078
64463
48079
64464
48080
64465
48081
64466
48082
64467
48083
64468
48084
64469
48085
64470
48086
64471
48087
64472
48088
64473
48089
64474
48090
64475
48091
64476
48092
64477
48093
64478
48094
64479
48095
64480
48096
64481
48097
64482
48098
64483
48099
64484
48100
64485
48101
64486
48102
64487
48103
48104
64489
48105
64490
48106
64491
48107
64492
48108
64493
48109
64494
48110
64495
48111
64496
48112
64497
48113
64498
48114
64499
48115
64500
48116
64501
48117
64502
48118
64503
48119
64504
48120
64505
48121
64506
48122
64507
48123
64508
48124
64509
48126
64511
48127
64512
48128
64514
48130
64515
48131
64516
48132
64517
48133
64518
48134
64519
48135
64520
48136
48137
64522
48138
48139
48140
48141
48143
48144
48145
48146
48147
48148
48149
48150
48151
48152
48153
48154
48155
48156
48157
48158
48159
48160
48161
48162
48163
48164
48165
48166
48167
48168
64554
48170
64555
48171
64556
48172
64557
48173
64558
48174
64559
48175
64560
48176
64561
48177
64562
48178
64563
48179
64564
48180
64565
48181
64566
48182
64567
48183
48184
48185
48186
64571
48187
64572
48188
64573
48189
64574
48190
64575
48191
64576
48192
64577
48193
64578
48194
64579
48195
64580
48196
64581
48197
64582
48198
64583
48199
48200
48201
64586
48202
48203
48204
48205
48206
48207
64592
48208
64593
48209
64594
48210
48211
48213
48214
48215
48217
48218
48219
48220
48221
48222
64607
48223
64608
48224
64609
64610
48226
64611
48227
64612
48228
64613
48229
64614
48230
64615
64616
48232
64617
48233
64618
48234
64619
48235
64620
48236
64621
48237
48238
48239
48240
48241
48242
64627
48243
64628
48244
64629
48245
64630
48246
48247
48248
48249
48250
64635
48251
48252
64637
48253
64638
64639
48255
64640
48256
64641
48257
64642
48258
64643
48259
64644
48260
64645
64646
48262
64647
48263
64648
48264
64649
48265
64650
48266
64651
48267
64652
48268
64653
48269
64654
48270
64655
48271
64656
48272
64657
48273
64658
48274
64659
48275
64660
48276
64661
48277
64662
48278
64663
48279
64664
48280
64665
48281
64666
48282
64667
48283
64668
48284
64669
48285
64670
48286
64671
48287
64672
48288
64673
48289
64674
48290
64675
48291
64676
48292
64677
48293
64678
48294
64679
64680
48296
64681
48297
64682
48298
64684
48300
64685
48301
64686
48302
64687
48303
64688
48304
64689
48305
64690
48306
64691
48307
64692
48308
64693
64694
64695
64696
64697
64698
64699
64700
64701
64702
64703
64704
64705
64706
64707
64708
64709
64710
64711
64712
64713
64714
64715
64716
64717
64718
64719
64720
64721
64722
64723
64724
64725
64726
64727
48343
64728
48344
64729
48345
64730
48346
64731
48347
64732
48348
64733
48349
64734
48350
64735
48351
48352
64737
48353
64738
48354
64739
48355
64740
48356
64741
48357
64742
48358
64743
48359
64744
48360
48361
64746
48362
64747
48363
64748
48364
64749
48365
64750
48366
64751
48367
64752
48368
64753
48369
64754
48370
64755
48371
64756
48372
64757
48373
64758
48374
64759
48375
64760
64761
48377
64762
48378
64763
48379
64764
48380
64765
48381
64766
48382
64767
48383
64768
48384
64769
48385
64770
48386
64771
48387
64772
48388
64773
48389
64774
48390
64775
48391
64776
48392
64777
48393
64778
48394
64779
48395
64780
48396
64781
48397
64782
48398
64783
48399
64784
48400
64785
48401
64786
48402
64787
48403
64788
48404
64789
48405
64790
48406
64791
48407
64792
48408
64793
48409
64794
48410
64795
48411
64796
48412
64797
48413
64798
48414
64799
48415
64800
48416
64801
48417
64802
48418
64803
48419
64804
48420
64805
48421
64806
64807
64808
64809
64810
64811
64812
64813
64814
64815
64816
64817
64818
64819
64820
64821
64822
64823
64824
48440
64825
48441
64826
48442
64827
48443
64828
48444
64829
48445
64830
48446
64831
48447
64832
48448
64833
64834
64835
64836
64837
64838
64839
64840
64841
64842
64843
64844
64845
64846
64847
64848
64849
64850
64851
48467
64852
48468
64853
48469
64854
64855
48471
64856
48472
64857
64858
48474
64859
48475
64860
48476
64861
48477
64862
48478
64863
48479
64864
48480
64865
48481
64866
48482
64867
48483
64868
48484
64869
48485
64870
48486
64871
48487
64872
48488
64873
48489
64874
48490
64875
48491
64876
48492
64877
48493
64878
48494
64879
48495
64880
48496
64881
48497
64882
48498
64883
48499
64884
48500
64885
48501
64886
48502
64887
64888
48504
64889
48505
64890
48506
64891
64892
48508
64893
48509
64894
48510
64895
48511
64896
48512
64897
48513
64898
48514
64899
48515
64900
48516
64901
48517
64902
48518
64903
48519
64904
48520
64905
48521
64906
48522
64907
48523
64908
48524
64909
48525
64910
48526
64911
64912
48528
64913
48529
64914
48530
64915
48531
64916
48532
64917
48533
64918
48534
64919
48535
64920
48536
64921
48537
64922
48538
64923
48539
64924
48540
64925
48541
64926
48542
64927
48543
64928
64929
48545
64930
48546
64931
48547
64932
48548
64933
48549
64934
48550
64935
48551
64936
48552
64937
48553
64938
48554
64939
48555
64940
48556
64941
48557
64942
48558
64943
48559
64944
48560
64945
48561
64946
64947
48563
64948
48564
64949
64950
48566
64951
48567
64952
48568
64953
48569
64954
48570
64955
48571
64956
48572
64957
48573
64958
48574
64959
48575
64960
48576
64961
48577
64962
48578
64963
48579
64964
48580
64965
48581
64966
48582
64967
48583
64968
48584
64969
48585
64970
48586
64971
48587
64972
48588
64973
48589
48590
64975
64976
64977
64978
64980
64981
64982
64983
64984
64985
64987
48603
64988
48604
64989
48605
64990
64991
48607
64992
48608
64993
48609
48610
48611
48612
48613
48614
48615
48616
65007
65008
65009
65010
48626
65011
48627
65012
48628
65013
48629
65014
48630
65015
48631
65016
48632
65017
48633
65018
48634
65019
48635
65020
48636
65021
48637
65022
48638
65023
48639
65024
48640
65025
48641
65026
65027
48643
65028
48644
65029
48645
65030
48646
65031
48647
65032
48648
65033
48649
65034
65035
48651
65036
48652
65037
48653
65038
48654
65039
48655
65040
48656
65041
48657
65042
48658
65043
48659
65044
48660
65045
48661
65046
48662
65047
48663
65048
48664
65049
48665
65050
48666
65051
48667
65052
48668
65053
48669
65054
48670
65055
48671
65056
48672
65057
48673
65058
48674
65059
48675
65060
48676
65061
48677
65062
48678
65063
48679
65064
48680
65065
48681
65066
48682
65067
48683
65068
48684
65069
48685
65070
48686
65071
65072
65073
65074
65075
65077
65078
65080
65081
65082
65083
65084
65085
65086
65087
65089
65090
65091
65092
65093
65094
65095
65097
65098
65099
65100
65102
65103
65104
65105
65106
65107
65110
65111
65112
65113
65114
65115
65116
65117
65118
65119
65120
65121
65122
65123
65124
65125
65126
65127
65128
65129
65130
65131
65132
65133
65134
65135
65136
65137
65138
65139
65153
65169
65170
65171
65172
65173
65174
65175
65176
65177
65178
65179
65180
65181
65182
65183
65184
65185
48801
65186
48802
65187
48803
65188
48804
65193
65194
65195
65196
65197
65198
65199
65200
65201
65202
65203
65204
65205
65206
65207
65208
65209
65210
65211
65212
65213
65214
65215
65216
65217
65218
65219
65220
65221
65222
65223
65224
65225
65226
65227
65228
65229
65230
65231
65232
65233
65234
65235
65236
65237
65238
65239
65240
65241
65242
65243
65244
65245
65246
65247
65248
65249
65250
65251
65252
65253
65254
65258
65259
65260
65261
65262
65263
65264
65265
65266
65267
65268
65269
65270
65271
65272
65274
65275
65276
65278
65279
65280
65281
65282
65283
65284
65285
65286
65287
65288
65289
65290
65291
65292
65293
65294
65295
65296
65297
65298
65299
65300
65301
65302
65303
65304
65305
65306
65307
65308
65309
65310
65311
65312
65313
65314
65315
65316
65317
65319
65320
65321
65322
65323
65324
65325
65326
65327
65328
65329
65333
65334
65335
65336
65337
65338
65339
65340
65343
65344
65345
65347
65348
65349
65350
65351
65352
65353
65354
65355
65356
65357
65358
65359
65360
65361
65362
65363
65364
65365
65366
65367
65368
65369
65370
65371
65372
65373
65374
65375
65376
65377
65378
65379
65380
65381
65382
65383
65384
65385
65386
65387
65388
65389
65390
65391
65392
65393
65394
65395
65396
65397
65398
65399
65400
65401
65402
65403
65404
65405
65406
65407
65408
65409
65410
65411
65412
65413
65414
65415
65416
65417
65418
65419
65420
65421
65422
65423
65424
65425
65426
65427
65428
65429
65431
65432
65433
65434
65437
65438
65439
65440
65441
65442
65443
65444
65445
65446
65447
65448
65449
65450
65451
65452
65453
65455
65456
65457
65458
65460
65461
65462
65463
65464
65465
65466
65467
65468
65469
65470
65471
65472
65473
65474
65475
65477
65478
65479
65480
65481
65482
65483
65484
65485
65486
65487
65488
65489
65490
65491
65492
65493
65494
65495
65496
65497
65498
65499
65500
65501
65502
65503
65504
65505
65506
65507
65508
65509
65510
65511
65512
65513
65514
65515
65516
65517
65518
65519
65520
65521
65522
65523
65524
65525
65526
65527
65528
65529
65530
65531
65532
65533
65534
65535
)


// ************************************************************************* //
