/*--------------------------------*- C++ -*----------------------------------*\
| =========                 |                                                 |
| \\      /  F ield         | OpenFOAM: The Open Source CFD Toolbox           |
|  \\    /   O peration     | Version:  2212                                  |
|   \\  /    A nd           | Website:  www.openfoam.com                      |
|    \\/     M anipulation  |                                                 |
\*---------------------------------------------------------------------------*/
FoamFile
{
    version     2.0;
    format      ascii;
    arch        "LSB;label=32;scalar=64";
    class       cellSet;
    location    "constant/polyMesh/sets";
    object      Clone001;
}
// * * * * * * * * * * * * * * * * * * * * * * * * * * * * * * * * * * * * * //


7146
(
674
675
676
677
50791
50792
50793
50800
50801
50802
50803
50804
50805
50806
50807
50808
50809
50810
50811
50812
50813
50814
50815
50816
50817
50818
50819
50820
50821
50822
50823
50824
50825
50826
50827
50828
50829
50830
50831
50832
50833
50834
50835
50836
50837
50838
50839
50840
50841
50842
50843
50844
50845
50846
50847
50848
50849
50850
50851
50852
50861
50862
50864
50865
50866
50867
50868
50869
50870
50871
50880
50881
50883
50884
50885
50886
50887
50888
50889
50890
50891
50892
50893
50894
50895
50896
50897
50898
50899
50900
50901
50902
50903
50904
50905
50906
50907
50908
50909
50910
50911
50912
50913
50914
50915
50916
50917
50918
50919
50920
50921
50922
50923
50924
50925
50926
50927
50928
50929
50930
50931
50932
50933
50934
50935
50936
50937
50938
50939
50940
50941
50942
50943
50944
50945
50946
50947
50948
50949
50950
50951
50952
50953
50954
50955
50956
50957
50958
50959
50960
50961
50962
50963
50964
50965
50966
50978
50979
50980
50981
50982
50983
50984
50985
50986
50992
50993
50994
50995
50996
50997
50998
50999
51000
51001
51002
51003
51004
51005
51006
51007
51008
51009
51010
51015
51016
51017
51018
51019
51020
51021
51022
51023
51024
51025
51026
51027
51028
51029
51030
51031
51032
51033
51034
51035
51036
51037
51038
51040
51041
51042
51044
51045
51046
51047
51048
51049
51051
51052
51053
51054
51055
51056
51057
51058
51060
51061
51062
51063
51064
51065
51066
51067
51068
51069
51070
51071
51072
51073
51074
51075
51076
51077
51078
51079
51080
51081
51082
51083
51084
51085
51086
51088
51089
51090
51091
51092
51093
51094
51095
51096
51101
51102
51103
51104
51105
51106
51109
51110
51111
51112
51113
51114
51115
51116
51117
51118
51119
51120
51121
51122
51399
51400
51401
51402
51403
51404
51405
51406
51407
51408
51409
51410
51411
51412
51413
51414
51415
51416
51417
51418
51419
51420
51421
51422
51423
51424
51425
51427
51428
51429
51430
51431
51432
51433
51434
51435
51436
51437
51438
51439
51440
51441
51442
51443
51444
51445
51446
51447
51448
51449
51451
51452
51453
51454
51455
51456
51457
51458
51459
51460
51461
51462
51463
51464
51465
51466
51467
51468
51469
51470
51471
51472
51473
51474
51475
51476
51477
51478
51479
51480
51481
51482
51483
51484
51485
51486
51487
51488
51489
51490
51491
51493
51494
51495
51496
51497
51498
51499
51500
51501
51502
51503
51504
51505
51506
51507
51508
51509
51510
51511
51512
51513
51514
51515
51518
51519
51520
51521
51522
51523
51524
51525
51526
51527
51528
51529
51530
51531
51532
51533
51534
51535
51536
51537
51538
51539
51540
51541
51542
51543
51544
51545
51546
51547
51548
51549
51550
51551
51552
51553
51554
51555
51556
51557
51558
51559
51560
51561
51562
51563
51564
51565
51566
51567
51568
51569
51570
51571
51572
51573
51574
51575
51576
51577
51578
51579
51580
51581
51582
51583
51584
51585
51586
51587
51588
51589
51590
51591
51592
51593
51594
51595
51596
51597
51598
51599
51600
51601
51602
51603
51604
51605
51606
51607
51608
51609
51610
51611
51612
51613
51614
51615
51616
51617
51618
51619
51620
51621
51622
51623
51624
51625
51626
51627
51628
51629
51630
51631
51632
51633
51634
51635
51636
51637
51638
51639
51640
51641
51642
51643
51644
51645
51646
51647
51648
51649
51650
51651
51652
51653
51654
51655
51656
51657
51658
51659
51660
51661
51662
51663
51664
51665
51666
51667
51668
51669
51670
51671
51672
51673
51674
51675
51676
51841
51842
51843
51844
51845
51846
51847
51848
51849
51850
51851
51852
51853
51854
51855
51856
51857
51858
51859
51860
51861
51862
51863
51864
51865
51866
51867
51868
51869
51870
51871
51872
51873
51874
51875
51876
51877
51878
51879
51880
51881
51882
51883
51884
51885
51886
51887
51888
51889
51890
51891
51892
51893
51894
51895
51896
51897
51898
51899
51900
51901
51902
51903
51904
51906
51907
51908
51909
51910
51911
51912
51913
51914
51915
51916
51918
51919
51920
51921
51922
51923
51925
51926
51927
51929
51930
51931
51932
51933
51934
51935
51936
51937
51938
51939
51940
51941
51942
51943
51944
51945
51946
51947
51948
51949
51950
51951
51952
51953
51954
51955
51957
51958
51959
51974
51975
51976
51977
51978
51979
51980
51981
51982
51983
51984
51985
52000
52001
52002
52003
52004
52005
52006
52007
52008
52010
52011
52012
52013
52014
52015
52016
52017
52018
52019
52020
52021
52022
52023
52024
52025
52026
52028
52029
52030
52031
52032
52033
52034
52035
52036
52037
52038
52039
52040
52041
52042
52043
52044
52046
52047
52049
52050
52051
52052
52053
52054
52055
52056
52058
52059
52060
52061
52062
52069
52070
52071
52072
52073
52074
52075
52076
52077
52078
52079
52080
52081
52082
52083
52084
52085
52086
52087
52088
52089
52090
52091
52092
52093
52094
52095
52096
52097
52098
52099
52100
52103
52104
52105
52106
52107
52108
52109
52110
52111
52112
52113
52114
52115
52116
52117
52118
52119
52120
52121
52122
52123
52124
52125
52126
52127
52128
52129
52130
52131
52132
52133
52135
52136
52137
52138
52140
52141
52142
52143
52145
52146
52147
52148
52149
52150
52151
52152
52153
52154
52155
52156
52157
52158
52159
52160
52162
52163
52164
52166
52167
52168
52169
52170
52171
52172
52173
52174
52175
52176
52177
52178
52179
52181
52182
52183
52184
52186
52187
52188
52189
52190
52191
52192
52193
52194
52195
52196
52197
52198
52199
52200
52201
52202
52203
52204
52205
52206
52207
52208
52209
52210
52211
52213
52214
52215
52217
52218
52220
52221
52530
52531
52532
52533
52657
52658
52659
52660
52661
52662
52663
52664
52665
52666
52667
52668
52669
52670
52671
52672
52673
52674
52675
52676
52677
52678
52679
52680
52681
52682
52683
52684
52685
52686
52701
52702
52703
52704
52705
52706
52707
52708
52710
52711
52712
52713
52714
52715
52716
52717
52718
52719
52720
52721
52722
52723
52724
52725
52726
52727
52728
52729
52730
52731
52734
52735
52736
52737
52738
52761
52762
52763
52764
52765
52766
52767
52802
52803
52804
52805
52806
52807
52808
52809
52810
52811
52812
52813
52814
52815
52816
52817
52818
52819
52820
52821
52822
52823
52824
52825
52826
52827
52828
52829
52830
52831
52832
52833
52834
52835
52838
52839
52840
52841
52842
52843
52844
52845
52846
52847
52848
52849
52850
52851
52852
52853
52854
52855
52856
52857
52858
52859
52860
52861
52862
52863
52864
52865
52866
52867
52868
52869
52870
52871
52872
52873
52875
52876
52877
52878
52879
52880
52881
52882
52884
52885
52886
52887
52888
52889
52890
52891
52893
52894
52895
52896
52898
52899
52900
52901
52902
52903
52904
52905
52906
52907
52908
52909
52910
52911
52912
52913
52914
52915
52916
52917
52918
52935
52936
52937
52938
52939
52940
52941
52942
52943
52944
52945
52946
52947
52948
52949
52950
52951
52952
52953
52954
52955
52956
54477
54478
54479
54480
54481
54482
54483
54484
54485
54486
54487
54488
54489
54490
54491
54492
54493
54494
54495
54496
54497
54498
54499
54501
54502
54503
54504
54505
54506
54507
54508
54509
54510
54511
54512
54513
54514
54515
54516
54517
54518
54519
54520
54521
54522
54523
54524
54525
54526
54527
54528
54529
54530
54531
54532
54533
54534
54535
54536
54537
54538
54539
54540
54541
54548
54549
54550
54551
54552
54553
54554
54555
54556
54557
54558
54559
54560
54561
54562
54563
54564
54565
54566
54567
54568
54569
54570
54571
54572
54573
54574
54575
54576
54577
54578
54579
54580
54581
54582
54583
54584
54585
54586
54587
54588
54589
54590
54591
54592
54593
54594
54597
54598
54599
54600
54601
55002
55003
55004
55010
55011
55012
55013
55014
55015
5863
55016
5864
55017
5865
55018
5866
55019
5867
55020
5868
55021
5869
55022
5870
55023
5871
55024
5872
55025
5873
55026
5874
55027
5875
5876
5877
5878
5879
5880
5881
5882
55035
5883
55036
5884
5885
5886
5887
55040
5888
55041
5889
55042
5890
55043
5891
55044
5892
55045
5893
55046
5894
55047
5895
55048
5896
5897
5898
5899
5900
5901
55054
5902
55055
5903
55056
5904
55057
5905
55058
5906
55059
5907
55060
5908
55061
5909
55062
5910
55063
5911
55064
5912
55065
5913
5914
5915
5916
5917
5918
5919
5920
5921
5922
5923
5924
5925
55078
5926
55079
5927
55080
5928
55081
5929
55082
5930
5931
5932
5933
5934
5935
5936
5937
5938
5939
5940
5941
5942
5943
5944
5945
5946
5947
5948
5949
5950
5951
5952
5953
5954
5955
5956
5957
5958
55111
5959
55112
5960
55113
5961
55114
5962
55115
5963
55116
5964
55117
5965
55118
5966
5967
5968
5969
5970
55123
5971
55124
5972
55125
5973
55126
5974
55127
5975
55128
5976
55129
5977
55130
5978
55131
5979
55132
5980
55133
5981
55134
5982
55135
5983
55136
5984
55137
5985
55138
5986
55139
5987
55140
5988
55141
5989
55142
5990
55143
5991
55144
5992
55145
5993
55146
5994
55147
5995
55148
5996
55149
5997
55150
5998
55151
5999
55152
6000
55153
6001
55154
6002
6003
6004
55157
6005
55158
6006
55159
6007
55160
6008
55161
6009
55162
6010
55163
6011
55164
6012
55165
6013
55166
6014
55167
6015
55168
6016
55169
6017
55170
6018
55171
6019
55172
6020
55173
6021
55174
6022
55175
6023
55176
6024
55177
6025
55178
6026
55179
6027
55180
6028
55181
6029
55182
6030
55183
6031
55184
6032
55185
6033
55186
6034
55187
6035
55188
6036
55189
6037
55190
6038
55191
6039
55192
6040
55193
6041
55194
6042
55195
6043
55196
6044
55197
6045
55198
6046
55199
6047
6048
55201
6049
55202
6050
55203
6051
55204
6052
55205
6053
55206
6054
55207
6055
55208
6056
55209
6057
55210
6058
55211
6059
6060
55213
6061
55214
6062
55215
6063
55216
6064
55217
6065
55218
6066
55219
6067
55220
6068
55221
6069
55222
6070
55223
6071
55224
6072
6073
6074
6075
6076
6077
6078
6079
6080
6081
6082
6083
6084
6085
6086
6087
6088
6089
6090
6091
6092
6093
6094
6095
6096
6097
6098
6099
6100
6101
6102
6103
6104
6105
6106
6107
6108
6109
6110
6111
6112
6113
55266
6114
55267
6115
55268
6116
55269
6117
55270
6118
55271
6119
55272
6120
55273
6121
55274
6122
55275
6123
55276
6124
55277
6125
55278
6126
55279
6127
55280
6128
55281
6129
55282
6130
55283
6131
55284
6132
55285
6133
55286
6134
55287
6135
55288
6136
55289
6137
55290
6138
55291
6139
55292
6140
55293
6141
55294
6142
55295
6143
55296
6144
55297
6145
55298
6146
55299
6147
55300
6148
55301
6149
55302
6150
55303
6151
55304
6152
55305
6153
55306
6154
55307
6155
55308
6156
55309
6157
55310
6158
55311
6159
55312
6160
55313
6161
55314
6162
55315
6163
55316
6164
55317
6165
55318
6166
55319
6167
55320
6168
55321
6169
55322
6170
55323
6171
55324
6172
55325
6173
55326
6174
55327
6175
55328
6176
55329
6177
55330
6178
55331
6179
55332
6180
55333
6181
55334
6182
55335
6183
55336
6184
55337
6185
55338
6186
55339
6187
55340
6188
55341
6189
55342
6190
6191
6192
6193
6194
6195
6196
6197
6198
6199
6200
6201
6202
6203
6204
6205
6206
55359
6207
55360
6208
55361
6209
55362
6210
55363
6211
55364
6212
55365
6213
55366
6214
55367
6215
55368
6216
55369
6217
55370
6218
55371
6219
6220
55373
6221
55374
6222
55375
6223
55376
6224
55377
6225
55378
6226
55379
6227
55380
6228
55381
6229
55382
6230
55383
6231
55384
6232
55385
6233
55386
6234
55387
6235
55388
6236
55389
6237
55390
6238
55391
6239
55392
6240
55393
6241
55394
6242
55395
6243
55396
6244
6245
55398
6246
55399
6247
55400
6248
6249
55402
6250
55403
6251
55404
6252
55405
6253
55406
6254
55407
6255
55408
6256
55409
6257
55410
6258
55411
6259
55412
6260
55413
6261
6262
55415
6263
55416
6264
55417
6265
55418
6266
55419
6267
55420
6268
55421
6269
55422
6270
6271
6272
6273
6274
6275
6276
6277
6278
6279
6280
6281
6282
6283
6284
6285
6286
6287
6288
6289
6290
6291
6292
6293
6294
6295
6296
6297
6298
6299
6300
6301
6302
6303
6304
6305
6306
6307
6308
6309
6310
6311
55464
6312
55465
6313
55466
6314
6315
6316
6317
6318
6319
6320
6321
6322
6323
6324
6325
6326
6327
6328
6329
6330
6331
6332
6333
6334
6335
6336
6337
6338
6339
6340
6341
6342
6343
6344
6345
6346
6347
6348
6349
6350
6351
6352
6353
6354
6355
6356
6357
6358
6359
6360
6361
6362
6363
6364
6365
6366
6367
6368
6369
6370
6371
6372
6373
6374
6375
6376
6377
6378
6379
6380
6381
6382
6383
6384
6385
6386
6387
6388
6389
6390
6391
6392
6393
6394
6395
6396
6397
6398
6399
6400
6401
6402
6403
6404
6405
6406
6407
6408
6409
6410
6411
6412
6413
6414
6415
6416
6417
6418
6419
6420
6421
6422
6423
6424
6425
6426
6427
6428
6429
6430
6431
6432
6433
6434
6435
6436
6437
6438
6439
6440
6441
6442
6443
6444
6445
6446
6447
6448
6449
6450
6451
6452
6453
6454
6455
6456
6457
6458
6459
6460
6461
6462
6463
6464
6465
6466
6467
6468
6469
6470
6471
6472
6473
6474
6475
6476
6477
6478
6479
6480
6481
6482
6483
6484
6485
6486
6487
6488
6489
6490
6491
6492
6493
6494
6495
6496
6497
6498
6499
6500
6501
6502
6503
6504
6505
6506
6507
6508
6509
6510
6511
6512
6513
6514
6515
6516
6517
6518
6519
6520
6521
6522
6523
6524
6525
6526
6527
6528
6529
6530
6531
6532
6533
6534
6535
6536
6537
6538
6539
6540
6541
6542
6543
6544
6545
6546
6547
6548
6549
6550
6551
6552
6553
6554
6555
6556
6557
6558
6559
6560
6561
6562
6563
6564
6565
6566
6567
6568
6569
6570
6571
6572
6573
6574
6575
6576
6577
6578
6579
6580
6581
6582
6583
6584
6585
6586
6587
6588
6589
6590
6591
6592
6593
6594
6595
6596
6597
6598
6599
6600
6601
6602
6603
6604
6605
6606
6607
6608
6609
6610
6611
6612
6613
6614
6615
6616
6617
6618
6619
6620
6621
6622
6623
6624
6625
6626
6627
6628
6629
6630
6631
6632
6633
6634
6635
6636
6637
6638
6639
6640
6641
6642
6643
6644
6645
6646
6647
6648
6649
6650
6651
6652
6653
6654
6655
6656
6657
6658
6659
6660
6661
6662
6663
6664
6665
6666
6667
6668
6669
6670
6671
6672
6673
6674
6675
6676
6677
6678
6679
6680
6681
6682
6683
6684
6685
6686
6687
6688
6689
6690
6691
6692
6693
6694
6695
6696
6697
6698
6699
55852
6700
55853
6701
55854
6702
55855
6703
55856
6704
55857
6705
55858
6706
55859
6707
55860
6708
55861
6709
55862
6710
55863
6711
55864
6712
55865
6713
55866
6714
55867
6715
55868
6716
55869
6717
55870
6718
55871
6719
55872
6720
55873
6721
55874
6722
55875
6723
55876
6724
55877
6725
55878
6726
55879
6727
55880
6728
55881
6729
55882
6730
55883
6731
6732
6733
6734
6735
6736
6737
6738
6739
6740
6741
6742
6743
6744
6745
6746
6747
6748
6749
6750
6751
6752
6753
6754
6755
6756
6757
6758
6759
6760
6761
6762
6763
6764
6765
6766
6767
6768
6769
6770
6771
6772
6773
6774
6775
6776
6777
6778
6779
6780
6781
6782
6783
6784
6785
6786
6787
6788
6789
6790
6791
6792
6793
6794
6795
6796
6797
6798
6799
6800
6801
6802
6803
6804
6805
55958
6806
55959
6807
55960
6808
55961
6809
55962
6810
55963
6811
55964
6812
55965
6813
55966
6814
55967
6815
55968
6816
55969
6817
55970
6818
55971
6819
55972
6820
55973
6821
55974
6822
55975
6823
55976
6824
6825
6826
6827
6828
6829
6830
6831
6832
6833
55986
6834
55987
6835
55988
6836
55989
6837
55990
6838
55991
6839
55992
6840
55993
6841
55994
6842
55995
6843
55996
6844
55997
6845
55998
6846
55999
6847
56000
6848
56001
6849
56002
6850
56003
6851
56004
6852
56005
6853
56006
6854
56007
6855
56008
6856
56009
6857
56010
6858
56011
6859
6860
56013
6861
56014
6862
56015
6863
56016
6864
6865
6866
6867
6868
6879
6880
6881
6882
56045
56046
56047
56048
56049
56050
56051
56052
56053
56054
56055
56057
56058
56059
56060
56061
56062
56064
56065
56066
56067
56068
56070
56072
56073
56074
56075
56076
56077
56078
56079
56080
56081
56082
56083
56084
56085
56086
56087
56088
56089
56090
56091
56092
56093
56094
56095
56096
56097
56098
56099
56100
56102
56103
56104
56105
56107
56108
56109
56110
56111
56112
56113
56114
56115
56116
56117
56118
56119
56120
56121
56122
56123
56124
56125
7054
7055
7056
7057
40011
40012
40013
40014
40015
40016
40017
40018
40019
40020
40021
40022
40023
40126
40127
40128
40130
40131
40132
40133
40134
40135
40136
40137
40138
40139
40140
40169
40170
40171
40172
40173
40174
40175
40176
40177
40178
40179
40180
40181
40182
40183
40184
40185
40186
40187
40188
40189
40190
40191
40192
40193
40194
40195
40196
40197
40198
40199
40200
40201
40202
40203
40204
40205
40206
40207
40208
40209
40210
40211
40212
40213
40214
40215
40216
40217
40218
40219
40220
40221
40222
40223
40224
40225
40226
40227
40228
40229
40230
40231
40232
40233
40234
40235
40236
7501
7502
7503
7504
7505
7506
7507
7508
7509
7517
7518
7519
7520
7521
7522
7523
7524
7525
7526
7527
7528
7529
7530
7531
7532
7533
7534
7535
56688
7536
56689
7537
56690
7538
56691
7539
56692
7540
56693
7541
56694
7542
56695
7543
56696
7544
56697
7545
56698
7546
56699
7547
56700
7548
56701
7549
56702
7550
56703
7551
56704
40320
7552
56705
40321
7553
56706
40322
7554
56707
40323
7555
56708
7556
56709
7557
56710
7558
56711
7559
56712
7560
56713
7561
56714
7562
56715
7563
56716
7564
56717
7565
56718
7566
56719
7567
56720
7568
56721
7569
7570
7571
7572
7573
7574
7575
7576
7577
7578
7579
7580
7581
7582
7583
7584
7585
7586
7587
7588
7589
7590
7591
7592
7593
7594
7595
7596
7597
7598
7599
7600
7601
7602
7603
7604
7605
7606
7607
56760
7608
56761
7609
56762
7610
56763
7611
56764
7612
56765
7613
56766
7614
56767
7615
56768
7616
56769
7617
56770
7618
56771
7619
56772
7620
56773
7621
56774
7622
56775
56776
56777
56778
56779
56780
56781
56782
56783
56784
56785
56786
56787
56788
56789
56790
56791
56792
56793
56795
56796
56797
56798
56799
56800
56801
56802
56803
56804
56805
56806
56807
56808
56809
56810
56812
56813
56814
56815
56816
56817
56818
56819
56820
56821
56822
56823
56824
56825
56826
56827
56828
56830
56831
56832
56833
56834
56836
56837
56838
56839
56840
56842
56843
56844
56845
7693
56846
7694
56847
7695
7696
56849
56850
56851
56852
56853
56854
56855
56856
56857
56859
56860
56861
56862
56863
56864
56865
56866
56869
56870
56871
56872
56873
56874
56875
56876
56877
56878
56879
56880
56881
56882
56883
56884
56885
56886
56887
56888
56889
56890
56891
56892
56893
56894
56895
56896
56897
56898
56899
56900
56905
56906
56907
56908
56909
56910
56911
56912
56913
56914
56915
56916
56917
56918
56919
56920
56921
56922
56923
56924
56925
56926
56927
56928
56929
56930
56931
56932
56933
56934
56935
56936
56937
56939
56940
56941
56942
56943
56944
56945
56946
56947
56948
56949
56950
56951
56952
56953
56954
56955
56956
56957
56958
56960
56961
56962
56963
56964
56965
56966
56967
56968
56969
56971
56972
56973
56975
56976
56977
56978
56979
56980
56981
56982
56983
56984
56985
56986
56988
56989
56990
56992
56993
57185
57186
57187
57188
57189
57190
57191
57192
57193
57194
57195
57197
57198
57199
57200
57201
57202
57203
57204
57206
57207
57208
57209
57210
57211
57212
57213
57215
57216
57217
57218
57219
57220
57221
57222
57223
57224
57225
57226
57227
57228
57229
57230
57231
57232
57233
57234
57236
57237
57238
57240
57241
57242
57243
57244
57245
57246
57247
57248
57253
57254
57255
57256
57257
57258
57259
57260
57261
57262
57263
57264
57265
57266
57267
57268
57269
57274
57275
57276
57277
57278
57279
57280
57281
57282
57283
57284
57285
57286
57287
57288
57289
57290
57291
57292
57293
57294
57295
57296
57297
57298
57299
57300
57301
57302
57303
57304
57305
57306
57307
57308
57310
57311
57312
57313
57315
57316
57317
57318
57319
57320
57321
57322
57323
57324
57325
57326
57328
57329
57330
57331
57332
57333
57334
57335
57336
57337
57339
57340
57341
57342
57343
57344
57345
57346
57347
57349
57350
57351
57352
57353
57354
57355
57356
57357
57358
57359
57360
57361
57362
57363
57364
57365
57366
57367
57368
57369
57370
57371
57372
57373
57374
57375
57376
57377
57378
57379
57380
57381
57382
57383
57384
57385
57386
57387
57388
57390
57391
57392
57394
57395
57396
57397
57398
57399
57400
57402
57403
57404
57405
57406
57407
57408
57409
57410
57411
57412
57414
8262
57415
8263
57416
8264
8265
57418
8266
57419
8267
57420
8268
57421
8269
57422
57423
57424
57425
57426
57427
57428
57429
57430
57431
8279
8280
57433
57434
57436
57437
57438
57439
57440
57441
8289
57442
8290
57443
57445
57446
57448
57449
57450
57451
57453
57454
57455
57456
57457
57458
57459
8307
57460
8308
57461
8309
57462
8310
57463
8311
57464
8312
57465
8313
57466
8314
57467
8315
57468
8316
57469
8317
57470
8318
57471
8319
57472
8320
57473
8321
57474
8322
57475
8323
57476
8324
57477
8325
57478
8326
57479
8327
57480
8328
57481
8329
57482
8330
57483
8331
57484
8332
57485
8333
57486
8334
57487
8335
57488
8336
57489
8337
57490
8338
57491
8339
57492
8340
57493
8341
57494
8342
57495
8343
57496
8344
57497
8345
57498
8346
57499
8347
57500
8348
57501
8349
57502
8350
57503
8351
57504
8352
57505
8353
57506
8354
57507
8355
57508
8356
57509
8357
57510
8358
57511
8359
57512
8360
57513
8361
57514
8362
57515
8363
57516
8364
57517
8365
57518
8366
57519
8367
57520
8368
57521
8369
57522
8370
57523
8371
57524
8372
57525
8373
57526
8374
57527
8375
57528
8376
57529
8377
57530
8378
57531
8379
57532
8380
57533
8381
57534
8382
57535
8383
57536
8384
57537
8385
57538
8386
57539
8387
57540
8388
57541
8389
57542
8390
57543
8391
57544
8392
57545
8393
57546
8394
57547
8395
57548
8396
57549
8397
57550
8398
57551
8399
57552
8400
57553
8401
57554
8402
57555
8403
57556
8404
57557
8405
57558
8406
57559
8407
57560
8408
57561
8409
57562
8410
57563
8411
57564
8412
57565
8413
57566
8414
57567
8415
57568
8416
57569
8417
57570
8418
57571
8419
57572
8420
57573
8421
57574
8422
57575
8423
57576
8424
57577
8425
57578
8426
57579
8427
57580
8428
57581
8429
57582
8430
57583
8431
57584
8432
57585
8433
57586
8434
57587
8435
57588
8436
57589
8437
57590
8438
57591
8439
57592
8440
57593
8441
57594
8442
57595
8443
57596
8444
8445
8446
8447
8448
8449
8450
8451
8452
8453
8454
8455
8456
8457
8458
8459
8460
8461
8462
8463
57649
57650
57651
57652
57653
57654
57655
57656
57657
57658
57659
57660
57661
57662
57663
57664
57665
57666
57667
57669
57670
57671
57672
57674
57675
57676
57677
57678
57679
57680
57681
57682
57683
57684
57685
57686
57687
57688
57689
57690
57691
57692
57693
57694
57695
57696
57697
57698
57699
57700
57701
57702
57703
57704
57705
57706
57707
57708
57709
57710
57711
57712
57713
57714
57715
57716
57717
57718
57719
57720
57721
57722
57723
57724
57725
57726
57727
57728
57729
57730
57731
57732
57733
57734
57735
57736
57737
57738
57739
57741
57742
57744
57745
57746
57748
57749
57750
57751
57752
57753
57754
57755
57756
57757
57758
57759
57761
57762
57763
57764
57765
57767
57768
57769
57770
57771
57772
57773
57774
57775
57777
57778
57779
57780
57781
57782
57783
57784
57785
57786
57787
57790
57791
41407
57792
41408
57793
41409
57794
41410
57795
41411
57796
41412
57797
41413
57798
41414
57799
41415
57800
41416
57801
41417
57802
41418
57803
41419
57804
41420
57805
41421
57806
41422
57807
41423
57808
41424
57809
41425
57810
41426
57811
41427
57812
41428
57813
41429
57814
41430
57815
41431
57816
41432
57817
57818
57819
57820
57821
57822
57823
57824
57825
57826
57827
57828
57829
57830
57831
57832
57833
57834
57835
57836
57837
57838
57839
57840
57841
57842
57843
57844
57845
57846
57847
57848
57849
57850
57851
57852
57853
57854
41484
41485
41486
41487
8719
8720
8721
8722
8723
8724
8725
8726
8727
8728
8729
8730
8731
8732
8733
8734
8735
8736
8737
8738
8739
8740
8741
8742
8743
8744
8745
8746
8747
8748
8749
57902
8750
57903
8751
57904
8752
57905
8753
57906
8754
57907
8755
57908
8756
57909
8757
57910
8758
57911
8759
57912
8760
57913
8761
57914
8762
57915
8763
57916
8764
57917
8765
57918
8766
57919
57920
57921
57922
57923
57924
57925
57926
57927
57928
57929
57930
57931
57932
57933
57934
57935
57936
57937
57938
57939
57940
57941
57943
57944
57946
57947
57948
57949
57950
57951
57954
57955
57956
57957
57958
57960
74378
74379
74380
57996
74381
57997
74382
57998
74383
57999
74384
58000
74385
58001
74386
58002
8850
74387
58003
8851
74388
58004
8852
74389
8853
74390
58006
8854
74391
58007
74392
58008
74393
58009
74394
58010
74395
58011
74396
58012
74397
58013
74398
58014
74399
58015
58016
58017
58018
74403
58019
74404
58020
74405
58021
74406
58022
74407
58025
58026
58027
58028
58029
58030
58031
58032
58033
58035
58036
58037
58038
58039
58040
58041
58042
58043
58044
58045
58046
58047
58048
58049
58050
58051
58052
58053
58054
58055
58056
41672
74441
58057
41673
8905
74442
58058
41674
8906
74443
58059
41675
8907
74444
58060
41676
8908
74445
58061
41677
8909
74446
58062
8910
74447
58063
8911
74448
58064
8912
74449
58065
8913
58066
41682
8914
74451
58067
41683
8915
74452
58068
41684
8916
74453
58069
41685
8917
74454
58070
41686
8918
74455
58071
41687
8919
74456
58072
41688
8920
74457
58073
41689
8921
74458
58074
41690
8922
58075
41691
8923
58076
41692
8924
58077
41693
8925
58078
41694
8926
58079
41695
8927
58080
41696
8928
58081
41697
8929
58082
41698
8930
58083
41699
8931
58084
41700
8932
58085
41701
8933
58086
41702
8934
58087
41703
8935
58088
41704
8936
58089
41705
8937
58090
41706
8938
58091
41707
8939
58092
41708
8940
58093
41709
8941
58094
41710
8942
58095
41711
8943
58096
41712
8944
58097
41713
8945
58098
41714
8946
74483
58099
41715
8947
74484
58100
41716
8948
74485
58101
41717
8949
74486
58102
41718
8950
74487
58103
41719
8951
74488
58104
41720
8952
74489
58105
41721
8953
74490
58106
41722
8954
74491
58107
41723
8955
74492
58108
41724
8956
58109
41725
8957
58110
41726
8958
74495
58111
41727
8959
74496
58112
41728
8960
74497
58113
41729
8961
74498
58114
41730
8962
74499
58115
41731
8963
74500
58116
41732
8964
74501
58117
41733
74502
58118
41734
74503
58119
41735
58120
41736
74505
58121
41737
74506
58122
41738
74507
58123
41739
74508
58124
41740
74509
58125
41741
74510
58126
41742
74511
58127
41743
74512
58128
41744
74513
58129
41745
74514
58130
41746
74515
58131
41747
74516
58132
41748
74517
58133
41749
74518
58134
41750
74519
58135
41751
74520
58136
74521
58137
74522
58138
74523
58139
74524
58140
74525
58141
41757
74526
58142
41758
74527
58143
41759
74528
58144
41760
74529
58145
41761
74530
58146
41762
74531
58147
41763
74532
58148
41764
74533
58149
41765
74534
58150
41766
74535
41767
74536
41768
74537
58153
41769
74538
58154
41770
74539
58155
41771
74540
58156
41772
74541
58157
41773
74542
41774
41775
41776
41777
41778
41779
74548
41780
74549
41781
74550
41782
74551
41783
74552
41784
74553
41785
74554
41786
74555
41787
74556
41788
74557
41789
74558
41790
74559
41791
74560
41792
74561
41793
74562
41794
74563
41795
9027
74564
41796
9028
74565
41797
9029
74566
41798
9030
74567
41799
74568
41800
74569
41801
74570
41802
74571
41803
74572
41804
74573
41805
74574
41806
74575
41807
74576
41808
74577
41809
74578
41810
74579
41811
74580
41812
74581
41813
74582
41814
74583
41815
74584
41816
74585
41817
74586
41818
74587
41819
74588
41820
74589
41821
74590
41822
58207
41823
74592
58208
41824
74593
58209
41825
74594
58210
41826
74595
58211
41827
58212
41828
58213
41829
58214
41830
58215
41831
58216
41832
58217
41833
58218
41834
58219
41835
58220
41836
58221
41837
58222
41838
58223
41839
58224
41840
58225
41841
58226
41842
58227
41843
58228
41844
58229
41845
58230
41846
41847
58232
41848
58233
41849
58234
41850
58235
41851
58236
41852
58237
41853
58238
41854
58239
41855
58240
41856
58241
41857
58242
41858
58243
41859
58244
41860
58245
41861
58246
41862
58247
41863
58248
41864
58249
58250
41866
58251
41867
58252
58253
41869
58254
41870
58255
41871
58256
58257
58258
58259
58260
58261
58262
58263
58264
58265
58266
58267
58268
58269
41885
58270
41886
58271
41887
41888
58273
41889
58274
41890
58275
41891
58276
41892
58277
41893
58278
41894
58279
41895
58280
41896
58281
41897
58282
41898
58283
41899
58284
41900
58285
41901
58286
41902
58287
41903
58288
41904
58289
41905
58290
41906
58291
58292
41908
58293
41909
58294
41910
41911
41912
41913
41914
41915
41916
41917
41918
41919
41920
41922
41923
41924
41925
42218
42219
42220
42221
42222
42223
42224
42225
42226
42227
42228
42229
42230
42231
42232
42233
42234
42235
42236
42237
42238
42239
42240
42241
42242
42243
42244
42245
42246
42247
42248
42249
42250
42251
42252
42253
42254
42255
42256
42257
58645
58646
58647
58648
58649
58651
58652
58653
58654
58655
42271
58656
42272
58657
42273
58658
42274
58659
42275
58661
42277
58662
42278
58663
42279
42280
58665
42281
58666
42282
58667
42283
58668
42284
58669
42285
58670
42286
58671
58672
42288
58673
42289
58674
42290
58675
42291
58676
42292
58677
42293
58678
42294
58679
42295
58680
42296
58681
42297
58682
42298
42299
58684
42300
58685
42301
58686
42302
58687
42303
58688
42304
58689
42305
58690
42306
58691
42307
58692
42308
58693
42309
58694
42310
58695
42311
58696
42312
58697
42313
58698
42314
58699
42315
58700
42316
58701
42317
58702
42318
58703
42319
58704
42320
58705
42321
58706
42322
58707
42323
42324
58709
42325
58710
42326
58711
42327
58712
42328
58713
42329
42330
58715
42331
58716
42332
58717
42333
58718
42334
58719
42335
58720
42336
58721
42337
58722
42338
58723
42339
58724
42340
58725
42341
58726
42342
42343
58728
42344
58729
42345
58730
42346
42347
58732
42348
58733
42349
42350
58735
42351
58736
42352
58737
42353
58738
42354
58739
42355
58740
42356
58741
42357
42358
42359
42360
42361
42362
42363
42364
42365
42366
42367
42368
42369
42370
42371
42372
42373
42374
42375
42376
42377
42378
42379
42380
42381
42382
42383
42384
42385
42386
42387
42388
42389
42390
42391
42392
42393
42394
42395
42396
42397
42398
42399
42400
42401
42402
42403
42404
42405
42406
42407
42408
42409
42410
42411
42412
42413
42414
42415
42416
42417
42418
42419
42420
42421
42422
42423
42424
42425
42426
42427
42428
42429
42430
42431
42432
42433
42434
42435
42436
42437
42438
42439
42440
42441
58826
42442
58827
42443
58828
42444
58829
42445
58830
42446
58831
42447
58832
42448
58833
42449
58834
42450
58835
42451
58836
42452
58837
42453
58838
42454
58839
42455
58840
42456
58841
42457
58842
42458
58843
42459
58844
42460
58845
42461
58846
42462
58847
42463
42464
58849
42465
58850
42466
58851
42467
58852
42468
58853
42469
42470
58855
42471
58856
42472
58857
42473
58858
42474
58859
42475
58860
42476
42477
58862
42478
58863
42479
58864
42480
58865
42481
58866
42482
42483
42484
42485
58870
42486
58871
42487
58872
42488
58873
42489
58874
42490
58875
42491
58876
42492
58877
42493
58878
42494
58879
42495
58880
42496
58881
42497
58882
42498
58883
42499
42500
58885
42501
58886
42502
58887
42503
58888
42504
58890
42506
58891
42507
58892
42508
58893
42509
58894
42510
58895
42511
58896
42512
58897
42513
58898
42514
58899
42515
58900
42516
58901
42517
58902
42518
58903
58904
42520
58905
42521
58906
42522
58907
42523
58908
42524
58909
42525
58910
42526
58911
42527
58912
42528
58913
42529
58914
42530
58915
42531
58916
42532
58917
42533
58918
42534
58919
42535
58920
58921
42537
58922
42538
58923
42539
58924
42540
58925
42541
58926
42542
58927
42543
58928
42544
58929
42545
58930
42546
58931
42547
58932
42548
58933
42549
58934
42550
58935
42551
58936
42552
58937
42553
58938
42554
58939
42555
42556
42557
42558
42560
42561
42562
42564
42565
42566
42567
42568
42569
42571
42572
42573
42574
42576
42577
42578
42579
42580
42581
59063
59064
59065
59066
59067
59068
59069
59070
59071
59072
59073
59074
59075
59076
59077
59078
59079
59080
59081
59082
59083
59084
59085
59086
59087
59088
59089
59090
59091
59092
59093
59094
59095
59096
59097
59098
59099
59100
59101
59102
59103
59104
59105
59106
59107
59108
59109
59110
59111
59112
59123
59124
59125
59126
59127
59128
59129
59130
75575
75576
75577
59193
75578
59194
75579
59195
75580
59196
59201
75586
59202
75587
59203
75588
59204
75589
59205
75590
59206
75591
59207
75592
59208
75593
59209
75594
59210
75595
59211
75596
59212
75597
59213
75598
59214
75599
59215
75600
59216
75601
59217
75602
59218
75603
59219
75604
59220
75605
59221
75606
59222
75607
59223
75608
59224
75609
59225
59226
59229
59230
59231
59232
59233
59234
59235
59236
59237
59238
59239
59240
59241
59242
59243
59244
59246
59247
75632
59248
75633
59249
75634
59250
75635
59251
75636
59252
75637
59253
75638
59254
75639
59255
75640
59256
75641
59257
75642
59258
75643
59259
75644
59260
75645
75646
75647
75648
75649
75650
75651
75652
75653
75654
75655
75656
75657
75658
59274
75659
59275
75660
59276
75661
59277
75662
59278
75663
59279
75664
75665
59281
75666
59282
75667
59283
75668
59284
75669
59285
75670
59286
75671
59287
75672
59288
75673
59289
75674
59290
75675
75676
75677
75678
75679
75680
75681
75682
75683
75684
59300
75685
59301
75686
59302
75687
59303
75688
59304
75689
59305
75690
59306
75691
59307
75692
59308
75693
59309
75694
59310
75695
59311
75696
59312
75697
59313
75698
59314
75699
59315
75700
59316
75701
59317
75702
59318
75703
59319
75704
59320
75705
59321
75706
59322
75707
59323
75708
59324
75709
59325
75710
59326
75711
59327
75712
59328
75713
59329
75714
59330
75715
59331
75716
59332
75717
59333
75718
59334
75719
59335
75720
59336
75721
59337
75722
59338
75723
59339
75724
59340
75725
59341
75726
59342
75727
59343
75728
59344
75729
59345
75730
59346
75731
59347
75732
59348
75733
59349
75734
59350
75735
59351
75736
59352
75737
59353
59354
59355
59356
59357
59358
59359
59360
59361
59362
59363
59364
59365
59366
59367
59368
59369
59370
59371
59372
59373
59374
59375
59376
59377
59378
59379
59380
59381
59382
59383
59384
59385
59386
59387
59388
59389
59390
59391
59392
59393
59394
59395
59396
59397
59398
59399
59400
59401
59402
59403
59404
59405
59406
59407
59408
59409
59410
59411
59412
59413
59414
59415
59416
59417
59418
59419
59420
59421
59422
59423
59424
10399
10400
10401
10402
10403
10404
10405
10406
10407
10408
10409
10410
10411
10412
10413
10414
10415
10416
10417
10418
10419
10420
10421
10422
10423
10424
10425
10426
10427
10428
10429
10430
10433
10434
10435
10436
10439
10440
10441
10442
10443
10444
10445
10446
61875
61876
61877
61878
61879
61890
61891
61892
61893
61894
61896
61897
61898
61899
61900
61901
61902
61903
61904
61905
61906
61907
61908
61909
61910
61911
61912
61913
61914
61915
61916
61917
61918
61919
61920
61921
61922
61923
61924
61925
61926
61927
61928
61929
61930
61931
61932
61933
61934
61935
61936
61937
61938
61939
61940
61941
61942
61943
61944
61945
61946
61947
61948
61949
61950
61951
61952
61953
61954
61955
61956
61957
61958
61959
61960
61961
61962
61963
61964
61965
61966
61968
61969
61970
61971
61972
61973
61974
61975
61976
61977
61978
61979
61980
61981
61982
61983
61984
61985
61986
61987
61988
61989
61990
61993
61994
61995
61996
61997
61998
61999
62000
62001
62002
62003
62004
62005
62006
62007
62008
62009
62010
62011
62012
62013
62014
62015
62016
62017
62018
78411
78412
78413
62029
78414
62030
78415
62031
78416
62032
78417
62033
78418
62034
78419
62035
78420
62036
78421
62037
78422
62038
78423
62039
78424
62040
78425
62041
78426
62042
78427
62043
78428
62044
78429
78430
62046
62047
78432
62048
78433
62049
78434
78435
78436
78437
78438
78439
78440
78441
78442
78443
78444
78445
78446
78447
78448
78449
78450
78451
78452
78453
78454
78455
78456
78457
78458
78459
78460
78461
78462
78463
78464
78465
78466
78467
78468
78469
78470
78471
78472
78473
78474
78475
78476
78477
78478
78479
78480
78481
78482
78483
78484
78485
78486
78487
78488
78489
78490
78491
78492
78493
78494
78495
78496
78497
78498
78499
78500
78501
78502
78503
78504
78505
78506
78507
78508
78509
78510
78511
78512
78513
78514
78515
78516
78517
78518
78519
78520
78521
78522
78523
78524
78525
78526
78527
78528
78529
78530
78531
78532
78533
78534
78535
78536
78537
78538
78539
78540
78541
78542
78543
78544
78545
78546
78547
78548
78549
78550
78551
78552
78553
78582
78583
78584
78585
78586
78587
78588
78589
78590
78591
78592
78593
78594
78595
78596
78597
78598
78599
78600
78601
78602
78603
78604
78605
78606
78607
78608
78609
78610
78611
78612
78613
78614
78615
78616
78617
78618
78619
78620
78621
78622
78623
78624
78625
78626
78627
78628
78629
78630
78631
78632
78633
78634
78635
78636
78637
78638
78639
78640
78641
78642
78643
78644
78645
78646
78647
78648
78649
78650
78651
78652
78653
78654
78655
78656
78657
78658
78659
78660
78661
78662
78663
78664
78665
78666
78667
78668
78669
78670
78671
78672
78673
78674
78675
78676
78677
78678
78679
78680
78681
78682
78683
78684
78685
78686
78687
78688
78689
78690
78691
78692
78693
78694
78695
78696
78697
78698
78699
78700
78701
78702
78703
78704
78705
78706
62377
62378
62379
62380
78765
62381
62382
62383
62384
62385
62386
62387
62388
62389
62390
62391
62392
62393
62394
62395
62396
62397
62398
62399
62400
62401
62402
78787
62403
78788
62404
62405
62406
78791
62407
78792
62408
78793
62409
78794
62410
78795
62411
78796
62412
78797
62413
78798
62414
78799
62415
62416
62417
62418
62419
62420
62421
62422
62423
62424
62425
62426
62427
62428
62429
62430
62431
62432
62433
62434
62435
62436
62437
62438
62439
62440
62441
62442
78827
62443
78828
62444
78829
62445
78830
62446
78831
62447
78832
62448
78833
62449
78834
62450
78835
62451
78836
62452
62453
62454
62455
78840
62456
78841
62457
78842
62458
78843
62459
78844
62460
78845
62461
78846
62462
78847
62463
78848
62464
62465
78850
62466
78851
62467
78852
62468
78853
62469
62470
62471
62472
62473
62474
62475
62476
62477
62478
62479
62480
62481
62482
62483
62484
62485
62486
62487
62488
62489
62490
62491
62492
62493
62494
62495
62496
62497
62498
62499
62500
62501
62502
62503
62504
78889
62505
62506
62507
62508
62509
62510
62511
62512
62513
62514
62515
62516
62517
62518
62519
62520
62521
62522
62523
62524
62525
62526
62527
62528
62529
62530
62531
62532
62533
62534
62535
62536
62537
62538
62539
62540
62541
62542
62543
62544
62545
62546
62547
62548
62549
62550
62551
62552
62553
62554
62555
62556
62557
62558
62559
62560
62561
62562
62563
62564
62565
62566
62567
62568
62569
62570
62571
62572
62573
62574
62575
62576
62577
62578
62579
62581
62582
62583
62584
62585
62586
62587
62588
62589
62590
62591
62592
62594
78979
62595
78980
62597
62598
78983
62599
78984
62600
78985
62601
78986
62602
78987
62603
78988
62604
62605
62606
62607
62608
62609
62611
62612
62613
62614
62615
62616
62617
62618
62619
62621
62622
62623
62624
62625
62626
62627
62628
62629
62631
62632
62633
62634
62635
62636
62638
62640
62641
62642
62643
62650
62651
62652
62653
62654
62655
62656
62657
62658
62659
62660
62661
62662
62663
62664
62665
62667
62668
62669
62670
62671
62673
62674
62675
62676
62677
62678
62679
62680
62681
62682
62683
62684
62685
62686
62687
62688
62695
62696
62697
62698
62699
62700
62701
62702
62703
62704
62705
62711
62712
62713
62714
62715
62716
62717
62718
62719
62720
62721
62722
62723
62724
62725
62726
62727
62728
62729
62730
62731
62732
62733
62734
62735
62737
62738
62740
62741
62743
62744
79426
79427
79428
79429
79430
79431
79432
79433
79434
79440
79441
79442
79443
79444
79445
79446
79447
79448
79449
79450
79451
79452
79453
79454
79461
79462
79463
79464
79465
79466
79467
79468
79469
79470
79471
79472
63231
63232
63233
63234
63235
63236
63237
63238
63239
63249
63250
63251
63252
63253
63254
63255
63256
63257
63258
63259
63260
63261
63404
63405
63406
63407
63408
63409
63410
63411
63412
63413
63414
63415
63416
63417
63418
63419
63420
63421
63422
63423
63424
63425
63426
63427
63428
63430
63431
63432
63433
63435
63436
63437
63438
63439
63441
63442
63443
63444
63446
63447
63448
63449
63450
63451
63452
63453
63454
63455
63456
63457
63458
63459
63461
63462
63463
63464
63465
63466
63467
63468
63469
63471
63472
63473
63474
63475
63476
63477
63479
63481
63482
63483
63484
63485
63486
63487
63488
63489
63491
63492
63493
63495
63496
63497
63498
63499
63500
63501
63502
63503
63504
63505
63507
63508
63509
63510
63511
63512
63513
63515
63516
63517
63518
63519
63520
63521
63522
63523
63524
63525
63526
63527
63528
63529
63530
63531
63532
63533
63534
63535
63536
63537
63538
63539
63540
63541
63542
63543
63547
63548
63549
63550
63551
63552
63553
63554
63555
63556
63557
63558
63559
63560
63561
63562
63563
63564
63565
63566
63567
63568
63569
63570
63571
63572
63573
63574
63575
63576
63577
63578
63579
63588
63589
63590
63591
63592
63593
63594
63595
63596
63597
63598
63599
63600
63601
63602
63603
63604
63613
63614
63615
63616
63617
63618
63619
63620
63621
63622
63623
63624
63625
63627
63628
63629
63630
63632
63633
63634
63635
63636
63637
63638
63639
63640
63641
63642
63643
63644
63645
63646
63647
63648
63649
63651
63652
63653
63654
63655
63656
63657
63659
63660
63661
63662
63663
63664
63665
63675
63676
63677
63678
63679
63680
63681
63682
63683
63684
63685
63686
80560
80561
80562
80563
80564
80565
64259
64260
64261
64262
64263
64264
64265
64266
64267
64268
64269
64270
64272
64273
64274
64275
64276
64277
64278
64279
64280
64281
64282
64283
64284
64285
64287
64288
64289
64290
64291
64292
64293
64294
64295
64296
64297
64298
64299
64300
64301
64302
64303
64304
64305
64306
64307
64308
64309
64310
64311
64312
64313
64314
64345
64346
64347
64348
64349
64360
64361
64363
64364
64365
64366
64367
64368
64369
64370
64371
64372
64373
64374
64375
64376
64377
64387
64388
64389
64390
64391
64392
64393
64394
64395
64396
64397
64398
64399
64400
64401
64402
64403
64404
64405
64406
64407
64408
64409
64410
64411
64412
64413
64414
64415
64416
64417
64418
64419
64420
64421
64422
64423
64424
64425
64426
64427
64428
64429
64430
64431
64432
64433
64434
64435
64436
64437
64438
64439
64440
64441
64442
64443
64444
64445
64446
64447
64448
64449
64450
64451
64452
64453
64454
64455
64456
64457
64458
64459
64460
64461
64462
64463
64464
64465
64466
64467
64468
64469
64470
64471
64472
64473
64474
64475
64476
64477
64478
64479
64480
64481
64482
64483
64484
64485
64486
64487
64488
64489
64490
64492
64493
64494
64496
64497
64498
64499
64500
64501
64502
64503
64504
64505
64506
64516
64517
64518
64519
64520
64521
64522
64523
64524
64525
64526
64527
64528
64529
64530
64531
64532
64533
64534
64535
64536
64537
64538
64539
64540
64541
64542
64543
64544
64545
64546
64556
64557
64558
64559
64560
64561
64562
64563
64564
64565
64567
64568
64569
64570
64571
64572
64573
64574
64575
64576
64577
64578
64596
64597
64598
64599
64600
64601
64602
64603
64604
64605
64606
64607
64608
64609
64610
64611
64612
64613
64614
64615
64616
64617
64618
64619
64620
64621
64622
64623
64624
64625
64626
64627
64629
64630
64631
64633
64634
64635
64636
64637
64638
64639
64640
64641
64642
64643
64644
64645
64646
64647
64648
64649
64650
64651
64668
64669
64670
64671
64672
64673
64674
64675
64676
64677
64678
64679
64680
64682
64683
64684
64685
64686
64687
64688
64689
64690
64691
64692
64702
64703
64704
64705
64706
64707
64708
64709
64710
64711
64712
64713
64714
64715
64716
64717
64718
64719
64720
64721
64722
64723
64724
64725
64726
64727
64728
64729
64730
64731
64732
64733
64734
64735
64736
64737
64738
64739
64740
)


// ************************************************************************* //
