/*--------------------------------*- C++ -*----------------------------------*\
| =========                 |                                                 |
| \\      /  F ield         | OpenFOAM: The Open Source CFD Toolbox           |
|  \\    /   O peration     | Version:  2212                                  |
|   \\  /    A nd           | Website:  www.openfoam.com                      |
|    \\/     M anipulation  |                                                 |
\*---------------------------------------------------------------------------*/
FoamFile
{
    version     2.0;
    format      ascii;
    arch        "LSB;label=32;scalar=64";
    class       cellSet;
    location    "constant/polyMesh/sets";
    object      Clone001;
}
// * * * * * * * * * * * * * * * * * * * * * * * * * * * * * * * * * * * * * //


7170
(
66498
66499
66500
66501
66502
66503
66504
66505
66506
66507
66508
66509
66510
66511
66512
66513
66515
66591
66592
66593
66594
66595
66596
66597
66598
66599
66600
66601
66602
66603
66604
66605
66606
66607
66608
66609
66610
66611
66612
66613
66614
66615
66616
66617
66619
66620
66621
66622
66623
66624
66625
66626
66627
66628
66629
66630
66631
66632
66633
66634
66635
66636
66637
66638
66639
66640
66641
66642
66643
66644
66645
66646
66647
66648
66649
66650
66651
66652
66653
66654
66655
66656
66657
66658
66659
66660
66661
66662
66663
66664
66665
66666
66667
66668
66669
66670
66671
66672
66673
66674
66675
66676
66677
66678
66679
66680
66681
66686
66687
66692
66693
66694
66695
66696
66697
66698
66699
66700
66701
66702
66703
66704
66705
66706
66707
66708
66709
66710
66711
66712
66713
66714
66715
66716
66717
66718
66719
66720
66721
66722
66723
66724
66725
66726
66727
66728
66729
66730
66731
66732
66733
66734
66735
66736
66737
66738
66739
66740
66741
66742
66743
66744
66745
66746
66747
66748
66749
66750
66751
66752
66753
66754
66755
66756
66757
66758
66759
66760
66761
66762
66763
66765
66766
66767
66768
66769
66770
66771
66772
66791
66792
66793
66794
66795
66796
66797
66798
66799
66800
66801
66802
66803
66804
66805
66806
66807
66808
66809
66810
66811
66815
66816
66821
66822
66823
66824
66825
66826
66827
66828
66829
66830
66838
66839
66840
66841
66842
66843
66844
66845
66846
66847
66848
66849
66850
66851
66852
66853
66854
66855
66856
66857
66858
66859
66860
66861
66862
66863
66864
66865
66866
66867
66868
66869
66873
66874
66879
66880
66881
66882
50710
50711
50712
50713
50714
50715
50716
50717
50718
50719
50720
50721
50722
50723
50724
50725
50726
50727
50728
50729
50730
50731
50732
50733
50734
50735
50736
50737
50738
50739
50740
50743
50744
50745
1593
50746
1594
50747
1595
50748
1596
50749
50750
50751
50752
50753
50754
50755
50756
50757
50758
50759
50760
50761
50762
50763
50764
50765
50766
50767
50768
50769
50770
50771
50772
50773
50774
50775
50776
50777
50778
50779
50780
50781
50782
50783
50784
50785
50786
50787
50788
50789
50790
50791
50792
50793
50794
50795
50796
50797
50798
50799
50800
50801
50802
50803
50804
50805
50806
50807
50808
50809
50810
50811
50812
50813
50814
50815
50816
50817
50818
50819
50820
50821
50822
50823
50824
50825
50826
50829
50830
50831
50832
50833
50834
50835
50836
50837
50838
50839
50840
50841
50842
50843
50844
50895
50896
50897
50898
50899
50900
50901
50902
50903
50904
50905
50906
50907
50908
50909
50910
50911
50912
50913
50914
50915
50916
50917
50918
50919
50920
50921
50922
50923
50924
50925
50926
50927
50928
50929
50930
50931
50932
50933
50934
50935
50936
50937
50938
50939
50940
50941
50942
50943
50944
50945
50946
50947
50948
50949
50950
50951
50952
50953
50954
50955
50956
50957
50958
50959
50960
50961
50962
50963
50964
50965
50966
50967
50968
50969
50970
50971
50972
50973
50974
50975
50976
50977
50978
50979
50980
50981
50982
50983
50984
50985
50986
50987
50988
50989
50990
50991
50992
50993
50994
50995
50996
50997
50998
50999
51000
51001
51002
51003
51004
51005
51006
51007
51008
51009
51010
51011
51012
51013
51014
51015
51016
51017
51018
51019
51020
51021
51022
51023
51024
51025
51026
51028
51029
51030
51031
51032
51033
51034
51035
51036
51037
51038
51039
51064
51065
51066
51067
51068
51069
51070
51071
51072
51073
51074
51075
51076
51077
51078
51079
51080
51081
51082
51083
51084
51085
51086
51087
51088
51089
51090
51091
51092
51093
51094
51095
51096
51097
51098
51099
51100
51101
51102
51103
51104
51105
51106
51107
51108
51109
51110
51111
51112
51113
51117
51118
51119
51120
51121
51122
51123
51124
51125
51126
51127
51128
51129
51130
51131
51132
51134
51135
51136
51137
51138
51139
51140
51141
51143
51144
51145
51146
51147
51148
51149
51150
51151
51152
51153
51154
51155
51156
51157
51158
51159
51160
51161
51162
51163
51164
51165
51166
51167
51168
51169
51171
51172
51174
51175
51176
51177
51178
51179
51180
51181
51182
51183
51185
51186
51187
51189
51190
51191
51192
51193
51194
51195
51196
51197
51198
51199
51200
51201
51202
51203
51204
51205
51206
51207
51208
51209
51210
51211
51212
51213
51214
51215
51217
51218
51219
51220
51221
51223
51224
51225
51226
51227
51228
51229
51230
51231
51232
51233
51234
51235
51237
51238
51239
51241
51242
51243
51244
51245
51246
51247
51248
51249
51250
51251
51252
51253
51254
51255
51256
51258
51259
51260
51261
51262
51263
51264
51266
51267
51268
51269
51270
51271
51272
51273
51274
51275
51276
51277
51278
51279
51280
51281
51283
51284
51286
51287
51288
51289
51290
51291
51292
51293
51294
51295
67680
51296
67681
51297
67682
51298
67683
51299
67684
51300
67685
51301
67686
51302
67687
51303
51304
51305
51306
51307
51308
51309
51310
51311
51312
51313
51314
51315
51316
51317
51318
51319
51320
51321
51322
51323
51324
51325
51326
51327
51333
51336
51337
51339
51340
51341
51342
51343
67745
67746
67750
67751
67752
67753
67754
67755
67756
67757
67758
67759
67760
67761
67762
67763
67764
67765
67766
67767
67768
67769
67770
67771
67772
67773
67774
67775
67776
67777
67779
67780
67781
67782
67783
67784
67785
67786
67787
67788
67789
67790
67792
67793
67794
67795
67796
67797
67812
67813
67814
67815
67816
67817
67818
67819
67820
67821
67822
67823
67824
67835
67836
67837
67838
67839
67840
67841
67842
67843
67844
67845
67846
67847
67848
67849
67850
67851
67873
67874
67875
67876
67877
67878
67879
67880
67881
67882
67883
67884
67885
67886
67887
67888
67889
67890
67891
67892
67893
67894
67895
67896
67898
67899
67900
67901
67902
67903
67904
67967
67968
67969
67970
67971
67972
67973
67974
67975
67976
67977
67978
67979
67980
67981
67982
67983
67984
67985
67986
67987
67988
67989
67990
67991
67992
67993
67994
68001
68002
68003
68004
68005
68006
68007
68008
68009
68010
68011
68012
68013
68014
68015
68016
68017
68018
68020
68021
68022
68023
68024
68025
68026
68027
68028
68030
68031
68032
68034
68035
68036
68037
68038
68039
68040
68041
68042
68043
68044
68045
68046
68047
68053
68054
68055
68056
68057
68058
68059
68060
68061
68062
68063
68064
68065
68066
68067
68068
68069
68070
68071
68072
68073
68074
68075
68076
68077
68078
68079
68080
68081
68082
68083
68084
68085
68086
68087
68088
68089
68090
68091
68092
68093
68094
68095
68096
68097
68098
68099
68100
68101
68102
68103
68104
68105
68106
68107
68108
68109
68110
68111
68112
68113
68114
68115
68116
68117
68118
68119
68120
68121
68122
68123
68124
68125
68126
68127
68128
68129
68130
68131
68132
68133
68134
68135
68136
68137
68138
68139
68140
68141
68142
68143
68144
68145
68146
68147
68148
68149
68150
68151
68152
68153
68154
68155
68156
68157
68158
68159
68160
68161
68162
68163
68164
68165
68166
68167
68168
68169
68170
68171
68172
68173
68186
68187
68188
68189
68190
68191
68192
68193
68194
68195
68196
68197
68198
68199
68200
68201
68202
68203
68204
68205
68206
68207
68208
68209
68210
68211
68212
68213
68214
68215
68216
68217
68218
68219
68220
68221
68222
68223
68224
68225
68226
68227
68228
68229
68230
68231
68232
68233
68234
68235
68236
68237
68238
68239
68240
68241
68242
68243
68244
68245
68246
68247
68248
68249
68250
68251
68252
68253
68254
68255
68256
68257
68258
68259
68260
68261
68262
68263
68264
68265
68266
68267
68268
68269
68270
68271
68272
68273
68274
68275
68276
68277
68278
68279
68280
68281
68282
68283
68284
68285
68286
68287
68289
68290
68291
68292
68293
68294
68295
68296
68297
68298
68299
68300
68302
68303
68304
68305
68306
68307
68308
68309
68310
68311
68312
68315
68316
68322
68323
68324
68325
68326
68327
68328
68329
68330
68331
68332
68333
68334
68335
68336
68337
68338
68339
68340
68341
68342
68343
68344
68345
68346
68347
68348
68349
68350
68351
68352
68353
68354
68355
68356
68357
68358
68359
68360
68361
68362
68363
68364
68365
68366
68367
68368
68369
68370
68371
68372
68373
68374
68375
68376
68377
68378
68379
68380
68381
68382
68383
68384
68385
68386
68387
68388
68389
68390
68391
68392
68393
68394
68395
68396
68397
68398
68399
68400
68401
68402
68403
68404
68405
68406
68407
68408
68409
68410
68411
68412
68413
68414
68415
68416
68417
68428
68429
68430
68431
68432
68433
68434
68435
68436
68437
68438
68439
68440
68441
68443
68444
68445
68446
68474
68475
68476
68477
68478
68479
68480
68481
68482
68483
52099
52100
52101
52102
52103
52104
68489
52105
68490
52106
52107
52108
52109
52110
52111
68496
52112
68497
52113
68498
52114
68499
52115
68500
68501
68502
68503
68504
68505
68506
68507
68508
68509
68510
68511
68512
68513
68514
68515
68516
68517
68518
68519
68520
68521
68522
68523
68524
68525
68526
68527
68528
68529
68530
68531
68532
68533
68534
68535
68536
68537
68538
68539
68540
68541
68542
68543
68544
68545
68546
68547
68548
68549
68550
68551
68552
68553
68554
52170
68555
52171
68556
52172
68557
52173
68558
52174
68559
52175
68560
52176
68561
52177
68562
52178
68563
52179
68564
52180
68565
52181
68566
52182
68567
52183
68568
52184
68569
52185
68570
52186
68571
52187
68572
52188
68573
52189
68574
52190
68575
52191
68576
52192
68577
52193
68578
68579
68580
68581
68582
68583
68584
68585
68586
68587
68588
68589
68590
68591
68592
68593
68594
68595
68596
68597
68598
68599
68600
68601
68602
68603
68604
52220
68605
52221
68606
52222
68607
52223
68608
52224
68609
52225
68610
52226
68611
52227
68612
52228
68613
52229
68614
52230
68615
52231
68616
52232
68617
52233
68618
52234
68619
52235
68620
52236
68621
52237
68622
52238
68623
52239
68624
52240
68625
52241
68626
52242
68627
52243
68628
52244
68629
52245
68630
52246
68631
52247
68632
52248
68633
52249
68634
52250
68635
52251
52252
52253
52254
68639
52255
68640
52256
68641
52257
52258
52259
52260
52261
52262
52263
52264
52265
52266
52267
52268
52269
52270
52271
52272
52273
52274
52275
52276
52277
52278
52279
52280
52281
52282
52283
52284
52285
52286
52287
52288
52289
52290
52291
52292
52293
52294
52295
52296
52297
52298
52299
52300
52301
52302
52303
52304
52305
52306
52307
52308
52309
52310
52311
52312
52313
52314
52315
52316
52317
52318
52319
52320
52321
52322
52323
52324
52325
52326
52327
52328
52329
52330
52331
52332
52333
52334
52335
52336
52337
52341
52342
52343
52344
52345
52346
52347
52348
52349
52350
52351
52352
52353
52354
52355
52356
52358
52359
52360
52361
52362
52363
52364
52365
52366
52367
52368
52369
52370
52371
52372
52373
52374
52375
52376
52377
52378
52532
52533
52534
52535
52536
52537
52538
52539
52540
52541
52542
52543
52544
52545
52546
52547
52548
52549
52550
52551
52552
52553
52554
52555
52556
52557
52558
52559
52560
52561
52562
52563
52564
52565
52566
52567
52568
52569
52570
52571
52572
52573
52574
52575
52576
52577
52578
52580
52581
52583
52584
52585
52586
52587
52588
52589
52590
52591
52592
52594
52595
52596
52597
52598
52599
52600
52601
52602
52603
52604
52605
52606
52608
52609
52610
52611
52612
52613
52615
52616
52617
52618
52619
52620
52629
52630
52631
52632
52633
52634
52635
52636
52637
52638
52639
52640
52641
52642
52643
52644
52645
52646
52647
52648
52649
52650
52651
52652
52653
52654
52655
52657
52658
52659
52660
52661
52662
52663
52664
52665
52666
52667
52668
52669
52670
52671
52672
52673
52674
52675
52676
52677
52678
52679
52681
52682
52683
52684
52685
52686
52687
52688
52690
52691
52692
52693
52694
52695
52696
52697
52698
52699
52700
52701
52702
52703
52704
52705
52706
52707
52708
52709
52710
52711
52712
52713
52714
52715
52716
52717
52718
52719
52720
52721
52722
52723
52724
52725
52726
52727
52728
52729
52730
52731
52732
52734
52735
52736
52738
52739
52740
52741
52742
52743
52744
52745
52747
52748
52749
52750
52751
52753
52754
52755
52756
52757
52758
52759
53037
53038
53039
53040
53041
53042
53043
53044
53045
53046
53047
53048
53049
53050
53051
53052
53053
53054
53055
53056
53057
53058
53059
53060
53061
53062
53063
53064
53065
53066
53067
53068
53069
53070
53081
53082
53085
53086
53087
53088
53089
53090
53091
53092
53093
53094
53095
53096
53097
53098
53099
53100
53101
53102
53103
53104
53105
53106
53107
53108
53109
53110
53111
53112
53113
53114
53115
53116
53117
53118
53119
53120
53121
53122
53123
53124
53125
53126
53127
53128
53129
53130
53131
53132
53133
53134
53135
53136
53137
53138
53139
53140
53141
53142
53143
53144
53145
53146
53147
53148
53149
53150
53151
53152
53153
53154
53155
53156
53157
53158
53159
53160
53161
53162
53163
53164
53165
53166
53167
53168
53169
53170
53171
53172
53173
53174
53175
53176
53177
53178
53179
53180
53181
53182
53183
53184
53185
53186
53187
53188
53189
53190
53191
53192
53193
53194
53195
53196
53197
53198
53199
53200
53201
53202
53203
53204
53205
53206
53207
53208
53209
53210
53211
53212
53213
53214
53215
53216
53217
53218
53219
53220
53221
53222
53223
53224
53225
53226
53227
53228
53229
53230
53231
53232
53233
53234
53235
53236
53237
53238
53239
53240
53241
53242
53243
53245
53246
53247
53248
53250
53251
53252
53253
53254
53255
53266
53267
53270
53271
53272
53273
53274
53275
53276
53277
53278
53279
53280
53281
53282
53283
53284
53295
53296
53299
53300
53301
53302
53303
53304
53305
53306
53307
53308
53309
53310
53311
53312
53313
53314
53315
53316
53317
53318
53319
53320
53321
53322
53323
53324
53325
53326
53327
53328
53329
53330
53331
53332
53333
53334
53335
53336
53337
53338
53339
53340
53341
53342
53343
53344
53345
53346
53347
53348
53349
53350
53351
53352
53354
53355
53356
53358
53359
53360
53361
53362
53363
53364
53365
53367
53368
53369
53370
53371
53373
53374
53375
53376
53377
53378
53379
53380
53381
53382
53383
53384
53385
53386
86155
53387
86156
53388
86157
53389
86158
53390
86159
53391
86160
53392
86161
53393
86162
53394
86163
53395
86164
53396
86165
53397
86166
53398
86167
53399
86168
53400
86169
53401
86170
53402
86171
86172
86173
86174
86175
86176
86177
86178
53410
86179
53411
86180
53412
86181
53413
86182
53414
86183
53415
86184
53416
86185
53417
53418
86187
53419
53420
53421
53422
53423
86192
53424
86193
86194
86195
86196
86197
86198
86199
86200
86201
86202
53493
53494
53495
53496
53497
53498
53499
53500
53501
53502
53503
53504
53505
53506
53507
53508
86277
53509
86278
53510
86279
53511
86280
53512
86281
53513
53514
53515
86284
53516
86285
53517
86286
53518
86287
53519
86288
53520
86289
53521
86290
53522
53523
53524
53525
86294
53526
86295
53527
86296
53528
53529
53530
53531
86300
53532
86301
53533
86302
53534
86303
86304
53536
53537
53538
53540
53541
53542
53543
53544
53545
53546
53547
53548
53549
53551
53552
53553
53554
53556
53557
53558
53559
53560
53561
53562
53575
53576
53577
53578
53579
53580
53581
53582
53583
53584
53585
53586
53587
53588
53589
53590
53591
53592
53593
53594
53595
53596
53597
53598
53599
53601
53602
53603
53604
53605
53606
53607
53608
53609
53610
53611
53612
53613
53615
53616
53617
53618
53619
53620
53629
53630
53631
53632
53633
53634
53635
53636
53637
53638
53639
53640
53641
53642
53643
53644
53645
86414
53646
86415
53647
86416
53648
53649
53650
86420
53652
86421
53653
86422
53654
86423
86424
53656
86425
53657
86426
53658
53659
53660
53661
53662
53663
53664
53665
53666
53667
53668
53669
53670
53671
53672
53673
53674
53675
53676
53677
53678
53679
53680
53681
53683
53684
53685
53686
53687
53688
53690
53691
53692
53693
53694
53695
53710
53711
53712
53713
53714
53715
53716
53717
53718
53719
53720
53721
53722
53723
53724
53725
53726
53727
53728
53729
53730
53731
53732
53733
53735
53736
53737
53739
53740
53741
53742
53743
53744
53745
53746
53748
53749
53750
53751
53752
53753
53754
53755
53756
53757
53758
53759
53760
53761
53762
53763
53764
53765
53766
53767
53768
53769
53770
53771
53772
53774
53775
53776
53778
53779
53780
53781
53782
53783
53784
53785
53786
53787
53788
53789
53790
53791
53792
53793
53794
53795
53796
53797
53798
53799
53800
53801
53802
53803
53804
53805
53806
53807
53808
53809
53810
53811
53812
53813
53814
53815
53816
53817
53818
53819
53820
53821
53822
53823
53824
53825
53826
53827
53828
53829
53830
53831
53832
53833
53834
53835
53836
53837
53838
53839
53840
53841
53842
53843
53844
53845
53846
53847
53848
53849
53850
53851
53852
53853
53854
53855
53856
86625
53857
86626
53858
86627
53859
86628
53860
86629
53861
86630
53862
86631
53863
53864
53865
53866
53867
53868
53869
53870
53871
53872
53873
53874
53875
53876
53877
53878
53879
53880
53881
53882
53883
53884
53885
53886
53887
53888
53889
87322
87323
87324
87325
87326
87327
87328
87329
87330
87331
87332
87333
55675
55676
55677
55678
55679
55680
55681
55682
55683
55684
55685
55686
55687
55688
55689
55690
55691
55692
55693
55694
55695
55696
55697
55843
55844
55845
55846
56146
56147
56148
56149
56150
56151
56152
56153
56154
56155
56156
56157
56158
56159
56160
56162
56163
56164
56165
56166
56167
56168
56169
56170
56171
56172
56173
56174
56176
56177
56178
56179
56180
56181
56182
56184
56185
56186
56197
56199
56200
56201
56202
56203
56204
56205
56206
56208
56209
56210
56211
56212
56213
56214
56215
56216
56217
56218
56219
56220
56221
56222
56223
56224
56225
56226
56227
56228
56229
56230
56231
56232
56233
56234
56235
56236
56237
56238
56239
56240
56241
56242
56243
56244
56245
56247
56248
56249
56250
56251
56252
56253
56254
56255
56256
56257
56258
56259
56260
56261
56264
56265
56266
56267
56269
56270
56581
56582
56583
56584
56585
56586
56587
56588
56589
56590
56591
56592
56593
56594
56595
56596
56597
56598
56599
56600
56601
56602
56603
56604
56605
56606
56607
56608
56609
56610
56611
56612
56614
56615
56616
56617
56619
56620
56621
56622
56623
56624
56625
56626
56627
56628
56629
56630
56631
56632
56633
56634
56635
56636
56638
56639
56640
56641
56643
56644
56645
56646
56647
56648
56649
56650
56651
56652
56653
56654
56655
56656
56657
56658
56659
56660
56661
56663
56664
56665
56666
56667
56668
56669
56670
56671
56672
56673
56674
56675
56676
56677
56678
56679
56680
56681
56682
56683
56684
56685
56687
56688
56689
56690
56691
56692
56693
56694
56695
56697
56698
56700
56701
56702
56703
56704
56705
56706
56707
56708
56709
56710
56711
56712
56713
56714
56715
56716
56717
56718
56719
56720
56721
56722
56723
56724
56725
56726
56727
56728
56729
56730
56731
56732
56733
56734
56735
56736
56737
56738
56739
56740
56741
56742
56743
56744
56745
56746
56747
56748
56750
56751
56752
56753
56755
56756
56757
56758
56759
56760
56762
56763
56764
56765
56766
56767
56768
56769
56770
56771
56786
56787
56788
56789
56790
56791
56792
56793
56794
56795
56796
56797
56798
56799
56800
56801
56802
56803
56804
56805
56806
56807
56808
56809
56810
56811
56812
56813
56814
56815
56816
56817
56818
56819
56820
56821
56822
56823
56824
56825
56826
56827
56828
56829
56830
56831
56832
56833
56834
56835
56836
56837
56838
56839
56840
56841
56842
56843
56844
56845
56846
56847
56848
56849
56851
56852
56853
56854
56855
56856
56857
56859
56860
56861
56862
56863
56864
56865
56866
56867
56868
56869
56870
56871
56872
56873
56875
56876
56877
56878
56879
56880
56881
56882
56883
56884
56885
56886
56887
56888
56889
56890
56891
56892
56893
56894
56895
56896
56897
56898
56899
56901
56902
56903
56904
56905
56906
56908
56909
56910
56911
56912
56913
56914
56915
56916
56917
56918
56919
56920
56921
56923
56924
56925
56926
56927
56928
56929
56930
56931
56932
56933
56934
56935
56936
56937
56938
56939
56940
56941
56942
56943
56944
56945
56946
56947
56948
56949
56950
56951
56952
56953
56954
56955
56956
56957
56958
56959
56960
56961
56962
56963
56964
56965
56966
56967
56968
56969
56970
56971
56972
56973
56974
56975
56976
56977
56978
56979
56980
56981
56982
56983
56984
56985
56986
56987
56988
56989
56990
56991
56992
56993
56994
56995
56996
56997
56998
56999
57000
57001
57014
57015
57174
57175
57176
57177
57178
57179
57180
57181
57182
57183
57184
57185
57186
57187
57188
57189
57190
57191
57192
57193
57194
57195
57196
57197
57198
57199
57200
57201
57202
57203
57204
57205
57206
57207
57208
57209
57211
57212
57213
57215
57216
57217
57218
57219
57220
57221
57222
57223
57224
57225
57226
8074
57227
8075
57228
8076
8077
57230
8078
57231
8079
57232
8080
57233
8081
8082
57235
8083
57236
8084
57237
8085
57238
8086
57239
8087
57240
8088
57241
8089
57242
8090
57243
8091
57244
8092
57245
8093
57246
8094
57247
8095
57248
8096
57249
8097
57250
8098
57251
8099
57252
8100
57253
8101
57254
8102
8103
8104
8105
8106
8107
8108
8109
8110
8111
57264
8112
57265
8113
57266
8114
57267
8115
57268
8116
57269
8117
57270
8118
57271
8119
57272
8120
57273
8121
57274
8122
57275
8123
57276
8124
57277
8125
57278
8126
57279
8127
57280
8128
57281
8129
57282
8130
57283
8131
57284
8132
57285
8133
57286
8134
57287
8135
57288
8136
57289
8137
57290
8138
57291
8139
57292
8140
57293
8141
8142
57295
8143
57296
8144
57297
8145
8146
57299
8147
57300
8148
57301
8149
57302
8150
57303
8151
57304
8152
8153
57306
8154
57307
8155
57308
8156
57309
8157
57310
8158
57311
8159
57312
8160
57313
8161
57314
8162
57315
8163
57316
8164
57317
8165
57318
8166
57319
8167
57320
8168
57321
8169
57322
8170
57323
8171
57324
8172
57325
8173
57326
8174
57327
8175
57328
8176
57329
8177
57330
8178
57331
8179
57332
8180
57333
8181
57334
8182
57335
8183
57336
8184
57337
8185
57338
8186
57339
8187
57340
8188
57341
8189
57342
8190
57343
8191
8192
57345
8193
57346
8194
57347
8195
8196
57349
8197
57350
8198
57351
8199
57352
8200
57353
8201
57354
8202
57355
8203
57356
8204
57357
8205
57358
8206
57359
8207
8208
57361
8209
57362
8210
57363
8211
57364
8212
57365
8213
57366
8214
57367
8215
57368
8216
57369
8217
57370
8218
57371
8219
57372
8220
57373
8221
57374
8222
57375
8223
57376
8224
57377
8225
57378
8226
57379
8227
57380
8228
57381
8229
57382
8230
57383
8231
57384
8232
8233
57386
8234
57387
8235
57388
8236
8237
57390
8238
57391
8239
57392
8240
57393
8241
57394
8242
57395
8243
8244
57397
8245
57398
8246
57399
8247
57400
8248
57401
8249
57402
8250
57403
8251
57404
8252
57405
8253
8254
57407
8255
57408
8256
57409
8257
57410
8258
57411
8259
57412
8260
57413
8261
57414
8262
57415
8263
57416
8264
8265
8266
8267
8268
8269
8270
8271
8272
8273
8274
8275
8276
8277
8278
8279
8280
8281
8282
8283
8284
8285
8286
8287
8288
8289
8290
8291
8292
8293
8294
8295
8296
8297
8298
8299
8300
8301
8302
8303
8304
8305
8306
8307
8308
8309
8310
8311
8312
8313
8314
8315
8316
8317
8318
8319
8320
8321
8322
8323
8324
8325
8326
8327
8328
8329
8330
8331
8332
8333
8334
8335
8336
8337
8338
8339
8340
8341
8342
8343
8344
8345
8346
8347
8348
8349
57502
8350
57503
8351
57504
8352
57505
8353
57506
8354
57507
8355
57508
8356
57509
8357
57510
8358
57511
8359
57512
8360
57513
8361
57514
8362
57515
8363
57516
8364
57517
8365
57518
8366
57519
8367
57520
8368
57521
8369
57522
8370
57523
8371
57524
8372
57525
8373
57526
8374
57527
8375
57528
8376
57529
8377
57530
8378
57531
8379
57532
8380
57533
8381
57534
8382
57535
8383
57536
8384
57537
8385
57538
8386
57539
8387
57540
8388
57541
8389
57542
8390
57543
8391
8392
57545
8393
57546
8394
57547
8395
57548
8396
57549
8397
57550
8398
57551
8399
57552
8400
8401
57554
8402
57555
8403
57556
8404
57557
8405
57558
8406
57559
8407
57560
8408
57561
8409
57562
8410
57563
8411
57564
8412
57565
8413
57566
8414
57567
8415
57568
8416
57569
8417
57570
8418
57571
8419
57572
8420
57573
8421
57574
8422
57575
8423
57576
8424
57577
8425
57578
8426
57579
8427
57580
8428
57581
8429
57582
8430
57583
8431
57584
8432
57585
8433
57586
8434
57587
8435
57588
8436
57589
8437
57590
8438
57591
8439
57592
8440
57593
8441
57594
8442
57595
8443
57596
8444
57597
8445
57598
8446
57599
8447
57600
8448
57601
8449
57602
8450
57603
8451
57604
8452
57605
8453
57606
8454
57607
8455
57608
8456
57609
8457
57610
8458
57611
8459
57612
8460
57613
8461
57614
8462
57615
8463
57616
8464
57617
8465
57618
8466
57619
8467
57620
8468
57621
8469
57622
8470
57623
8471
57624
8472
57625
8473
57626
8474
57627
8475
57628
8476
57629
8477
57630
8478
57631
8479
57632
8480
57633
8481
57634
8482
57635
8483
57636
8484
57637
8485
8486
57639
8487
57640
8488
57641
8489
57642
8490
57643
8491
57644
8492
57645
8493
57646
8494
57647
8495
57648
8496
57649
8497
57650
8498
57651
8499
57652
8500
57653
8501
57654
8502
57655
8503
57656
8504
57657
8505
57658
8506
57659
8507
57660
8508
57661
8509
57662
8510
57663
8511
57664
8512
57665
8513
57666
8514
57667
8515
57668
8516
57669
8517
57670
8518
57671
8519
57672
8520
57673
8521
57674
8522
57675
8523
57676
8524
57677
8525
57678
8526
57679
8527
8528
8529
8530
8531
8532
8533
8534
8535
8536
8537
8538
8539
8540
8541
8542
8543
8544
8545
8546
8547
8548
8549
8550
8551
8552
8553
8554
8555
8556
8557
8558
8559
8560
8561
8562
8563
8564
8565
8566
8567
8568
8569
8570
8571
8572
8573
8574
8575
8576
8577
8578
8579
8580
8581
8582
8583
8584
8585
8586
8587
8588
8589
8590
8591
8592
8593
8594
8595
8596
8597
8598
8599
8600
8601
8602
8603
8604
8605
8606
8607
8608
8609
8610
8611
8612
8613
8614
8615
8616
8617
8618
8619
8620
8621
8622
8623
8624
8625
8626
8627
8628
8629
8630
8631
8632
8633
8634
8635
8636
8637
8638
8639
8640
8641
8642
8643
8644
8645
8646
8647
8648
8649
8650
8651
8652
8653
8654
8655
8656
8657
8658
8659
8660
8661
8662
8663
8664
8665
8666
8667
8668
8669
8670
8671
8672
8673
8674
8675
8676
8677
8678
8679
8680
8681
8682
8683
8684
8685
8686
8687
8688
8689
8690
8691
8692
8693
8694
8695
8696
8697
8698
8699
8700
8701
8702
8703
8704
8705
8706
8737
8738
8739
8740
8741
8742
8743
8744
8745
8746
8747
8748
8749
8750
8751
8752
8753
8754
8755
8756
8757
8758
8759
8760
8761
8762
8763
8764
8765
8766
8767
8768
8769
8770
8771
8772
8773
8774
8775
8776
8777
8778
57931
8779
57932
8780
57933
8781
57934
8782
57935
8783
57936
8784
57937
8785
57938
8786
57939
8787
57940
8788
57941
8789
57942
8790
57943
8791
57944
8792
57945
8793
57946
8794
57947
8795
57948
8796
57949
8797
57950
8798
57951
8799
57952
8800
57953
8801
57954
8802
57955
8803
57956
8804
57957
8805
57958
8806
57959
8807
57960
8808
57961
8809
57962
8810
57963
8811
57964
8812
57965
8813
57966
8814
57967
8815
57968
8816
57969
8817
57970
8818
8819
8820
8821
8822
8823
8824
8825
8826
8827
8828
8829
8830
8831
8832
8833
8834
8835
8836
8837
8838
8839
8840
8841
8842
8843
8844
57997
8845
57998
8846
57999
8847
58000
8848
58001
8849
58002
8850
58003
8851
58004
8852
58005
8853
58006
8854
58007
8855
58008
8856
58009
8857
58010
8858
58011
8859
58012
8860
58013
8861
58014
8862
58015
8863
58016
8864
58017
8865
58018
8866
58019
8867
58020
8868
58021
8869
58022
8870
58023
8871
58024
8872
58025
8873
58026
8874
58027
8875
58028
8876
58029
8877
58030
8878
58031
8879
58032
8880
58033
8881
58034
8882
58035
8883
58036
8884
58037
8885
58038
8886
58039
8887
58040
8888
58041
8889
58042
8890
58043
8891
58044
8892
58045
8893
58046
8894
58047
58048
58049
58050
58051
58052
58053
8906
8907
8908
8909
8910
8911
8912
8913
8914
8915
41725
41726
58165
58166
58167
41783
58168
41784
58169
41785
58170
41786
58171
41787
58172
41788
58173
41789
58174
41790
58175
41791
58176
41792
58177
41793
58178
41794
58179
41795
58180
41796
58181
41797
58182
41798
58183
41799
58184
41800
58185
41801
58186
41802
58187
41803
58188
41804
58189
41805
58190
41806
58191
41807
58192
41808
58193
41809
58194
41810
58195
41811
58196
41812
58197
41813
58198
41814
58199
41815
58200
41816
58201
41817
58202
41818
41819
41820
41821
41822
41823
41824
41825
41826
41827
41850
41851
41852
41853
41854
41855
41856
41857
41858
41859
41860
41861
41862
41863
41864
41865
41866
41867
41868
58253
41869
58254
41870
58255
41871
58256
41872
58257
41873
58258
41874
58259
41875
58260
41876
58261
41877
58262
41878
58263
41879
58264
41880
58265
41881
58266
41882
58267
41883
58268
41884
58269
41885
58270
41886
58271
58272
58273
58274
58275
58276
58277
58278
58442
58443
58444
58445
58446
58447
58448
58449
58450
58451
58452
58453
58454
58455
58456
58457
58458
58459
58461
58462
58464
58465
58466
58467
58468
58469
58470
58471
58472
58473
58474
58475
58476
58477
58478
58479
58480
58481
58482
58483
58484
58485
58486
58488
58489
58490
58491
58492
58493
58494
58495
58496
58497
58498
58499
58500
58501
58502
58503
58504
58505
58506
58507
58508
58509
58510
58511
58512
58513
58514
58515
58516
58517
58518
58519
58520
58521
58522
58523
58524
58525
58526
58527
58528
58529
58530
58531
58532
58533
58534
58535
58536
58537
58538
58539
58540
58541
58542
58543
58544
58545
58546
58547
58548
58549
58550
58551
58552
58553
58554
58555
58556
58557
58558
58559
58560
58561
58562
58563
58564
58565
58566
58567
58568
58569
58570
58571
58572
58573
58574
58575
58576
58577
58578
58579
58580
58581
58582
58583
58584
58585
58586
58587
58588
58589
58590
58591
58592
58594
58595
58596
58597
58598
58599
58600
58601
58602
58604
58605
58606
58607
58608
58609
58610
58612
58613
58614
58616
58617
58618
58619
58620
58621
58622
58623
58624
58625
58626
58627
9475
58628
9476
58629
9477
58630
9478
58631
9479
58632
9480
58633
9481
58634
9482
58635
9483
58636
9484
58637
9485
9486
58639
9487
58640
9488
58641
9489
9490
58643
9491
58644
9492
58645
9493
58646
9494
58647
9495
58648
9496
58649
9497
58650
9498
58651
9499
58652
9500
58653
9501
58654
9502
58655
9503
58656
9504
9505
9506
9507
9508
9509
9510
9511
9512
9513
9514
9515
9516
9517
9518
9519
9520
9521
9522
9523
9524
9525
9526
9527
9528
9529
9530
9531
9532
9533
9534
9535
9536
9537
9538
9539
9540
9541
9542
9543
9544
9545
9546
9547
75084
9548
75085
9549
75086
9550
75087
9551
75088
9552
75089
9553
75090
9554
75091
9555
75092
9556
75093
9557
75094
9558
75095
9559
75096
9560
75097
9561
75098
9562
75099
9563
75100
9564
75101
9565
75102
9566
75103
9567
75104
9568
75105
9569
75106
9570
75107
9571
75108
9572
75109
9573
75110
9574
75111
9575
75112
9576
75113
9577
75114
9578
75115
9579
75116
58732
9580
75117
9581
75118
9582
75119
9583
75120
9584
75121
9585
75122
9586
75123
9587
75124
75125
75126
75127
75128
75129
75130
9594
75131
9595
75132
9596
75133
9597
75134
9598
75135
9599
75136
9600
75137
9601
75138
9602
75139
9603
75140
9604
75141
9605
75142
9606
75143
9607
75144
9608
75145
9609
75146
9610
75147
9611
75148
9612
75149
9613
75150
9614
75151
9615
75152
9616
75153
9617
75154
9618
75155
9619
75156
9620
75157
9621
75158
9622
75159
9623
9624
58777
9625
58778
9626
58779
9627
58780
9628
58781
9629
58782
9630
58783
9631
58784
9632
58785
9633
58786
9634
58787
9635
58788
9636
58789
9637
58790
9638
58791
9639
58792
9640
58793
9641
58794
9642
58795
9643
58796
9644
58797
9645
58798
9646
58799
9647
58800
9648
58801
9649
58802
9650
58803
9651
58804
9652
58805
9653
58806
9654
58807
9655
58808
9656
58809
9657
75194
58810
9658
75195
58811
9659
75196
58812
9660
75197
58813
9661
75198
58814
9662
75199
58815
9663
75200
58816
9664
75201
58817
9665
75202
58818
9666
75203
58819
9667
75204
58820
9668
75205
58821
9669
75206
58822
9670
75207
58823
9671
75208
58824
9672
75209
58825
9673
75210
58826
9674
75211
58827
9675
75212
58828
9676
75213
58829
9677
75214
58830
9678
75215
58831
9679
75216
58832
9680
75217
58833
9681
75218
9682
75219
9683
75220
9684
75221
9685
75222
9686
75223
9687
75224
9688
75225
58841
9689
75226
58842
9690
75227
58843
9691
75228
58844
9692
75229
58845
9693
75230
58846
9694
75231
58847
9695
58848
9696
75233
58849
9697
75234
58850
9698
75235
58851
9699
75236
58852
9700
75237
58853
9701
75238
58854
9702
75239
58855
9703
58856
9704
58857
9705
58858
9706
58859
9707
58860
9708
58861
9709
58862
9710
58863
9711
58864
9712
58865
9713
58866
9714
58867
9715
58868
9716
58869
9717
58870
9718
9719
9720
9721
9722
9723
9724
9725
9726
9727
9728
9729
9730
9731
9732
9733
9734
9735
9736
9737
9738
9739
9740
9741
9742
9743
9744
9745
9746
9747
9748
75285
9749
75286
9750
75287
9751
75288
9752
75289
9753
75290
9754
75291
9755
75292
9756
75293
9757
75294
9758
75295
9759
75296
9760
75297
9761
75298
9762
75299
9763
75300
9764
75301
9765
75302
9766
75303
9767
75304
9768
75305
9769
75306
9770
75307
9771
75308
9772
75309
9773
75310
9774
9775
9776
9777
9778
9779
9780
9781
9782
9783
9784
9785
9786
9787
9788
9789
9790
9791
9792
9793
9794
9795
9796
9797
9798
9799
9800
9801
9802
9803
9804
9805
9806
9807
9808
9809
9810
9811
9812
9813
9814
9815
9816
9817
9818
9819
9820
9821
9822
9823
9824
9825
9826
9827
9828
9829
9830
9831
9832
9833
9834
9835
9836
9837
9838
9839
9840
9841
9842
9843
9844
9845
9846
9847
9848
9849
9850
9851
9852
9853
9854
9855
9856
9857
9858
9859
9860
9861
9862
9863
9864
9865
59100
59101
59102
59103
59104
59105
59106
59107
59108
59109
59110
59111
59112
59113
59114
59115
59116
59117
59118
59119
59120
59121
59123
59124
59125
59127
59128
59129
59130
59131
59132
59133
59134
59136
59137
59138
59140
59141
59142
59143
59144
59145
59146
59147
59148
59149
59150
59151
59152
59153
59154
59155
59156
59157
59158
59159
59160
59161
59162
59163
59164
59165
59167
59168
59169
59170
59171
59172
59173
59174
59175
59176
59177
59178
59179
59180
59181
59182
59183
59184
59185
59186
59187
59188
59189
59190
59191
59192
59193
59194
59195
59196
59197
59198
59199
59200
59201
59202
59203
59204
59205
59206
59207
59208
59209
59210
59211
59212
59213
59214
59215
59216
59217
59218
59219
59220
59221
59222
59223
59224
59225
10208
10209
10210
10211
11770
11771
11772
11773
11774
11775
11803
11804
11805
11806
11846
11847
11848
11849
11850
12341
12342
12343
12344
12536
12537
12538
12539
45330
45331
45332
45333
45334
45335
45336
45337
45338
45339
45340
45347
45348
45349
45350
45351
45352
45353
45354
45355
45356
45357
45358
45359
45360
45361
45362
45363
45364
45365
45366
45367
45368
45369
45370
45371
45372
45373
45374
45375
45376
45377
45378
45379
45380
45381
45382
45398
45399
45400
45402
45403
45404
45405
45406
45407
45408
45409
45410
45411
45412
45413
45414
45415
45416
45417
45424
45425
45432
45433
45434
45435
45436
45437
45438
45439
45440
45448
45449
45450
45451
45452
45453
45454
45455
45456
45457
45458
45459
45460
45461
45462
45463
45464
45465
45472
45473
45480
45481
45482
45483
45484
45485
45486
45487
45508
45509
12792
12793
12794
12795
12796
12797
12798
12799
12800
12801
12802
12803
12804
12805
12806
12807
12808
12809
12810
12811
12812
12813
12814
12815
12816
12817
12818
12819
12820
12821
12822
12823
12824
12825
12826
12827
12828
12829
12830
12831
12832
12833
12834
12835
12836
12837
12838
12839
12840
12841
12842
12843
45756
45757
45758
45759
45760
45761
45762
45763
45764
45765
45766
45767
45768
45769
45770
45771
45772
45773
45774
45775
45776
45777
45778
45779
45780
45781
45782
45783
45784
45785
45786
45787
45788
45789
45790
45791
45792
45793
45794
45795
45796
45797
45798
45799
45800
45801
45802
45803
45804
45805
45806
45807
45808
45809
45810
45811
45812
45813
45814
45815
45816
45817
45818
45819
45820
45821
45822
45823
45824
45825
45826
45827
45828
45829
45830
45831
45832
45833
46143
46144
46145
46146
46147
46148
46149
46150
46151
46152
46153
46154
46155
46156
46157
46158
46159
46160
46161
46162
46163
46164
46165
46166
46167
46168
46169
46170
46171
46172
46173
46174
46175
46176
46177
46178
46179
46180
46181
46182
46183
46184
46307
46308
46309
46310
63381
63382
63383
63384
63385
63386
63387
63388
63389
63390
63391
63392
63393
63394
63395
63396
63397
63398
63399
63400
63401
63402
63403
63404
63405
63406
63407
63408
63409
63410
63411
63412
63413
63414
63415
63416
63417
63418
63419
63420
63421
63422
63423
63424
63425
63426
63427
63428
63429
63430
63431
63432
63433
63435
63436
63437
63438
63440
63441
63442
63443
63444
63445
63446
63447
63448
63449
63450
63451
63452
63453
63454
63455
63456
63457
63458
63459
63460
63461
63462
63463
63464
63465
63466
63467
63468
63469
63470
63472
63473
63475
63476
63477
63478
63479
63480
63481
63483
47106
47107
47108
47109
47110
47111
47112
47113
47114
47115
47116
47117
47118
47119
47120
47121
47122
47123
47124
47125
47126
47127
47128
47129
47130
47131
47132
47133
47134
47135
47136
47137
47138
47139
47140
47141
47142
47143
47144
47145
47146
47147
47148
47149
47150
47151
47152
47153
47154
47155
47156
47157
47158
47159
47160
47161
47162
47163
47164
47165
47166
47167
47285
47286
47287
47288
47545
47546
47547
47548
47549
47550
47551
47552
47553
47554
47555
47556
47557
47558
47559
47560
47561
47562
47563
47564
47565
47566
47573
47574
63962
63963
63964
63965
63966
63967
63968
63969
63970
63971
63972
63973
63974
63975
63976
63977
63978
63979
63980
63981
63982
63983
63984
63985
63986
63987
63988
63990
63991
63992
63993
63994
63995
63996
63997
63998
63999
64000
64001
64002
64003
64004
64005
64006
64007
64009
64010
64011
64012
64013
64014
64015
64016
64017
64018
64019
64020
64021
64022
64023
64024
64026
64027
64028
64029
64030
64031
64032
64033
64034
64035
64036
64037
64038
64039
64040
64041
64042
64043
64044
64045
64046
64047
64048
64049
64050
64052
64053
64054
64055
64056
64057
64058
64060
64061
64062
64063
64065
64066
64067
64068
64069
64070
64071
64072
64073
64074
64075
64076
64077
64078
64079
64080
64081
64082
64083
64084
64085
64086
64087
64088
64089
64090
64092
64093
64094
64095
64097
64098
64099
64100
64101
64102
64103
64104
64105
64106
64107
64108
64109
64110
64111
64112
64113
64114
64115
64116
64117
64118
64119
64120
64121
64122
64123
64124
64125
64126
64127
64128
64130
64131
64132
64133
64134
64135
64136
64137
64138
64139
64140
64141
64142
64143
64144
64145
64146
64147
64148
64149
64150
64151
64153
64154
64155
64156
64157
64158
64160
64161
64162
64163
64165
64166
64167
64168
64169
64170
64171
64172
64173
64174
64175
64176
64177
64178
64179
64180
64181
64182
64183
64184
64185
64186
64187
64188
64189
64190
64191
64193
64194
64195
64196
64197
64198
64199
64200
64202
64203
64204
64205
64206
64207
64234
64235
64236
64237
64238
64239
64240
64241
64242
64243
64244
64245
64246
64247
64248
64249
64250
64251
64252
64253
64254
64255
64256
64257
64258
64259
64260
64261
64262
64263
64264
64265
64266
64267
64268
64269
64270
64271
64272
64273
64274
64275
64276
64277
64278
64279
64280
64281
64282
64283
64284
64285
64286
64287
64288
64289
64290
64291
64292
64293
64294
64295
64296
64297
64298
64299
64300
64301
64302
64303
64304
64305
64306
64307
64309
64310
64311
64312
64313
64314
64315
64316
64317
64318
64319
64320
64321
64322
64323
64324
64325
64326
64327
64328
64329
64330
64331
64332
64333
64334
64335
64336
64337
64338
64339
64340
64341
64342
64343
64344
64345
64346
64347
64348
64349
64350
64351
64352
64353
64354
64355
64356
64357
64358
64359
64360
64361
64362
64363
64364
64365
64366
64367
64368
64369
47985
64370
47986
64371
47987
64372
47988
64373
64374
64375
64376
64377
64378
64379
47995
64380
47996
64381
47997
64382
47998
64383
47999
64384
48000
64385
48001
64386
48002
64387
48003
64388
48004
64389
48005
64390
48006
64391
48007
64392
48008
64393
64394
64395
64396
64397
64398
64399
64400
64401
64402
64403
64404
64405
64406
64407
64408
64409
64410
64411
64412
64413
64415
64416
64417
64418
64419
64420
64421
48046
48047
48048
48049
48050
48051
48052
48053
48054
48055
48056
48057
48058
48059
48074
48075
48076
48077
48078
48079
48080
48081
48082
48083
48084
48085
64470
48086
64471
48087
64472
48088
64473
48089
64474
48090
64475
48091
64476
48092
64477
48093
48094
48095
48096
48097
48098
48099
48100
48101
48102
64487
48103
64488
48104
64489
48105
64490
64491
64492
64493
64494
64495
64496
64497
64498
64499
64500
48116
48117
64502
48118
64503
48119
48120
64505
48121
64506
48122
64507
48123
64508
48124
64509
48125
64510
48126
64511
48127
64512
48128
64513
48129
64514
48130
64515
48131
64516
48132
64517
48133
64518
48134
64519
48135
64520
48136
64521
48137
64522
48138
64523
48139
64524
48140
64525
48141
64526
48142
64527
48143
64528
48144
64529
48145
64530
48146
64531
48147
64532
48148
64533
48149
64534
48150
64535
48151
48152
64537
48153
64538
48154
64539
48155
64540
48156
64541
48157
64542
48158
64543
48159
64544
48160
64545
48161
64546
48162
64547
48163
64548
48164
64549
48165
64550
48166
64551
48167
64552
48168
64553
48169
64554
48170
64555
48171
64556
48172
64557
48173
64558
48174
48175
64560
48176
64561
48177
48178
64563
48179
64564
48180
64565
48181
64566
48182
64567
48183
64568
48184
64569
48185
48186
64571
48187
64572
48188
64573
48189
64574
48190
64575
48191
64576
48192
64577
48193
64578
48194
64579
48195
64580
48196
64581
48197
64582
48198
48199
48200
48201
64586
48202
64587
48203
64588
48204
64589
48205
64590
48206
64591
48207
64592
48208
64593
48209
64594
48210
64595
48211
64596
48212
64597
48213
64598
48214
64599
48215
64600
48216
64601
48217
64602
48218
64603
48219
64604
48220
64605
48221
64606
48222
64607
48223
64608
48224
64609
48225
64610
48226
64611
48227
64612
48228
64613
48229
48230
64615
48231
64616
64617
64618
64619
64620
64621
64622
64623
64624
64625
64626
48242
64627
48243
64628
48244
64629
48245
64630
48246
64631
48247
64632
48248
64633
48249
64634
48250
64635
48251
64636
48252
64637
48253
64638
48254
64639
48255
64641
64642
48258
64643
48259
64644
48260
64645
48261
64646
48262
64647
48263
64648
48264
48265
64650
48266
64651
48267
64652
48268
64653
48269
64654
48270
64655
48271
64656
48272
64657
48273
64658
48274
64659
48275
64660
48276
64661
48277
64662
48278
48279
64664
64665
64666
64667
64668
64669
64670
64671
64672
64673
64674
64675
64676
64677
64678
64679
64680
64681
64682
64683
64684
64685
64686
64687
64688
64689
64690
64691
64692
64694
64695
64696
64697
64698
64699
64700
64701
64702
64703
64704
64705
64706
64707
64708
64709
64710
64711
64712
64713
64714
64715
64717
64718
64719
64720
64721
64722
64724
64725
64726
64727
64729
64730
64731
64732
64733
64734
64735
64736
64737
64738
64739
64740
64741
64742
64744
64745
64746
64747
64748
64749
64750
64751
64752
64753
64754
64755
64756
64757
64758
64759
64760
64761
64762
64763
64764
64765
64766
64767
64768
64769
64770
64772
64773
64774
64775
64776
64777
64778
64779
64780
64781
64782
64783
64784
64785
64787
64788
64790
64791
64792
64793
64794
64795
64796
64797
64798
64799
64800
64801
64802
64803
64804
64805
64806
64807
64808
64809
64810
64811
64812
64813
64814
64815
64816
64817
64818
64819
64820
64821
64822
64823
64824
64825
64826
64827
64828
64829
64830
64831
64832
64833
64834
64835
64836
64837
64839
64840
64842
64843
64845
64846
64847
64848
64849
64850
64851
64852
64853
64854
64855
64856
64857
64858
64859
64860
64861
64862
64863
64864
64865
64866
64867
64868
64869
64870
64871
64872
64875
64876
64882
64883
64884
64885
64886
64887
64888
64889
64890
64891
64892
64893
64894
64895
64896
64897
64898
64899
64900
64901
64902
64903
64904
64905
64906
64907
64908
64909
64910
64911
64912
64913
64914
64915
64916
64917
64918
64919
64920
64921
64922
64923
64924
64925
64926
64927
64928
64929
64930
64931
64932
64933
64934
64935
64936
64937
64939
64940
64941
64942
64943
64944
64945
64946
64947
64957
64958
64959
64960
64961
)


// ************************************************************************* //
