/*--------------------------------*- C++ -*----------------------------------*\
| =========                 |                                                 |
| \\      /  F ield         | OpenFOAM: The Open Source CFD Toolbox           |
|  \\    /   O peration     | Version:  2212                                  |
|   \\  /    A nd           | Website:  www.openfoam.com                      |
|    \\/     M anipulation  |                                                 |
\*---------------------------------------------------------------------------*/
FoamFile
{
    version     2.0;
    format      ascii;
    arch        "LSB;label=32;scalar=64";
    class       cellSet;
    location    "constant/polyMesh/sets";
    object      Clone001;
}
// * * * * * * * * * * * * * * * * * * * * * * * * * * * * * * * * * * * * * //


7174
(
634
635
636
637
66526
66527
66528
66529
66530
66531
66532
66533
66534
66535
66536
66537
66538
66539
66540
66541
66542
66543
66544
66545
66546
66547
66548
66549
66550
66551
66552
66553
66554
66555
66556
66557
66558
66559
66560
66561
66562
66563
66564
66565
66566
66567
66568
66569
66570
66571
66572
66573
66574
66575
66576
66577
66578
66579
66580
66581
66582
66583
66584
66585
66586
66587
66603
66604
66605
66606
66610
66611
66612
66613
66614
66615
66616
66617
66618
66619
66620
66621
66622
66623
66639
66640
50919
50920
50921
50922
50923
50924
50925
50926
50927
50928
50929
50930
50931
50932
50933
50934
50935
50936
50937
50938
50939
50940
50941
50943
50944
50945
50946
50947
50948
50949
50950
50951
50952
50953
50954
50955
50956
50957
50958
50959
50960
50961
50962
50963
50964
50965
50966
50967
50968
50969
50970
50971
50972
50973
50974
50975
50976
50977
50978
50979
50980
50981
50982
50983
50984
50985
50986
50987
50988
50989
50990
50991
50992
50993
50994
50995
50996
50997
50998
50999
51000
51001
51002
51003
51004
51005
51006
51007
51008
51009
51010
51011
51012
51013
51014
51015
51016
51017
51018
51019
51020
51021
51022
51023
51024
51025
51026
51027
51028
51029
51030
51031
51032
51033
51034
51035
51036
51037
51038
51039
51040
51041
51042
51043
51044
51045
51046
51047
51048
51049
51050
51051
51052
51053
51054
51055
51056
51057
51058
51059
51060
51061
51062
51063
51064
51065
51066
51067
51068
51069
51070
51071
51072
51073
51074
51075
51076
51077
51078
51079
51080
51081
51082
51084
51085
51086
51087
51088
51089
51090
51091
51092
51093
51094
51095
51096
51097
51098
51099
51100
51101
51102
51103
51104
51105
51106
51107
51108
51109
51110
51111
51112
51113
51114
51115
51116
51117
51119
51120
51121
51122
51123
51124
51125
51126
51127
51128
51129
51130
51131
51132
51133
51134
51135
51136
51137
51138
51139
51140
51141
51142
51143
51144
51145
51146
51147
51148
51149
51150
51151
51152
51153
51154
51155
51156
51157
51158
51159
51160
51161
51162
51163
51164
51165
51166
51167
51168
51169
51170
51171
51172
51173
51174
51175
51176
51177
51178
51179
51180
51181
51182
51183
51184
51185
51186
51187
51188
51189
51190
51191
51192
51193
51194
51195
51196
51197
51198
51199
51200
51201
51202
51203
51204
51205
51206
51207
51208
51209
51210
51211
51212
51213
51214
51215
51216
51217
51218
51219
51220
51221
51222
51223
51224
51225
51226
51227
51228
51229
51230
51241
51242
51245
51246
51247
51248
51249
51250
51251
51252
51253
51254
51255
51256
51257
51258
51259
51260
51261
51262
51263
51264
51265
51266
51267
51268
51269
51270
51271
51272
51273
51274
51275
51276
51277
51278
51279
51280
51281
51282
51283
51284
51285
51286
51287
51288
51289
51290
51291
51292
51293
51294
51295
51296
51297
51298
51299
51300
51301
51302
51303
51304
51305
51306
51307
51308
51309
51310
51311
51312
51313
51314
51315
51316
51317
51318
51319
51320
51321
51322
51323
51324
51325
51326
51327
51328
51329
51330
51331
51354
51355
51356
51357
51358
51359
51360
51361
51362
51363
51364
51375
51376
51379
51380
51381
51382
51383
51384
51385
51386
51387
51388
51389
51390
51391
51392
51393
51394
51478
51479
51480
51481
51482
51483
51484
51485
51486
51487
51488
51489
51490
51491
51492
51493
51494
51495
51496
51497
51498
51499
51500
51501
51502
51503
51504
51505
51507
51508
51509
51510
51511
51512
51513
51514
51515
51516
51518
51519
51520
51521
51522
51523
51524
51525
51526
51527
51528
51529
51530
51531
51532
51533
51534
51535
51537
51538
51539
51540
51541
51542
51543
51544
51545
51546
51547
51548
51549
51550
51551
51552
51553
51554
51555
51556
51557
51558
51559
51560
51561
51562
51563
51564
51565
51566
51567
51568
51569
51570
51571
51572
51573
51574
51575
51576
51577
51578
51579
51580
51582
51583
51584
51585
51586
51587
51588
51589
51591
51592
51593
51594
51595
51596
51597
51598
51599
51600
51601
51602
51603
51604
51605
51606
51607
51608
51609
51610
51611
51612
51613
51614
51615
51616
51617
51618
51620
51621
51623
51624
51626
51627
51628
51629
51630
51631
51632
51633
51634
51635
51636
51638
51639
51640
51641
51642
51643
51644
51645
51646
51647
51648
51649
51650
51652
51653
51655
51656
51657
51658
51659
51660
51661
51663
51664
51665
51666
51667
51668
51669
51670
51672
51673
51674
51675
51676
51678
51679
51680
51681
51682
51683
51684
51685
51686
51687
51688
51689
51690
51691
51692
51693
51694
51695
51696
51698
51699
51700
51701
51702
51703
51704
51705
51706
51707
51708
51709
51710
51711
51712
51713
51714
51715
51716
51717
51718
51719
51720
51721
51722
51723
51724
51725
51726
51727
51728
51729
51730
51731
51732
51733
51734
51735
51736
51737
51739
51740
51742
51743
51744
51745
51746
51747
51749
51750
51751
51752
51753
51754
51755
51756
51757
51758
51759
51760
51761
51762
51763
51764
51765
51766
51767
51768
51769
51770
51771
51772
51773
51774
51775
51777
51778
51779
51780
51782
51783
51784
51785
51786
51787
51788
51789
51790
51791
51792
51793
51794
51796
51797
51798
51799
51800
51802
51803
51804
51805
51806
51807
51808
51809
51810
51811
51812
51813
51814
51815
51816
51817
51818
51819
51820
51821
51823
51824
51825
51826
51827
51828
51829
51830
51831
51832
51833
51834
51835
51836
51837
51838
51839
51840
51841
51842
51843
51844
51845
51846
51847
51848
51849
51850
51851
51853
51854
51855
51866
51867
51870
51871
51872
51873
51874
51875
51876
51877
51878
51879
51880
51881
51893
51894
51898
51899
51900
51901
51902
51903
51904
51905
51906
51908
51909
51910
51911
51912
51913
51914
51915
51916
51917
51918
51919
51920
51921
51922
51923
51924
51925
51926
51927
51928
51929
51930
51931
51932
51933
51934
51935
51936
51937
51938
51940
51941
51942
51943
51944
51945
51947
51949
51950
51951
51952
51953
51954
51955
51957
51958
51959
51960
51961
51962
51963
51964
51965
51966
51967
51968
51969
51970
51971
51972
51973
51974
51975
51985
51986
51987
51988
51989
51990
51991
51992
51993
51994
51995
51996
51997
51998
51999
52000
52018
52019
52020
52021
52022
52023
52024
52025
52026
52028
52029
52030
52031
52032
52033
52034
52035
52036
52037
52038
52042
52043
52044
52045
52046
52047
52048
52049
52050
52051
52052
52053
52054
52055
52056
52057
52058
52059
52060
52061
52062
52063
52064
52065
52066
52067
52068
52069
52070
52071
52072
52102
52103
52104
52105
52106
52107
52108
52109
52110
52111
52112
52113
52114
52115
52116
52117
52118
52119
52121
52122
52123
52124
52125
52126
52127
52128
52129
52130
52131
52132
52133
52134
52135
52136
52137
52138
52139
52140
52141
52142
52143
52144
52145
52146
52147
52148
52149
52186
52187
52188
52189
52190
52191
52192
52193
52194
52195
52196
52197
52198
52199
52200
52201
52202
52203
52204
52205
52206
52207
52208
52209
52210
52213
52214
52215
52216
52217
52218
52219
52220
52221
52222
52223
52224
52225
52226
52227
52228
52229
52230
52231
52232
52234
52235
52236
52238
52239
52240
52241
52242
52243
52244
52245
52246
52247
52248
52249
52250
52251
52252
52253
52254
52255
52256
52257
52258
52259
52260
52261
52262
52263
52264
52265
52266
52268
52269
52270
52271
52272
52273
52275
52276
52277
52278
52279
52280
52281
52282
52283
52284
52285
52286
52287
52288
52289
52290
52291
52292
52293
52294
52295
52296
52297
52298
52299
52300
52301
52302
52303
52304
52305
52306
52307
52308
52309
52310
52311
52312
52313
52314
52315
52316
52317
52318
52319
52320
52321
52322
52323
52324
52325
52326
52327
52328
52329
52330
52331
52332
52333
52334
52335
52336
52337
52338
52339
52340
52341
52342
52343
52344
52345
52346
52347
52348
52349
52350
52351
52352
52353
52354
52355
52356
52357
52358
52359
52360
52361
52362
52363
52364
52365
52366
52367
52368
52369
52370
52371
52372
52373
52374
52375
52376
52377
52378
52379
52380
52381
52382
52383
52384
52385
52386
52387
52388
52389
52390
52391
52392
52393
52394
52395
52396
52397
52398
52399
52400
52401
52402
52403
52404
52405
52406
52407
52408
52409
52410
52411
52412
52413
52414
52415
52416
52417
52418
52419
52420
52421
52422
52423
52424
52425
52426
52427
52428
52429
52621
52622
52623
52624
52625
52626
52627
52628
52629
52630
52631
52632
52633
52634
52635
52636
52637
52638
52639
52640
52641
52642
52643
52644
52645
52646
52647
52648
52649
52650
52651
52652
52653
52654
52655
52657
52658
52659
52660
52662
52663
52665
52666
52667
52668
52669
52670
52671
52672
52673
52674
52675
52676
52677
52678
52679
52680
52681
52682
52683
52686
52687
52688
52689
52690
52691
52692
52693
52694
52695
52696
52697
52698
52699
52700
52701
52702
52703
52704
52705
52706
52707
52708
52709
52710
52711
52713
52714
52715
52716
52717
52718
52719
52720
52722
52723
52724
52725
52726
52727
52728
52729
52730
52731
52732
52733
52734
52735
52736
52737
52739
52740
52741
52742
52743
52744
52745
52746
52747
52748
52749
52750
52751
52752
52753
52754
52755
52756
52757
52758
52759
52760
52761
52762
52763
52764
52765
52766
52767
52768
52769
52770
52771
52772
52773
52924
52925
52926
52927
52928
52929
52930
52931
52932
52933
52934
52935
52936
52937
52938
52939
52940
52941
52942
52943
52944
52945
52946
52947
52948
52949
52950
52951
52952
52953
52954
52955
52956
52957
52962
52963
52965
52966
52969
52970
52971
52972
52973
52974
52975
52976
52977
52978
52979
52980
52981
52982
52983
52984
52985
52986
52987
52988
52989
52990
52991
52992
52993
52994
52995
52996
52997
52999
53000
53001
53002
53003
53004
53005
53006
53007
53008
53009
53014
53015
53016
53017
53018
53019
53020
53021
53022
53023
53024
53025
53026
53027
53028
53029
53030
53031
53032
53033
53034
53035
53036
53037
53038
53039
53040
53041
53042
53043
53044
53045
53046
53047
53048
53050
53051
53052
53053
53054
53055
53057
53058
53059
53060
53061
53062
53063
53064
53065
53066
53067
53068
53070
53071
53073
53074
53076
53077
53078
53079
53080
53081
53082
53083
53084
53085
53086
53087
53088
53089
53090
53091
53092
53093
53094
53095
53096
53097
53098
53099
53100
53101
53102
53103
53104
53105
53107
53108
53109
53110
53111
53112
53113
53114
53115
53116
53117
53118
53119
53120
53121
53122
53123
53124
53125
53126
53127
53128
53129
53130
53132
53133
53135
53136
53137
53138
53139
53140
53141
53142
53143
53144
53145
53146
53147
53148
53149
53150
53151
53152
53153
53154
53155
53156
53157
53158
53160
53161
53163
53164
53165
53166
53167
53168
53170
53171
53172
53173
53174
53175
53176
53177
53178
53179
53180
53181
53182
53183
53184
53185
53186
53188
53189
53190
53191
53193
53194
53195
53196
53197
53198
53199
53200
53201
53202
53203
53204
53205
53206
53207
53208
53209
53210
53211
53212
53213
53214
53215
53216
53217
53218
53219
53220
53221
53222
53223
53224
53225
53226
53228
53229
53230
53232
53233
53234
53235
53236
53237
53238
53239
53240
53241
53242
53243
53244
53245
53246
53248
53249
53250
53251
53252
53253
53254
53256
53257
53258
53259
53260
53261
53262
53263
53265
53266
53267
53268
53269
53270
53271
53272
53273
53274
53275
53276
53277
53278
53279
53280
53281
53282
53283
53284
53285
53286
53287
53288
53289
53290
53291
53292
53293
53294
53295
53296
53297
53298
53300
53301
53303
53304
53305
53306
53307
53308
53309
53310
53311
53312
53313
53314
53315
53316
53317
53318
53319
53321
53322
53323
53324
53325
53326
53327
53328
53329
53330
53331
53332
53333
53334
53335
53336
53337
53338
53339
53340
53341
53342
53343
53344
53345
53346
53347
53348
53350
53351
53352
53354
53355
53357
53358
53359
53360
53361
53362
53363
53364
53365
53366
53367
53368
53369
53370
53377
53378
53379
53380
53381
53382
53383
53384
53385
53386
53387
53388
53389
53390
53391
53393
53394
53395
53396
53397
53398
53399
53400
53401
53402
53403
53404
53405
53406
53407
53408
53409
53410
53411
53413
53414
53415
53416
53417
53418
53419
53420
53421
53422
53424
53425
53426
53428
53429
53430
53431
53432
53433
53434
53435
53436
53437
53438
53439
53440
53441
53442
53443
53444
53445
53446
53447
53448
53449
53450
53451
53452
53453
53454
53455
53456
53458
53459
53460
53461
53462
53463
53464
53466
53467
53468
53469
53470
53471
53472
53473
53474
53475
53476
53477
53478
53479
53480
53481
53482
53483
53484
53485
53487
53488
53489
53491
53492
53493
53494
53496
53497
53511
53512
53513
53514
53519
53520
53521
53522
53523
53524
53892
53893
53894
53895
54146
54147
54161
54162
54163
54164
54165
54166
54167
54168
54169
54170
54171
54172
54173
54174
54175
54176
54177
54178
54179
54180
54181
54182
54183
54184
54185
54186
54187
54188
54189
54190
54191
54192
54193
54194
54195
54196
54197
54198
54199
54200
54201
54202
54203
54204
54205
54206
54207
54208
54209
54210
54211
54212
54213
54214
54215
54216
54217
54218
54219
54220
54221
54222
54223
54224
54225
54226
54227
54228
54229
54230
54231
54289
54290
54291
54292
54293
54294
54295
54346
54347
54348
54349
54350
54351
54352
54353
54354
54355
54356
54357
54358
54359
54360
54361
54362
54363
54364
54365
54366
54367
54368
54369
54370
54371
54372
54373
54374
54375
54376
54377
54378
54379
54380
54381
54382
54383
54384
54385
54386
54387
54388
54389
54390
54391
54392
54393
54394
54395
54396
54397
54398
54399
54400
54401
54402
54403
54404
54405
54406
54407
54408
54409
54410
54411
54412
54453
54454
54553
54554
54555
54556
54557
54558
54559
54560
54561
54562
54563
54564
54565
54566
54567
54568
54569
54570
54571
54572
54573
54574
54575
54576
54577
54578
54579
54580
54581
54582
54583
54584
54585
54586
54587
54588
54589
54590
54591
54592
54593
54594
54595
54596
54597
54598
54599
54600
54601
54602
54603
54604
54605
54606
54607
54608
54609
54610
54611
54612
54620
54621
54622
54623
54624
54625
54626
54627
54628
54637
54638
54639
54640
54641
54642
54643
54644
54645
54646
54647
54648
54649
54650
54651
54652
54653
54654
54655
54656
54657
54658
54659
54660
54661
54662
54663
54664
54665
54666
54667
54668
54675
54676
54714
54715
54716
54717
54718
54719
54720
54721
54722
54723
54724
54725
54726
54727
54728
54729
54730
54731
54732
54733
54734
54735
54736
54737
54739
54740
54741
54742
54743
54744
54745
54746
54747
54748
54749
54750
54751
54752
54753
54754
54755
54757
54758
54759
54760
54761
54762
54763
54764
54765
54766
54767
54768
54769
54770
54771
54772
54773
54774
54775
54776
54777
54778
54779
54780
54781
54782
54783
54784
54786
54787
54788
54789
54790
54791
54792
54794
54795
54796
54797
54798
54799
54800
54801
54802
54803
54804
54805
54806
54807
54808
54809
54810
54812
54813
54814
54815
54817
54818
54819
54820
54821
54822
54823
54824
54825
54826
54827
54828
54829
54830
54831
54832
54833
54834
54835
54836
54837
54838
54839
54840
54841
54842
54843
54844
54845
54846
54847
54848
54849
54851
54852
54853
54854
54855
54856
54857
54858
54859
54860
54861
54862
54863
54864
54865
54866
54867
54868
54869
54870
54871
54872
54873
54874
54875
54876
54877
54878
54879
54880
54881
54882
54883
54885
54886
54887
54888
54889
54891
54892
54894
54895
54896
54897
54898
54899
54900
54901
54902
54903
54904
54905
54906
54907
54908
54909
54910
54911
54912
54913
54914
54915
54916
54917
54918
54919
54920
54921
54922
54923
54924
54925
54926
54927
54928
54929
54930
54931
54932
54933
54934
54935
54936
54937
54938
54939
54940
54941
54942
54943
54944
54945
54946
54947
54948
54949
54950
54951
54952
54953
54954
54955
54956
54957
54958
54959
54960
54961
54962
54963
54964
54965
54966
54967
54968
54969
54970
54971
54972
54973
54974
54975
54976
54977
54978
54979
54980
54981
54982
54983
54984
54985
54986
54987
38603
38604
38605
38606
38607
38608
38609
38610
38611
38612
38613
38614
38615
38616
38617
38618
38619
38620
38621
38622
38623
38624
38625
38626
38627
38628
38629
38630
38631
38632
55017
38633
55018
38634
55019
38635
55020
38636
55021
38637
55022
38638
55023
38639
55024
38640
55025
38641
55026
38642
55027
38643
55028
38644
55029
38645
55030
38646
55031
38647
55032
38648
55033
38649
55034
38650
55035
38651
55036
38652
55037
38653
55038
38654
38655
55040
38656
55041
38657
55042
38658
55043
38659
55044
38660
38661
55046
38662
55047
38663
55048
38664
55049
38665
55050
38666
55051
38667
55052
38668
55053
38669
55054
38670
55055
38671
55056
38672
55057
38673
55058
38674
55059
38675
55060
38676
55061
38677
55062
38678
55063
38679
55064
38680
55065
38681
55066
38682
55067
38683
55068
38684
55069
38685
38686
55071
38687
55072
38688
55073
38689
55074
38690
55075
38691
55076
38692
55077
38693
55078
38694
55079
38695
55080
38696
55081
38697
55082
38698
55083
38699
38700
55085
38701
55086
38702
55087
38703
55088
38704
55089
38705
38706
38707
38708
38709
38710
38711
38712
38713
38714
38715
38716
38717
38718
38719
38720
38721
38722
55107
38723
55108
38724
55109
38725
55110
38726
55111
38727
55112
38728
55113
38729
55114
38730
55115
38731
55116
38732
55117
38733
55118
38734
55119
38735
55120
38736
55121
38737
55122
38738
55123
38739
55124
38740
55125
38741
55126
38742
55127
38743
55128
38744
55129
38745
55130
38746
55131
38747
55132
38748
55133
38749
55134
38750
55135
38751
55136
38752
55137
38753
55138
38754
55139
38755
55140
38756
55141
38757
55142
38758
55143
38759
55144
38760
55145
38761
55146
38762
55147
38763
55148
38764
55149
55150
38766
55151
38767
55152
38768
55153
38769
55154
38770
55155
38771
55156
38772
55157
38773
55158
38774
55159
38775
55160
38776
55161
38777
55162
38778
55163
55164
55165
55181
55182
55183
55184
55185
55186
55187
55188
55189
55190
55191
55192
55193
55194
55195
55196
55197
55198
55199
55200
55201
55202
55203
55204
55205
55206
55207
55208
55209
55210
55211
55212
55213
55214
55215
55216
55217
55218
55219
55220
55221
55222
55223
55224
55225
55226
55227
55228
55229
55230
55231
55232
55233
55234
55235
55236
55237
55238
55239
55240
55241
55242
55243
55301
55302
55303
55304
55305
55306
55307
55308
55309
55310
55311
55312
55313
55314
55315
55316
55317
55318
55319
55320
55322
55323
55324
55325
55326
55327
55329
55330
55331
55332
55333
55334
55335
55336
55337
55338
55339
55340
55341
55342
55343
55344
55345
55346
55347
55348
55349
55350
55351
55352
55353
55355
55356
55357
55358
55359
55361
55362
55363
55364
55365
55366
55367
55368
55370
55371
55372
55373
55374
55376
55377
55378
55379
55380
55381
55382
55383
55384
55385
55386
55387
55388
55389
55390
55391
55392
55393
55394
55395
55396
55397
55398
55399
55400
55401
55402
55403
55404
55405
55406
55407
55408
55409
55410
55411
55412
55413
55414
55415
55416
55417
55418
55420
55421
55422
55423
55424
55425
55426
55427
55428
55429
55431
55432
55433
55435
55436
55438
55439
55440
55441
55442
55443
55444
55465
55466
55467
55468
55469
55470
55471
55472
55473
55474
55475
55476
55477
55478
55479
55480
55481
55482
55483
55484
55485
55486
55487
55488
55489
55490
55491
55492
55493
55539
55540
55541
55542
55543
55544
55545
55546
55547
55548
55549
55550
55551
55552
55553
55554
55555
55556
55557
55558
55559
55560
55561
55562
55563
55564
55565
55566
55567
55568
55569
55570
55571
55572
55573
55574
55575
55576
55577
55578
55579
55580
55581
55582
55583
55584
55585
55586
55587
55588
55589
55590
55591
55592
55593
55594
55595
55596
55597
55598
55599
55600
55601
55602
55603
55604
55605
55606
55607
55608
55609
55610
55611
55612
55613
55614
55615
55616
55617
55618
55619
55620
55621
55622
55623
55624
55625
55626
55627
55628
55629
55630
55631
55632
55633
55634
55635
55636
55637
55638
55639
55640
55641
55642
55643
55644
55645
55753
55754
55755
55756
55757
55758
55759
55760
55761
55762
55763
55764
55765
55766
55767
55768
55769
55770
55771
55772
55773
55774
55775
55776
55777
55849
55850
55851
55852
55853
55854
55855
55856
55857
55858
55859
55860
55861
55862
55863
55865
55866
55867
55868
55869
55870
55871
55872
55873
55874
55875
55876
55877
55878
55880
55881
55882
55883
55884
55885
55886
55887
55888
55889
55890
55891
55892
55893
55894
55895
55896
55897
55898
55899
55900
55901
55902
55903
55904
55905
55906
55907
55908
55909
55910
55911
55912
55913
55914
55915
55916
55917
55918
55919
55920
55921
55922
55923
55924
55925
55926
55927
55928
55929
55930
55931
55932
55933
55934
55935
55936
55937
55938
55939
55941
55942
55943
55944
55945
55946
55947
55948
55949
56534
56535
56536
56537
56538
56539
56540
56541
56542
56544
56545
56546
56547
56548
56549
56551
56552
56553
56554
56555
56556
56557
56558
56559
56560
56561
56563
56564
56585
56586
56587
56588
56589
56590
56591
56592
56593
56594
56595
56596
56597
56598
56599
56600
56601
56602
56603
56604
56606
56607
56608
56609
56610
56611
56612
56613
56614
56615
56616
56617
56618
56619
56620
56621
56622
56623
56624
56625
56626
56627
56628
56629
56630
56631
56632
56633
56634
56635
56636
56637
56638
56639
56640
56642
56643
56644
56645
56646
56647
56648
56649
56651
56652
56653
56654
56655
56656
56657
56659
56660
56661
56662
56663
56664
56665
56666
56667
56668
56669
56670
56671
56672
56673
56674
56675
56676
56677
56678
56679
56680
56681
56682
56683
56684
56685
56686
56687
56688
56689
56690
56691
56692
56693
56694
56695
56696
56697
56698
56699
56700
56701
56702
56703
56704
56705
56706
56707
56708
56709
56710
56711
56712
56713
56714
56715
56716
56717
56718
56719
56720
56721
56722
56723
56724
56725
56726
56727
56728
56729
56730
56731
56732
56733
56734
56735
56736
56737
56738
56739
56740
56741
56742
56744
56745
56746
56747
56748
56749
56750
56751
56752
56753
56754
56769
56770
56771
56814
56815
56816
56817
56818
56819
56820
56821
56822
56823
56824
56825
56826
56827
56828
56829
56830
56831
56832
56833
56834
56835
56836
56837
56838
56839
56840
56841
56842
56843
56844
56845
56846
56847
56848
56849
56850
56851
56853
56854
56859
56860
56864
56865
56866
56867
56868
56869
56870
56871
56872
56873
56874
56875
56876
56877
56878
56879
56880
56881
56882
56883
56884
56885
56886
56887
56888
56889
56890
56891
56892
56893
56894
56895
56896
56897
56898
56899
56900
56901
56902
56903
56904
56905
56906
56907
56908
56909
56910
56911
56912
56913
56914
56915
56916
56917
56918
56919
56920
56921
56922
56923
56924
56925
56926
56927
56928
56929
56930
56931
56932
56933
56934
56935
56936
56937
56938
56939
56940
56941
56942
56966
56967
56968
56969
56970
56971
56972
56973
56974
56975
56976
56977
56978
56979
56980
56981
56982
56983
56984
56985
56986
56988
56989
56990
56991
56992
56993
56994
56995
56996
56997
56998
56999
57000
57001
57002
57003
57004
57005
57006
57007
57008
57010
57011
57012
57013
57014
57015
57016
57017
57018
57019
57020
57021
57022
57023
57024
57025
57026
57027
57028
57029
57031
57032
57033
57034
57035
57036
57037
57038
57039
57040
57041
57042
57043
57044
57045
57046
57047
57048
57049
57050
57051
57052
57054
57055
57056
57058
57059
57060
57062
57063
57064
57065
57066
57067
57068
57070
57071
57072
57456
57457
57458
57459
57487
57488
57489
57490
57491
57492
57493
57494
57495
57496
57497
57498
57499
57500
57501
57502
57503
57504
57505
57506
57507
57508
57509
57510
57511
57512
57513
57514
57515
57516
57517
57518
57519
57520
57521
57522
57523
57524
57526
57527
57528
57529
57530
57531
57532
57533
57535
57536
57561
57562
57563
57564
57565
57566
57567
57568
57569
57570
57571
57572
57573
57574
57576
57577
57578
57579
57580
57581
57582
57583
57584
57585
57586
57587
57588
57589
57603
57604
57605
57606
57607
57608
8456
57609
8457
57610
8458
57611
8459
57612
8460
8461
57614
8462
57615
8463
57616
8464
57617
8465
57618
8466
57619
8467
57620
8468
57621
8469
57622
8470
57623
8471
57624
8472
57625
8473
57626
8474
57627
8475
8476
57629
8477
57630
8478
57631
8479
57632
8480
57633
8481
57634
8482
57635
8483
57636
8484
57637
8485
57638
8486
57639
8487
57640
8488
57641
8489
57642
8490
57643
8491
57644
8492
57645
8493
57646
8494
57647
8495
57648
8496
57649
8497
57650
8498
57651
8499
57652
8500
57653
8501
57654
8502
57655
8503
57656
8504
57657
8505
57658
8506
57659
8507
57660
8508
57661
8509
57662
8510
57663
8511
57664
8512
57665
8513
57666
8514
57667
8515
57668
8516
57669
8517
57670
8518
57671
8519
57672
8520
57673
8521
57674
8522
57675
8523
57676
8524
57677
8525
57678
8526
57679
8527
57680
8528
57681
8529
57682
8530
57683
8531
57684
8532
8533
57686
8534
57687
8535
8536
57689
8537
57690
8538
57691
8539
57692
8540
57693
8541
57694
8542
57695
8543
57696
8544
57697
8545
57698
8546
57699
8547
57700
8548
57701
8549
57702
8550
57703
8551
57704
8552
57705
8553
57706
8554
57707
8555
57708
8556
57709
8557
57710
8558
57711
8559
57712
8560
57713
8561
57714
8562
57715
8563
57716
8564
57717
8565
57718
8566
57719
8567
57720
8568
57721
8569
57722
8570
57723
8571
8572
57725
8573
57726
8574
57727
8575
57728
8576
57729
8577
8578
57731
8579
57732
8580
57733
8581
57734
8582
57735
8583
57736
8584
57737
8585
57738
8586
57739
8587
57740
8588
57741
8589
57742
8590
57743
8591
57744
8592
57745
8593
57746
8594
57747
8595
57748
8596
57749
8597
57750
8598
57751
8599
8600
57753
8601
57754
8602
57755
8603
57756
8604
8605
57758
8606
57759
8607
57760
8608
57761
8609
57762
8610
57763
8611
57764
8612
57765
8613
57766
8614
57767
8615
57768
8616
57769
8617
57770
8618
57771
8619
57772
8620
57773
8621
57774
8622
57775
8623
57776
8624
57777
8625
57778
8626
57779
8627
57780
8628
57781
8629
57782
8630
57783
8631
57784
8632
57785
8633
57786
8634
57787
8635
8636
57789
8637
57790
8638
8639
57792
8640
57793
8641
57794
8642
57795
8643
57796
8644
57797
8645
57798
8646
57799
8647
8648
8649
8650
8651
8652
8653
8654
8655
57808
8656
57809
8657
57810
8658
57811
8659
57812
8660
57813
8661
57814
8662
57815
8663
57816
8664
57817
8665
57818
8666
57819
8667
57820
8668
57821
8669
57822
8670
57823
8671
57824
8672
57825
8673
57826
8674
57827
8675
57828
8676
57829
8677
57830
8678
8679
57832
8680
57833
8681
57834
8682
57835
8683
57836
8684
57837
8685
8686
57839
8687
57840
8688
57841
8689
57842
8690
57843
8691
57844
8692
57845
8693
57846
8694
57847
8695
57848
8696
57849
8697
57850
8698
57851
8699
57852
8700
57853
8701
57854
8702
57855
8703
57856
8704
57857
8705
57858
8706
57859
8707
57860
8708
57861
8709
57862
8710
57863
8711
57864
8712
57865
8713
57866
8714
57867
8715
57868
8716
8717
57870
8718
57871
8719
57872
8720
57873
8721
57874
8722
57875
8723
57876
8724
8725
57878
8726
57879
8727
57880
8728
57881
8729
57882
8730
57883
8731
57884
8732
57885
8733
8734
57887
8735
57888
8736
57889
8737
57890
8738
57891
8739
8740
57893
8741
57894
8742
57895
8743
57896
8744
57897
8745
57898
8746
8747
8748
8749
8750
8751
8752
8753
8754
8755
8756
8757
8758
8759
8760
8761
8762
8763
8764
8765
8766
8767
8768
8769
8770
8771
8772
8773
8774
8775
8776
8777
8778
8779
8780
8781
8782
8783
8784
57937
8785
57938
8786
57939
8787
57940
8788
57941
8789
57942
8790
57943
8791
57944
8792
57945
8793
57946
8794
57947
8795
57948
8796
57949
8797
57950
8798
57951
8799
57952
8800
57953
8801
57954
8802
57955
8803
57956
8804
57957
8805
57958
8806
57959
8807
57960
8808
57961
8809
8810
8811
8812
8813
8814
8815
8816
57969
8817
57970
8818
57971
8819
57972
8820
57973
8821
57974
8822
57975
8823
57976
8824
57977
8825
57978
8826
57979
8827
57980
8828
57981
8829
57982
8830
57983
8831
57984
8832
57985
8833
57986
8834
57987
8835
57988
8836
57989
8837
57990
8838
57991
8839
57992
8840
57993
8841
57994
8842
57995
8843
57996
8844
57997
8845
57998
8846
57999
8847
58000
8848
58001
8849
58002
8850
58003
8851
58004
8852
58005
8853
58006
8854
58007
8855
58008
8856
58009
8857
58010
8858
58011
8859
58012
8860
58013
8861
58014
8862
58015
8863
58016
8864
58017
8865
58018
8866
58019
8867
58020
8868
58021
8869
58022
8870
58023
8871
58024
8872
58025
8873
58026
8874
58027
8875
58028
8876
58029
8877
58030
8878
58031
8879
58032
8880
58033
8881
58034
8882
58035
8883
58036
8884
58037
8885
58038
8886
58039
8887
58040
8888
58041
8889
58042
8890
58043
8891
58044
8892
58045
8893
58046
8894
58047
8895
58048
8896
58049
8897
58050
8898
58051
8899
58052
8900
58053
8901
58054
8902
58055
8903
58056
8904
58057
8905
58058
8906
58059
8907
58060
8908
58061
8909
58062
8910
58063
8911
58064
8912
58065
8913
58066
8914
58067
8915
58068
8916
8917
8918
8919
8920
8921
8922
8923
58076
58077
58078
58079
58080
58081
58082
58083
58084
58085
58086
58087
58088
58089
58090
58091
58092
58093
58094
58095
58096
58097
58098
58099
58100
58101
58102
58103
58104
58105
58106
58107
58108
58109
58110
58111
58112
58113
58114
58115
58116
58117
58118
58119
58120
58121
58122
58123
58124
58125
58126
58127
58128
58129
58130
58131
58132
58133
58134
58135
58136
58137
58138
58139
58140
58141
58142
58143
58144
58145
58146
58147
58148
58149
58150
58151
58152
58153
58154
58155
58156
58157
58158
58159
58160
58161
58162
58163
58165
58166
58167
58168
58169
58170
58171
58172
58173
58174
58175
58183
58184
58185
58186
58187
58188
58189
58190
58191
58192
58193
58194
58195
58196
58197
58198
58199
9047
58200
9048
58201
9049
58202
9050
58203
58204
58205
58206
58207
58208
58209
58211
58212
58213
58214
58215
58216
58217
58226
58227
58228
58229
58230
58231
58232
58233
58234
58235
58236
58237
58238
58239
58240
58241
58242
58243
58244
58245
58246
58247
58248
58249
58259
58260
58261
58262
58263
58264
58265
58266
58267
58268
58269
58270
58271
58272
58274
58275
58276
58277
58278
58279
58280
58281
58284
58285
58286
58287
58288
58289
58290
58291
58292
58293
58294
58295
58296
58297
58298
58299
58300
58346
58347
58348
58349
58350
58351
58352
58353
58354
58355
58356
58357
58358
58359
58360
58361
58362
58363
58364
58365
58366
58367
58368
58369
58370
58371
58372
58373
58374
58375
58376
58377
58378
58379
58380
58381
58382
58383
58390
58391
58392
58393
58394
58395
58396
58397
58398
58399
58400
58401
58402
58403
9251
58404
9252
58405
9253
58406
9254
9255
9273
9274
9275
9276
9316
9317
9318
9319
9320
9842
9843
9844
9845
9875
9876
9877
9878
9879
59039
59040
59041
59042
59043
59044
59045
59046
59047
59048
59049
59050
59051
59052
59053
59054
59055
59057
59058
59059
59060
59061
59062
59063
59064
59065
59066
59067
59068
59069
59070
59071
59072
59073
59074
59075
59085
59086
59087
59088
59089
10193
10194
10195
10196
10212
10213
10214
10215
59374
59375
59376
59377
59378
59395
59396
59397
59398
59399
59400
59401
59402
59403
59404
59405
59406
59407
59408
59409
10661
10662
10663
10664
10665
10666
10667
10668
10669
10670
10671
10672
10673
10674
10675
10676
10677
10678
10679
10680
10681
10682
10683
10684
10685
10686
10687
10688
10689
10690
10691
10692
10693
10694
10695
10696
10697
10698
10699
10700
10701
10702
10703
10704
10705
10706
10707
10708
10709
10710
10720
10721
10722
10723
10724
10725
10726
10727
77634
77635
77636
77637
77638
77639
77640
77641
77657
77658
77659
77661
77681
77682
77683
77684
77685
77686
77687
77688
77702
77703
77704
77705
77706
77707
77708
77709
77710
77711
77712
77713
77714
77715
77716
77717
77718
77719
77720
77721
77722
77723
77724
77725
77745
77746
77747
77748
77749
77750
77752
77753
77754
77755
77756
77757
77763
77764
77765
77766
77767
77768
77769
77770
77771
77772
77773
77774
77780
77781
77782
77783
77784
45293
45294
45295
45296
45297
45298
45299
45300
45301
45302
45303
45304
45305
45306
45307
45308
45309
45310
45311
45312
45313
45314
45315
45316
45317
45318
45319
45320
45321
45322
45323
45324
45325
45326
45327
45328
45329
45330
45331
45332
45333
45334
45335
45336
45337
45338
45339
45340
45341
45342
45343
45344
45345
45346
45347
45348
45349
45350
45351
45352
45353
45354
45355
45356
45357
45358
45359
45360
45361
45362
45363
45364
45365
45366
45367
45368
45369
45370
45371
45372
45373
45374
45375
45376
45377
45378
45379
45380
45381
45382
45383
45384
45385
45386
45387
45388
45389
45390
45391
45392
45393
45394
45395
45396
45397
45398
45399
45400
45401
45402
45403
45404
45405
45406
45407
45408
45409
45410
45411
45412
45413
45414
45415
45416
45417
45418
45419
45420
45421
45422
45423
45424
45425
45426
45427
45428
45429
45430
45431
45432
45433
45434
45435
45436
45437
45438
45439
45440
45441
45442
61857
61858
61859
61860
61861
61862
61863
61864
61865
61866
61867
61868
61869
61870
61871
61872
61873
61874
61876
61877
61878
61879
61880
61881
61883
61884
61885
61886
61887
61888
61889
61890
61891
61892
61893
61894
61895
61896
61897
61898
61899
61900
61901
61902
61904
61905
61906
61907
61908
61909
61910
61911
61912
61913
61914
61915
61916
61918
61919
61920
61921
61922
61923
61924
61925
61926
61927
61928
61929
61930
61931
61932
61933
61934
61935
61936
61937
61938
61939
61940
61941
61942
61943
61944
61945
61946
61947
61948
61949
61950
61951
61953
61954
61955
61956
61957
61958
61959
61960
61961
45820
45821
45822
45823
45824
45825
45826
45827
45828
45829
45830
45831
45832
45833
45834
45835
45836
45837
45838
45839
45840
45841
45842
45843
45844
45845
45846
45847
45848
45849
45850
45851
45852
45853
45854
45855
45856
45857
45858
45859
45860
45861
45862
45863
45864
45865
45866
45867
45868
45869
45870
45871
45872
45873
45874
45875
45876
45877
45878
45879
45880
45881
45882
45883
45884
45885
45886
45887
45888
45889
45890
45891
45892
45893
45894
45895
45896
45897
45898
45899
45900
45901
45902
45903
45904
45905
45906
45907
45908
45909
45910
45911
45912
45913
45914
45915
45916
45917
45918
45919
45920
45921
45922
45923
45924
45925
45926
45927
45928
45929
45930
45931
45932
45933
45934
45935
45936
45937
45938
45939
45940
45941
45942
45943
45944
45945
45946
45947
45948
45949
45950
45951
45952
45953
45954
45955
45956
45957
45958
45959
45960
45961
45962
45963
45964
45965
45966
45967
45968
45969
45970
45971
45972
45973
45974
45975
45976
45977
45978
45979
45980
45981
45982
45983
45984
45985
45986
45987
45988
45989
45990
45991
45992
45993
45994
45995
45996
45997
45998
45999
46000
46001
46002
46003
46004
46005
46006
46007
46008
46009
46010
46011
46012
46013
46014
46015
46016
46017
46018
46019
46020
46021
46022
46023
46024
46025
46026
46027
46028
46029
46030
46031
46032
46033
46034
46035
46036
46037
46038
46039
46040
46041
46042
46043
46044
46045
46046
46047
46048
46049
46050
46051
46052
46053
46054
46055
46056
46057
46058
46059
46060
46061
46062
46063
46064
46065
46066
46067
46068
46069
46070
46071
46072
46073
46074
46075
46076
46077
46078
46079
46080
46081
46082
46083
46165
46166
46167
46168
62595
62596
62597
62598
62599
62600
62601
62602
62603
62604
62605
62606
62607
62608
62609
62611
62612
62613
62614
62615
62616
62617
62618
62619
62620
62621
62622
62623
46239
62624
46240
62625
46241
62626
46242
62627
46243
62628
62629
62630
62631
62632
62633
46254
46255
46256
46257
46258
46259
46260
46261
46262
46263
46264
46265
46266
46267
46268
62653
46269
62654
46270
62655
46271
62656
46272
62657
46273
62658
46274
62659
46275
62660
46276
62661
46277
62662
46278
62663
46279
62664
62665
62666
46282
62667
46283
62668
46284
62669
46285
62670
46286
62671
46287
62672
46288
62673
46289
62674
46290
62675
46291
62676
46292
62677
46293
62678
46294
62679
46295
62680
46296
62681
46297
62682
46298
62683
46299
62684
46300
62685
46301
62686
62687
62688
62689
62690
62691
62692
62693
62694
62695
62696
62697
62698
62699
62700
62701
62702
62703
62704
62705
62706
62707
62708
62709
62710
62711
62712
62713
62714
62715
62716
62717
62718
62719
62720
62721
62722
62723
62724
62725
62726
62727
62728
62729
62730
62731
62732
62733
46349
62734
46350
62735
46351
62736
46352
62737
46353
62738
62739
62740
62741
62742
62743
46359
62744
46360
62745
46361
62746
46362
62747
46363
62748
46364
62749
46365
62750
46366
62751
46367
62752
46368
62753
46369
62754
46370
62755
46371
62756
46372
46373
62758
46374
62759
46375
62760
46376
62761
46377
62762
46378
62763
46379
46380
62765
46381
62766
46382
62767
46383
62768
46384
62769
46385
62770
46386
62771
46387
62772
46388
62773
46389
62774
46390
62775
46391
62776
46392
62777
46393
62778
46394
62779
46395
62780
46396
62781
46397
62782
46398
62783
46399
62784
46400
62785
46401
62786
46402
62787
46403
62788
46404
62789
46405
62790
46406
62791
46407
62792
46408
62793
46409
62794
46410
62795
46411
62796
46412
62797
46413
62798
46414
62799
46415
62800
46416
62801
46417
62802
46418
62803
46419
62804
46420
62805
46421
62806
46422
62807
46423
62808
46424
62809
46425
62810
46426
62811
46427
62812
46428
62813
46429
62814
46430
62815
46431
62816
46432
62817
46433
62818
46434
62819
46435
62820
46436
62821
46437
62822
46438
62823
46439
62824
46440
62825
46441
62826
46442
62827
46443
62828
46444
62829
46445
62830
46446
62831
46447
62832
46448
62833
46449
62834
46450
62835
46451
62836
46452
62837
46453
62838
46454
62839
46455
62840
46456
62841
46457
62842
46458
62843
46459
62844
46460
62845
46461
62846
46462
62847
46463
62848
46464
62849
46465
62850
46466
62851
46467
62852
46468
62853
46469
62854
46470
62855
46471
62856
46472
62857
46473
62858
46474
62859
46475
62860
46476
62861
46477
62862
46478
62863
46479
46480
62865
46481
62866
46482
62867
46483
46484
46485
46486
46487
46488
46489
46490
62875
46491
62876
46492
62877
46493
62878
46494
62879
46495
62880
46496
62881
46497
62882
46498
62883
46499
62884
46500
62885
46501
62886
46502
62887
46503
46504
46505
62890
46506
62891
46507
62892
46508
62893
46509
62894
46510
62895
46511
62896
46512
62897
46513
62898
46514
62899
46515
62900
46516
62901
46517
62902
46518
62903
46519
62904
46520
62905
46521
62906
46522
62907
46523
62908
46524
62909
46525
62910
46526
62911
46527
62912
46528
62913
46529
62914
46530
62915
46531
62916
46532
62917
46533
62918
46534
62919
46535
62920
46536
62921
46537
62922
46538
62923
46539
62924
46540
62925
46541
62926
46542
62927
46543
62928
46544
62929
46545
62930
46546
62931
46547
62932
46548
62933
46549
62934
46550
62935
46551
62936
46552
62937
46553
62938
46554
62939
46555
62940
46556
62941
46557
62942
46558
62943
46559
62944
46560
62945
46561
62946
46562
62947
46563
62948
46564
62949
46565
46566
46567
46568
46569
46570
46571
46572
46573
46574
46575
46576
46577
46578
46579
46580
46581
46582
46583
46584
46585
46586
46587
46588
46589
46590
46591
46592
46593
46594
46595
46596
46597
46598
46599
46600
46601
46602
46603
46604
46605
46606
46607
46608
46609
46610
46611
46612
46613
46614
46615
46616
46617
46618
46619
46620
46621
46622
46623
46624
46625
46626
46627
46628
46629
46630
46631
46632
46705
46706
46707
46708
46973
46974
46975
46976
46977
46978
46979
46980
46981
46982
46983
46984
46985
46986
46987
46988
46989
46990
46991
46992
46993
46994
46995
46996
46997
46998
46999
47000
47001
47002
47003
47004
47005
47006
47007
47008
47009
47010
47011
47012
47013
47014
47015
47016
47017
47018
47019
47020
47021
47022
47023
47024
47025
47026
47027
47028
47029
47030
47031
47032
47033
47034
47035
47036
47037
47038
47039
47040
47041
47042
47043
47044
47045
47046
47047
47048
47049
47050
47051
47052
47053
47054
47055
47056
47057
47058
47059
47060
47061
47062
47063
47064
47065
47066
47067
47068
47069
47070
47071
47072
47073
47074
47075
47076
47077
47078
47079
47080
47081
47082
47083
47084
47085
47086
47087
47088
47089
47090
47091
47092
47093
47094
47095
47096
47097
63517
63518
63519
63520
63521
63522
63523
63524
63525
63526
63528
63529
63530
63531
63532
63533
63534
63535
63536
63537
63538
63539
47155
63540
47156
63541
47157
63542
47158
63543
63544
63545
63546
63547
63548
63549
63550
63551
63552
63553
63554
63555
63556
47172
63557
47173
63558
47174
63559
47175
63560
47176
63561
47177
63562
47178
63563
47179
63564
47180
63565
63566
63567
63568
63569
63570
63571
63572
63573
63574
63575
63576
63577
63578
63579
47195
63580
47196
63581
47197
63582
47198
63583
47199
63584
47200
63585
47201
63586
47202
63587
47203
63588
47204
63589
47205
63590
47206
63591
47207
63592
47208
63593
47209
63594
47210
63595
47211
63596
47212
63597
47213
63598
47214
63599
47215
63600
47216
47217
47218
63656
47272
63657
47273
63658
47274
63659
47275
63660
63661
63662
63663
63664
63665
63666
63667
63668
63669
63670
63671
63672
63673
63674
63675
63676
63677
63678
63679
63680
63681
63682
63683
63684
63685
63686
63687
63688
63690
63691
63692
63693
63694
63695
63696
63697
63698
47314
63699
47315
63700
47316
63701
47317
63702
47318
63703
47319
63704
47320
63705
47321
63706
47322
63707
47323
63708
63709
47325
63710
47326
63711
47327
63712
47328
63713
47329
63714
47330
63715
47331
63716
47332
63717
47333
63718
47334
63719
47335
63720
47336
63721
47337
47338
63723
47339
63724
47340
63725
47341
63726
47342
63727
47343
63728
47344
63729
47345
63730
63731
63732
63733
63734
63735
63736
47352
63737
47353
63738
47354
63739
47355
63740
47356
63741
47357
63742
47358
63743
47359
47360
63745
47361
63746
47362
63747
47363
63748
47364
63749
47365
63750
47366
63751
47367
63752
47368
63753
47369
63754
47370
63755
47371
63756
47372
63757
47373
63758
47374
63759
47375
63760
47376
63761
47377
63762
47378
63763
47379
63764
47380
63765
47381
63766
47382
63767
47383
63768
47384
63769
47385
63770
47386
63771
47387
63772
47388
63773
47389
63774
47390
63775
47391
63776
47392
63777
47393
63778
47394
63779
47395
63780
47396
63781
47397
63782
47398
63783
47399
63784
47400
63785
47401
63786
47402
63787
47403
63788
47404
63789
47405
63790
47406
63791
47407
63792
47408
63793
47409
63794
47410
63795
47411
63796
47412
63797
47413
63798
47414
63799
47415
63800
47416
63801
47417
63802
47418
63803
47419
63804
47420
63805
63806
63807
63808
63809
63810
63811
63812
63813
63814
63815
63816
63817
63818
63819
63820
63821
63822
63823
63824
63825
63826
63827
63828
63829
63830
63831
63832
63833
63834
63835
47457
63842
47458
63843
47459
63844
47460
63845
47461
47462
47463
47464
47465
47466
47467
47468
47469
47470
47471
47472
47473
47474
47475
47476
63861
47477
47478
47479
47480
47488
47489
47497
47498
47499
47500
47501
47502
47503
47504
47661
47662
47663
47664
47665
47666
47667
47668
47669
47670
47671
47672
47673
47674
47675
47676
47677
47794
47795
47796
47797
47823
47824
47825
47826
47827
47828
47829
47830
47831
47832
47833
47834
47835
47836
47837
47838
47839
47840
47902
47903
47904
47905
48003
48004
48005
48006
48007
48032
48033
48034
48035
48036
48037
48038
48039
48040
48041
48042
48043
48044
48045
48046
48047
48048
48049
48050
48051
48052
48053
48054
48055
48056
48057
48058
48059
48060
48061
48062
48063
48064
48065
48066
48067
48068
48069
48070
48071
48072
48073
48074
48075
48076
48077
48078
48079
48080
48081
48082
48083
48084
48085
48086
48087
48088
48089
48090
48096
48097
48098
48099
48100
48101
48102
48103
48104
48105
48106
48107
48108
48109
48110
48111
48112
48113
48114
48115
48116
48117
48118
48119
48120
48121
48122
48123
48124
48125
48126
48127
48128
48129
48130
48131
48132
48133
48134
48135
48136
48137
48138
48139
48140
48141
48142
48143
48144
48145
48146
48147
48149
48150
48151
48157
48158
48160
48162
48163
48164
48165
48166
48167
48168
48169
48170
48171
48172
48173
48174
48175
48176
48177
48178
48179
48180
48181
48182
48183
48184
48185
48186
48187
48188
48189
48190
48191
48192
48193
48194
48195
48196
48197
48198
48199
48200
48271
48272
48273
48274
48439
48440
48441
48442
48443
48444
48445
48446
48447
48448
48449
48450
48451
48452
48453
48454
48455
48456
48457
48458
48459
48460
48461
48462
48463
48464
48465
48466
48467
48468
48469
48470
48471
48472
48473
48474
48475
48476
48477
48478
48479
48480
48481
48482
48483
48484
48485
48486
48487
48488
48489
48490
48491
48492
48493
48494
48495
48496
48497
48498
48499
48500
48501
48502
48503
48504
48505
48506
48507
48508
48509
48510
48511
48512
48513
48514
48515
48516
48517
48518
48519
48520
48521
48522
48523
48524
48525
48526
48527
48528
48529
48530
48531
48532
48533
48534
48535
48536
48537
48538
48539
48540
48541
48542
48543
48544
48545
48546
48547
48548
48549
48556
48560
48561
48563
48567
48568
48569
48570
48571
48572
)


// ************************************************************************* //
