	3
0.000210526	2
0.000415433	2
0.000620762	3
0.000827802	4
0.00103836	5
0.0012521	6
0.00146865	6
0.0016881	7
0.00191002	8
0.00213448	9
0.00236102	10
0.00258969	11
0.00281997	12
0.00305135	12
0.0032844	13
0.00351858	14
0.00375333	15
0.00398923	15
0.00422571	16
0.00446277	17
0.00470043	18
0.00493867	19
0.00517752	19
0.00541637	20
0.00565522	21
0.00589467	22
0.00613412	22
0.00637358	23
0.00661303	24
0.00685249	24
0.00709194	25
0.00733139	26
0.00757085	27
0.00780968	27
0.00804852	28
0.00828735	29
0.00852619	30
0.00876502	30
0.00900386	31
0.00924269	32
0.00948153	32
0.00972036	33
0.0099592	34
0.010198	35
0.0104369	35
0.0106757	36
0.0109145	37
0.0111534	38
0.0113922	38
0.011631	39
0.0118699	40
0.0121094	41
0.0123488	41
0.0125883	42
0.0128278	43
0.0130673	44
0.0133068	44
0.0135463	45
0.0137857	46
0.0140252	47
0.0142647	48
0.0145042	48
0.0147444	49
0.0149845	50
0.0152247	50
0.0154648	51
0.015705	52
0.0159451	53
0.0161853	53
0.0164255	54
0.0166663	55
0.0169072	55
0.017148	56
0.0173889	57
0.0176297	57
0.0178705	58
0.0181114	59
0.018353	59
0.0185945	60
0.0188361	61
0.0190776	61
0.0193192	62
0.0195608	63
0.019803	63
0.0200453	64
0.0202876	65
0.0205299	65
0.0207722	66
0.0210145	67
0.0212575	68
0.0215005	68
0.0217436	69
0.0219866	70
0.0222296	70
0.0224727	71
0.0227165	72
0.0229603	72
0.0232041	73
0.0234479	74
0.0236917	74
0.0239362	75
0.0241808	76
0.0244254	76
0.02467	77
0.0249153	78
0.0251607	78
0.0254061	79
0.0256515	80
0.0258977	80
0.0261438	81
0.02639	82
0.026637	82
0.0268841	83
0.0271311	84
0.0273789	84
0.0276268	85
0.0278746	86
0.0281233	87
0.028372	87
0.0286216	88
0.0288712	89
0.0291216	89
0.0293721	90
0.0296234	91
0.0298748	91
0.0301261	92
0.0303784	93
0.0306316	93
0.0308847	94
0.0311388	95
0.0313929	95
0.031648	96
0.031903	97
0.032159	98
0.032416	98
0.032673	99
0.0329309	100
0.0331889	100
0.0334478	101
0.0337078	102
0.0339678	102
0.0342288	103
0.0344908	104
0.0347528	104
0.0350159	105
0.0352801	106
0.0355443	106
0.0358095	107
0.0360748	108
0.0363411	108
0.0366086	109
0.0368761	110
0.0371447	111
0.0374144	111
0.0376842	112
0.0379552	113
0.0382261	113
0.0384982	114
0.0387716	115
0.0390449	115
0.0393195	116
0.039594	117
0.0398699	118
0.040147	118
0.0404241	119
0.0407025	120
0.0409809	120
0.0412606	121
0.0415403	122
0.0418213	122
0.0421024	123
0.0423848	124
0.0426672	124
0.0429497	125
0.0432335	126
0.0435173	127
0.0438026	127
0.0440879	128
0.0443746	129
0.0446613	129
0.0449481	130
0.0452363	131
0.0455245	131
0.0458127	132
0.0461025	133
0.0463923	134
0.0466821	134
0.0469718	135
0.0472632	136
0.0475546	136
0.0478459	137
0.0481373	138
0.0484303	139
0.0487233	139
0.0490163	140
0.0493093	141
0.0496023	141
0.0498971	142
0.0501918	143
0.0504865	143
0.0507812	144
0.051076	145
0.0513707	146
0.0516672	146
0.0519637	147
0.0522602	148
0.0525568	148
0.0528533	149
0.0531498	150
0.0534463	151
0.0537428	151
0.0540394	152
0.0543359	153
0.0546343	154
0.0549328	154
0.0552313	155
0.0555297	156
0.0558282	156
0.0561266	157
0.0564251	158
0.0567235	159
0.057022	159
0.0573205	160
0.0576189	161
0.0579174	162
0.0582158	162
0.0585143	163
0.0588128	164
0.0591112	164
0.0594097	165
0.0597081	166
0.0600066	167
0.060305	167
0.0606035	168
0.060902	169
0.0612004	170
0.0614989	170
0.0617973	171
0.0620958	172
0.0623943	172
0.0626927	173
0.0629912	174
0.0632896	175
0.0635881	175
0.0638865	176
0.064185	177
0.0644835	178
0.0647819	178
0.0650804	179
0.0653788	180
0.0656773	181
0.0659758	181
0.0662742	182
0.0665727	183
0.0668711	184
0.0671696	184
0.067468	185
0.0677665	186
0.068065	186
0.0683634	187
0.0686619	188
0.0689603	189
0.0692588	189
0.0695573	190
0.0698557	191
0.0701542	192
0.0704526	192
0.0707511	193
0.0710495	194
0.071348	195
0.0716465	195
0.0719449	196
0.0722434	197
0.0725418	198
0.0728403	198
0.0731388	199
0.0734372	200
0.0737357	201
0.0740341	201
0.0743326	202
0.074631	203
0.0749295	204
0.075228	204
0.0755264	205
0.0758249	206
0.0761233	207
0.0764218	207
0.0767203	208
0.0770187	209
0.0773172	210
0.0776156	210
0.0779141	211
0.0782125	212
0.078511	213
0.0788095	213
0.0791079	214
0.0794064	215
0.0797048	216
0.0800033	216
0.0803018	217
0.0806002	218
0.0808987	219
0.0811971	219
0.0814956	220
0.081794	221
0.0820925	222
0.082391	222
0.0826894	223
0.0829879	224
0.0832863	225
0.0835848	226
0.0838833	226
0.0841817	227
0.0844802	228
0.0847786	229
0.0850771	229
0.0853755	230
0.085674	231
0.0859725	232
0.0862709	232
0.0865694	233
0.0868678	234
0.0871663	235
0.0874648	235
0.0877632	236
0.0880617	237
0.0883601	238
0.0886586	239
0.088957	239
0.0892555	240
0.089554	241
0.0898524	242
0.0901509	242
0.0904493	243
0.0907478	244
0.0910463	245
0.0913447	245
0.0916432	246
0.0919416	247
0.0922401	248
0.0925385	248
0.092837	249
0.0931355	250
0.0934339	251
0.0937324	251
0.0940308	252
0.0943293	253
0.0946278	254
0.0949262	254
0.0952247	255
0.0955231	256
0.0958216	257
0.09612	257
0.0964185	258
0.096717	259
0.0970154	260
0.0973139	260
0.0976123	261
0.0979108	262
0.0982093	263
0.0985077	263
0.0988062	264
0.0991046	265
0.0994031	266
0.0997015	266
0.1	268
0.100299	268
0.100597	269
0.100896	270
0.101194	271
0.101493	271
0.101791	272
0.10209	273
0.102388	274
0.102687	274
0.102985	275
0.103284	276
0.103582	277
0.103881	277
0.104179	278
0.104478	279
0.104776	280
0.105075	280
0.105373	281
0.105672	282
0.10597	283
0.106269	283
0.106567	284
0.106866	285
0.107164	286
0.107463	286
0.107761	287
0.10806	288
0.108358	289
0.108657	289
0.108955	290
0.109254	291
0.109552	292
0.109851	292
0.110149	293
0.110448	294
0.110746	295
0.111045	295
0.111343	296
0.111641	297
0.111938	298
0.112236	298
0.112533	299
0.112831	300
0.113128	301
0.113426	301
0.113723	302
0.114021	303
0.114318	304
0.114616	304
0.114913	305
0.115211	306
0.115507	307
0.115804	307
0.1161	308
0.116397	309
0.116693	310
0.11699	310
0.117286	311
0.117583	312
0.117879	313
0.118176	313
0.118472	314
0.118768	315
0.119064	316
0.119359	316
0.119655	317
0.11995	318
0.120245	319
0.120541	319
0.120836	320
0.121132	321
0.121427	322
0.121722	322
0.122018	323
0.122313	324
0.122608	325
0.122904	325
0.123198	326
0.123492	327
0.123787	328
0.124081	328
0.124375	329
0.124669	330
0.124964	331
0.125258	331
0.125552	332
0.125846	333
0.126141	334
0.126435	334
0.126729	335
0.127024	336
0.127318	336
0.127612	337
0.127905	338
0.128198	339
0.128491	339
0.128784	340
0.129077	341
0.12937	342
0.129664	342
0.129957	343
0.13025	344
0.130543	345
0.130836	345
0.131129	346
0.131422	347
0.131715	347
0.132008	348
0.132301	349
0.132594	350
0.132887	350
0.13318	351
0.133472	352
0.133764	353
0.134056	353
0.134347	354
0.134639	355
0.134931	355
0.135223	356
0.135515	357
0.135806	358
0.136098	358
0.13639	359
0.136682	360
0.136974	361
0.137265	361
0.137557	362
0.137849	363
0.138141	364
0.138433	364
0.138724	365
0.139016	366
0.139308	366
0.1396	367
0.139891	368
0.140182	369
0.140472	369
0.140763	370
0.141053	371
0.141343	372
0.141634	372
0.141924	373
0.142215	374
0.142505	374
0.142795	375
0.143086	376
0.143376	377
0.143666	377
0.143957	378
0.144247	379
0.144538	380
0.144828	380
0.145118	381
0.145409	382
0.145699	382
0.145989	383
0.14628	384
0.14657	385
0.146861	385
0.147151	386
0.147441	387
0.147732	387
0.148022	388
0.148312	389
0.148603	390
0.148892	390
0.14918	391
0.149469	392
0.149758	392
0.150047	393
0.150335	394
0.150624	395
0.150913	395
0.151202	396
0.15149	397
0.151779	397
0.152068	398
0.152357	399
0.152645	400
0.152934	400
0.153223	401
0.153512	402
0.1538	402
0.154089	403
0.154378	404
0.154667	405
0.154955	405
0.155244	406
0.155533	407
0.155822	407
0.15611	408
0.156399	409
0.156688	410
0.156977	410
0.157265	411
0.157554	412
0.157843	412
0.158132	413
0.15842	414
0.158709	415
0.158998	415
0.159285	416
0.159571	417
0.159858	417
0.160145	418
0.160431	419
0.160718	419
0.161005	420
0.161292	421
0.161578	422
0.161865	422
0.162152	423
0.162439	424
0.162725	424
0.163012	425
0.163299	426
0.163585	426
0.163872	427
0.164159	428
0.164446	429
0.164732	429
0.165019	430
0.165306	431
0.165593	431
0.165879	432
0.166166	433
0.166453	433
0.166739	434
0.167026	435
0.167313	436
0.1676	436
0.167886	437
0.168173	438
0.16846	438
0.168747	439
0.169033	440
0.16932	441
0.169607	441
0.169893	442
0.17018	443
0.170467	443
0.170754	444
0.17104	445
0.171327	446
0.171614	446
0.171901	447
0.172187	448
0.172474	448
0.172761	449
0.173047	450
0.173334	450
0.173621	451
0.173905	452
0.174188	453
0.174472	453
0.174756	454
0.175039	455
0.175323	455
0.175606	456
0.17589	457
0.176174	457
0.176457	458
0.176741	459
0.177025	459
0.177308	460
0.177592	461
0.177876	461
0.178159	462
0.178443	463
0.178727	463
0.17901	464
0.179294	465
0.179578	465
0.179861	466
0.180145	467
0.180428	467
0.180712	468
0.180996	469
0.181279	469
0.181563	470
0.181847	471
0.18213	471
0.182414	472
0.182698	473
0.182981	473
0.183265	474
0.183549	475
0.183832	475
0.184116	476
0.184399	477
0.184683	477
0.184967	478
0.18525	479
0.185534	479
0.185818	480
0.186101	481
0.186385	481
0.186669	482
0.186952	483
0.187236	484
0.18752	484
0.187803	485
0.188087	486
0.188371	486
0.188654	487
0.188938	488
0.189221	488
0.189505	489
0.189789	490
0.190072	490
0.190356	491
0.19064	492
0.190923	492
0.191207	493
0.191491	494
0.191774	494
0.192058	495
0.192342	496
0.192625	496
0.192909	497
0.193193	498
0.193476	498
0.19376	499
0.194043	500
0.194327	500
0.194611	501
0.194894	502
0.195178	502
0.195462	503
0.195745	504
0.196029	504
0.196313	505
0.196596	506
0.19688	507
0.197164	507
0.197447	508
0.197731	509
0.198014	509
0.198298	510
0.198582	511
0.198865	511
0.199149	512
0.199433	513
0.199716	513
0.2	514
0.200283	515
0.200567	516
0.20085	516
0.201133	517
0.201416	518
0.2017	518
0.201983	519
0.202266	520
0.20255	520
0.202833	521
0.203116	522
0.203399	522
0.203683	523
0.203966	524
0.204249	524
0.204533	525
0.204816	526
0.205099	526
0.205382	527
0.205666	528
0.205949	528
0.206231	529
0.206514	530
0.206796	530
0.207079	531
0.207361	532
0.207644	532
0.207926	533
0.208208	534
0.208491	534
0.208773	535
0.209056	536
0.209338	536
0.209621	537
0.209903	538
0.210186	538
0.210468	539
0.21075	540
0.211033	540
0.211315	541
0.211598	542
0.21188	542
0.212163	543
0.212445	544
0.212727	544
0.21301	545
0.213292	545
0.213575	546
0.213857	547
0.21414	547
0.214422	548
0.214705	549
0.214987	549
0.215269	550
0.215552	551
0.215834	551
0.216117	552
0.216399	553
0.216681	553
0.216962	554
0.217244	555
0.217525	555
0.217807	556
0.218088	557
0.21837	557
0.218651	558
0.218932	559
0.219214	559
0.219495	560
0.219777	561
0.220058	561
0.22034	562
0.220621	562
0.220903	563
0.221184	564
0.221466	564
0.221747	565
0.222029	566
0.22231	566
0.222592	567
0.222873	568
0.223155	568
0.223436	569
0.223718	570
0.223999	570
0.224281	571
0.224562	572
0.224844	572
0.225125	573
0.225407	574
0.225688	574
0.22597	575
0.226251	575
0.226533	576
0.226814	577
0.227096	577
0.227377	578
0.227658	579
0.22794	579
0.228221	580
0.228503	581
0.228784	581
0.229066	582
0.229347	583
0.229629	583
0.22991	584
0.230191	585
0.230471	585
0.230751	586
0.231032	586
0.231312	587
0.231593	588
0.231873	588
0.232153	589
0.232434	590
0.232714	590
0.232994	591
0.233275	592
0.233555	592
0.233835	593
0.234116	593
0.234396	594
0.234676	595
0.234957	595
0.235237	596
0.235518	597
0.235798	597
0.236078	598
0.236359	599
0.236639	599
0.236919	600
0.2372	601
0.23748	601
0.23776	602
0.238041	602
0.238321	603
0.238601	604
0.238882	604
0.239162	605
0.239443	606
0.239723	606
0.240003	607
0.240284	608
0.240564	608
0.240844	609
0.241125	610
0.241405	610
0.241685	611
0.241966	612
0.242246	612
0.242527	613
0.242807	614
0.243087	614
0.243368	615
0.243648	615
0.243928	616
0.244209	617
0.244489	617
0.244769	618
0.24505	619
0.24533	619
0.24561	620
0.245891	621
0.246171	621
0.246452	622
0.246732	622
0.247012	623
0.247293	624
0.247573	624
0.247853	625
0.248134	626
0.248414	626
0.248694	627
0.248975	628
0.249255	628
0.249534	629
0.249813	630
0.250092	630
0.25037	631
0.250649	631
0.250928	632
0.251207	633
0.251486	633
0.251764	634
0.252043	635
0.252322	635
0.252601	636
0.25288	637
0.253159	637
0.253437	638
0.253716	639
0.253995	639
0.254274	640
0.254553	641
0.254831	641
0.25511	642
0.255389	643
0.255668	643
0.255947	644
0.256226	645
0.256504	645
0.256783	646
0.257062	647
0.257341	647
0.25762	648
0.257898	649
0.258177	649
0.258456	650
0.258735	651
0.259014	651
0.259293	652
0.259571	652
0.25985	653
0.260129	654
0.260408	654
0.260687	655
0.260965	656
0.261244	656
0.261523	657
0.261802	658
0.262081	658
0.26236	659
0.262638	660
0.262917	660
0.263196	661
0.263475	662
0.263754	662
0.264032	663
0.264311	664
0.26459	664
0.264869	665
0.265148	665
0.265427	666
0.265705	667
0.265984	667
0.266263	668
0.266542	669
0.266821	669
0.267099	670
0.267378	671
0.267657	671
0.267936	672
0.268215	673
0.268494	673
0.268772	674
0.269051	675
0.26933	675
0.269609	676
0.269888	677
0.270166	677
0.270445	678
0.270724	678
0.271003	679
0.271282	680
0.271561	680
0.271839	681
0.272118	682
0.272397	682
0.272676	683
0.272955	684
0.273233	684
0.273512	685
0.273791	686
0.27407	686
0.274349	687
0.274628	688
0.274906	688
0.275185	689
0.275464	690
0.275743	690
0.276022	691
0.2763	691
0.276579	692
0.276858	693
0.277137	693
0.277416	694
0.277695	695
0.277973	695
0.278252	696
0.278531	697
0.27881	697
0.279089	698
0.279367	699
0.279646	699
0.279925	700
0.280204	701
0.280483	701
0.280762	702
0.28104	703
0.281319	703
0.281598	704
0.281877	705
0.282156	705
0.282434	706
0.282713	706
0.282992	707
0.283271	708
0.28355	708
0.283829	709
0.284107	710
0.284386	710
0.284665	711
0.284944	712
0.285223	712
0.285501	713
0.28578	714
0.286059	714
0.286338	715
0.286617	715
0.286896	716
0.287174	717
0.287453	717
0.287726	718
0.287999	719
0.288271	720
0.288544	720
0.288817	721
0.28909	721
0.289362	722
0.289635	723
0.289908	723
0.290181	724
0.290454	725
0.290726	725
0.290999	726
0.291272	727
0.291545	727
0.291817	728
0.29209	729
0.292363	729
0.292636	730
0.292908	731
0.293181	731
0.293454	732
0.293727	732
0.293999	733
0.294272	734
0.294545	734
0.294818	735
0.29509	736
0.295363	736
0.295636	737
0.295909	738
0.296181	738
0.296454	739
0.296727	740
0.297	740
0.297272	741
0.297545	741
0.297818	742
0.298091	743
0.298363	743
0.298636	744
0.298909	745
0.299182	745
0.299454	746
0.299727	747
0.3	748
0.300278	748
0.300556	749
0.300833	750
0.301111	750
0.301389	751
0.301667	752
0.301944	752
0.302222	753
0.3025	754
0.302778	754
0.303056	755
0.303333	755
0.303611	756
0.303889	757
0.304167	757
0.304444	758
0.304722	759
0.305	759
0.305278	760
0.305556	761
0.305833	761
0.306111	762
0.306389	762
0.306667	763
0.306944	764
0.307222	764
0.3075	765
0.307778	766
0.308056	766
0.308333	767
0.308611	767
0.308889	768
0.309167	769
0.309444	769
0.309722	770
0.31	771
0.310278	771
0.310556	772
0.310833	773
0.311111	773
0.311389	774
0.311667	774
0.311944	775
0.312222	776
0.3125	776
0.312778	777
0.313056	778
0.313333	778
0.313611	779
0.313889	780
0.314167	780
0.314444	781
0.314722	781
0.315	782
0.315278	783
0.315556	783
0.315833	784
0.316111	785
0.316389	785
0.316667	786
0.316944	787
0.317222	787
0.3175	788
0.317778	788
0.318056	789
0.318333	790
0.318611	790
0.318889	791
0.319167	792
0.319444	792
0.319722	793
0.32	794
0.320278	794
0.320556	795
0.320833	795
0.321111	796
0.321389	797
0.321667	797
0.321944	798
0.322222	799
0.3225	799
0.322778	800
0.323056	801
0.323333	801
0.323611	802
0.323889	802
0.324167	803
0.324444	804
0.324722	804
0.325	805
0.325278	806
0.325556	806
0.325832	807
0.326109	808
0.326386	808
0.326663	809
0.326939	810
0.327216	810
0.327493	811
0.32777	811
0.328046	812
0.328323	813
0.3286	813
0.328876	814
0.329153	815
0.32943	815
0.329707	816
0.329983	817
0.33026	817
0.330537	818
0.330814	819
0.33109	819
0.331367	820
0.331644	820
0.331921	821
0.332197	822
0.332474	822
0.332751	823
0.333028	824
0.333304	824
0.333581	825
0.333858	826
0.334135	826
0.334411	827
0.334688	828
0.334965	828
0.335242	829
0.335518	829
0.335795	830
0.336072	831
0.336349	831
0.336625	832
0.336902	833
0.337179	833
0.337456	834
0.337732	835
0.338009	835
0.338286	836
0.338563	837
0.338839	837
0.339116	838
0.339393	839
0.33967	839
0.339946	840
0.340223	840
0.3405	841
0.340777	842
0.341053	842
0.34133	843
0.341607	844
0.341884	844
0.34216	845
0.342437	846
0.342714	846
0.34299	847
0.343267	848
0.343544	848
0.343821	849
0.344097	849
0.344374	850
0.344651	851
0.344928	851
0.345204	852
0.345481	853
0.345758	853
0.346035	854
0.346311	855
0.346588	855
0.346865	856
0.347142	856
0.347418	857
0.347695	858
0.347972	858
0.348249	859
0.348525	860
0.348802	860
0.349079	861
0.349356	862
0.349632	862
0.349909	863
0.350186	863
0.350463	864
0.350739	865
0.351016	865
0.351293	866
0.35157	867
0.351846	867
0.352123	868
0.3524	869
0.352677	869
0.352953	870
0.35323	871
0.353507	871
0.353784	872
0.35406	872
0.354337	873
0.354614	874
0.354891	874
0.355167	875
0.355444	876
0.355721	876
0.355998	877
0.356274	878
0.356551	878
0.356828	879
0.357105	880
0.357381	880
0.357658	881
0.357935	881
0.358211	882
0.358488	883
0.358765	883
0.359042	884
0.359318	885
0.359595	885
0.359872	886
0.360149	886
0.360425	887
0.360702	888
0.360979	888
0.361256	889
0.361532	890
0.361809	890
0.362086	891
0.362363	891
0.362639	892
0.362916	893
0.363193	893
0.36347	894
0.363746	895
0.364023	895
0.3643	896
0.364577	896
0.364853	897
0.36513	898
0.365407	898
0.365684	899
0.36596	900
0.366237	900
0.366514	901
0.366791	901
0.367067	902
0.367344	903
0.367621	903
0.367898	904
0.368174	905
0.368451	905
0.368728	906
0.369005	906
0.369281	907
0.369558	908
0.369835	908
0.370112	909
0.370388	909
0.370665	910
0.370942	911
0.371219	911
0.371495	912
0.371769	913
0.372043	913
0.372318	914
0.372592	915
0.372866	915
0.37314	916
0.373414	917
0.373688	917
0.373962	918
0.374236	918
0.37451	919
0.374784	920
0.375058	920
0.375332	921
0.375607	922
0.375881	922
0.376155	923
0.376429	923
0.376703	924
0.376977	925
0.377251	925
0.377525	926
0.377799	927
0.378073	927
0.378347	928
0.378621	928
0.378896	929
0.37917	930
0.379444	930
0.379718	931
0.379992	932
0.380266	932
0.38054	933
0.380814	934
0.381088	934
0.381362	935
0.381636	935
0.38191	936
0.382185	937
0.382459	937
0.382733	938
0.383007	939
0.383281	939
0.383555	940
0.383829	940
0.384103	941
0.384377	942
0.384651	942
0.384925	943
0.385199	944
0.385474	944
0.385748	945
0.386022	945
0.386296	946
0.38657	947
0.386844	947
0.387118	948
0.387392	949
0.387666	949
0.38794	950
0.388214	950
0.388488	951
0.388763	952
0.389037	952
0.389311	953
0.389585	954
0.389859	954
0.390133	955
0.390407	955
0.390681	956
0.390955	957
0.391229	957
0.391503	958
0.391777	959
0.392052	959
0.392326	960
0.3926	960
0.392874	961
0.393148	962
0.393422	962
0.393696	963
0.39397	963
0.394244	964
0.394518	965
0.394792	965
0.395066	966
0.395341	967
0.395615	967
0.395889	968
0.396163	968
0.396437	969
0.396711	970
0.396985	970
0.397259	971
0.397533	972
0.397807	972
0.398081	973
0.398355	973
0.39863	974
0.398904	975
0.399178	975
0.399452	976
0.399726	976
0.4	977
0.400275	978
0.400551	979
0.400826	979
0.401102	980
0.401377	981
0.401653	981
0.401928	982
0.402204	982
0.402479	983
0.402755	984
0.40303	984
0.403306	985
0.403581	986
0.403857	986
0.404132	987
0.404408	987
0.404683	988
0.404959	989
0.405234	989
0.40551	990
0.405785	991
0.406061	991
0.406336	992
0.406612	992
0.406887	993
0.407163	994
0.407438	994
0.407713	995
0.407987	996
0.408262	996
0.408537	997
0.408811	998
0.409086	998
0.409361	999
0.409635	999
0.40991	1000
0.410185	1001
0.410459	1001
0.410734	1002
0.411009	1002
0.411283	1003
0.411558	1004
0.411833	1004
0.412107	1005
0.412382	1006
0.412657	1006
0.412931	1007
0.413206	1007
0.413481	1008
0.413755	1009
0.41403	1009
0.414305	1010
0.414579	1011
0.414854	1011
0.415129	1012
0.415403	1012
0.415678	1013
0.415953	1014
0.416227	1014
0.416502	1015
0.416777	1015
0.417051	1016
0.417326	1017
0.417601	1017
0.417875	1018
0.41815	1019
0.418425	1019
0.418699	1020
0.418974	1020
0.419249	1021
0.419523	1022
0.419798	1022
0.420073	1023
0.420347	1024
0.420622	1024
0.420897	1025
0.421171	1025
0.421446	1026
0.421721	1027
0.421995	1027
0.42227	1028
0.422545	1028
0.422819	1029
0.423094	1030
0.423369	1030
0.423643	1031
0.423918	1032
0.424193	1032
0.424467	1033
0.424742	1033
0.425017	1034
0.425291	1035
0.425566	1035
0.42584	1036
0.426113	1036
0.426387	1037
0.426661	1038
0.426934	1038
0.427208	1039
0.427481	1040
0.427755	1040
0.428029	1041
0.428302	1041
0.428576	1042
0.42885	1043
0.429123	1043
0.429397	1044
0.429671	1045
0.429944	1045
0.430218	1046
0.430492	1046
0.430765	1047
0.431039	1048
0.431313	1048
0.431586	1049
0.43186	1049
0.432134	1050
0.432407	1051
0.432681	1051
0.432955	1052
0.433228	1053
0.433502	1053
0.433776	1054
0.434049	1054
0.434323	1055
0.434596	1056
0.43487	1056
0.435144	1057
0.435417	1057
0.435691	1058
0.435965	1059
0.436238	1059
0.436512	1060
0.436786	1061
0.437059	1061
0.437333	1062
0.437607	1062
0.43788	1063
0.438154	1064
0.438428	1064
0.438701	1065
0.438975	1065
0.439249	1066
0.439522	1067
0.439796	1067
0.44007	1068
0.440343	1069
0.440617	1069
0.440891	1070
0.441164	1070
0.441438	1071
0.441712	1072
0.441985	1072
0.442259	1073
0.442532	1073
0.442806	1074
0.44308	1075
0.443353	1075
0.443627	1076
0.443901	1077
0.444174	1077
0.444448	1078
0.444722	1078
0.444995	1079
0.445269	1080
0.445543	1080
0.445816	1081
0.44609	1082
0.446364	1082
0.446637	1083
0.446911	1083
0.447185	1084
0.447458	1085
0.447732	1085
0.448006	1086
0.448279	1086
0.448553	1087
0.448827	1088
0.4491	1088
0.449374	1089
0.449648	1090
0.449921	1090
0.450195	1091
0.450468	1091
0.450742	1092
0.451016	1093
0.451289	1093
0.451563	1094
0.451837	1094
0.45211	1095
0.452384	1096
0.452658	1096
0.452931	1097
0.453205	1097
0.453479	1098
0.453752	1099
0.454026	1099
0.4543	1100
0.454573	1101
0.454847	1101
0.455121	1102
0.455394	1102
0.455668	1103
0.455942	1104
0.456215	1104
0.456489	1105
0.456763	1106
0.457036	1106
0.45731	1107
0.457583	1107
0.457857	1108
0.458131	1109
0.458404	1109
0.458678	1110
0.458952	1111
0.459225	1111
0.459499	1112
0.459773	1112
0.460046	1113
0.46032	1114
0.460594	1114
0.460867	1115
0.461141	1116
0.461415	1116
0.461688	1117
0.461962	1117
0.462236	1118
0.462509	1119
0.462783	1119
0.463057	1120
0.46333	1121
0.463604	1121
0.463878	1122
0.464151	1122
0.464425	1123
0.464699	1124
0.464972	1124
0.465246	1125
0.465519	1126
0.465793	1126
0.466067	1127
0.46634	1128
0.466614	1128
0.466888	1129
0.467161	1129
0.467435	1130
0.467709	1131
0.467982	1131
0.468256	1132
0.46853	1133
0.468803	1133
0.469077	1134
0.469351	1135
0.469624	1135
0.469898	1136
0.470172	1136
0.470445	1137
0.470719	1138
0.470993	1138
0.471266	1139
0.47154	1140
0.471814	1140
0.472087	1141
0.472361	1142
0.472635	1142
0.472908	1143
0.473182	1143
0.473455	1144
0.473729	1145
0.474003	1145
0.474276	1146
0.47455	1147
0.474824	1147
0.475097	1148
0.475371	1148
0.475645	1149
0.475918	1150
0.476192	1150
0.476466	1151
0.476739	1152
0.477013	1152
0.477287	1153
0.47756	1154
0.477834	1154
0.478108	1155
0.478381	1156
0.478655	1156
0.478929	1157
0.479202	1158
0.479476	1158
0.47975	1159
0.480023	1160
0.480297	1160
0.480571	1161
0.480844	1161
0.481118	1162
0.481391	1163
0.481665	1163
0.481939	1164
0.482212	1165
0.482486	1165
0.48276	1166
0.483033	1167
0.483307	1167
0.483581	1168
0.483854	1169
0.484128	1169
0.484402	1170
0.484675	1170
0.484949	1171
0.485223	1172
0.485496	1172
0.48577	1173
0.486044	1174
0.486317	1174
0.486591	1175
0.486865	1176
0.487138	1176
0.487412	1177
0.487686	1177
0.487959	1178
0.488233	1179
0.488506	1179
0.48878	1180
0.489054	1181
0.489327	1181
0.489601	1182
0.489875	1183
0.490148	1183
0.490422	1184
0.490696	1184
0.490969	1185
0.491243	1186
0.491517	1186
0.49179	1187
0.492064	1188
0.492338	1188
0.492611	1189
0.492885	1190
0.493159	1190
0.493432	1191
0.493706	1191
0.49398	1192
0.494253	1193
0.494527	1193
0.494801	1194
0.495074	1195
0.495348	1195
0.495622	1196
0.495895	1197
0.496169	1197
0.496442	1198
0.496716	1199
0.49699	1199
0.497263	1200
0.497537	1200
0.497811	1201
0.498084	1202
0.498358	1202
0.498632	1203
0.498905	1204
0.499179	1204
0.499453	1205
0.499726	1206
0.5	1207
0.500278	1207
0.500556	1208
0.500833	1209
0.501111	1209
0.501389	1210
0.501667	1211
0.501946	1211
0.502225	1212
0.502503	1212
0.502782	1213
0.50306	1214
0.503339	1214
0.503617	1215
0.503896	1216
0.504175	1216
0.504453	1217
0.504732	1218
0.50501	1218
0.505289	1219
0.505567	1219
0.505846	1220
0.506124	1221
0.506403	1221
0.506682	1222
0.50696	1223
0.507239	1223
0.507517	1224
0.507796	1225
0.508075	1225
0.508355	1226
0.508634	1226
0.508913	1227
0.509193	1228
0.509472	1228
0.509752	1229
0.510031	1230
0.51031	1230
0.51059	1231
0.510869	1232
0.511149	1232
0.511428	1233
0.511708	1233
0.511987	1234
0.512266	1235
0.512546	1235
0.512825	1236
0.513105	1237
0.513384	1237
0.513663	1238
0.513943	1238
0.514222	1239
0.514502	1240
0.514781	1240
0.515061	1241
0.515342	1242
0.515622	1242
0.515902	1243
0.516183	1244
0.516463	1244
0.516743	1245
0.517024	1245
0.517304	1246
0.517584	1247
0.517865	1247
0.518145	1248
0.518425	1249
0.518706	1249
0.518986	1250
0.519266	1250
0.519547	1251
0.519827	1252
0.520107	1252
0.520388	1253
0.520668	1253
0.520948	1254
0.521228	1255
0.521509	1255
0.521789	1256
0.522069	1257
0.52235	1257
0.52263	1258
0.52291	1259
0.523191	1259
0.523471	1260
0.523752	1261
0.524034	1261
0.524315	1262
0.524597	1262
0.524878	1263
0.525159	1264
0.525441	1264
0.525722	1265
0.526003	1266
0.526285	1266
0.526566	1267
0.526847	1268
0.527129	1268
0.52741	1269
0.527691	1269
0.527973	1270
0.528254	1271
0.528535	1271
0.528817	1272
0.529098	1273
0.52938	1273
0.529661	1274
0.529942	1274
0.530224	1275
0.530505	1276
0.530786	1276
0.531068	1277
0.531349	1277
0.53163	1278
0.531912	1279
0.532193	1279
0.532474	1280
0.532756	1280
0.533037	1281
0.533319	1282
0.5336	1282
0.533881	1283
0.534163	1284
0.534444	1284
0.534725	1285
0.535007	1285
0.535288	1286
0.535569	1287
0.535851	1287
0.536132	1288
0.536415	1289
0.536697	1289
0.53698	1290
0.537263	1290
0.537545	1291
0.537828	1292
0.53811	1292
0.538393	1293
0.538676	1293
0.538958	1294
0.539241	1295
0.539523	1295
0.539806	1296
0.540089	1297
0.540371	1297
0.540654	1298
0.540936	1298
0.541219	1299
0.541502	1300
0.541784	1300
0.542067	1301
0.542349	1301
0.542632	1302
0.542915	1303
0.543197	1303
0.54348	1304
0.543762	1304
0.544045	1305
0.544328	1306
0.54461	1306
0.544893	1307
0.545175	1308
0.545458	1308
0.545741	1309
0.546023	1309
0.546306	1310
0.546588	1311
0.546871	1311
0.547154	1312
0.547436	1312
0.547719	1313
0.548001	1314
0.548284	1314
0.548567	1315
0.548849	1316
0.549132	1316
0.549414	1317
0.549697	1317
0.54998	1318
0.550262	1319
0.550545	1319
0.550827	1320
0.55111	1320
0.551393	1321
0.551675	1322
0.551958	1322
0.55224	1323
0.552523	1324
0.552806	1324
0.553088	1325
0.553371	1325
0.553653	1326
0.553936	1327
0.554219	1327
0.554501	1328
0.554784	1328
0.555066	1329
0.555349	1330
0.555632	1330
0.555914	1331
0.556197	1332
0.556479	1332
0.556762	1333
0.557045	1333
0.557327	1334
0.55761	1335
0.557892	1335
0.558175	1336
0.558458	1336
0.55874	1337
0.559023	1338
0.559305	1338
0.559588	1339
0.559871	1340
0.560153	1340
0.560436	1341
0.560718	1341
0.561001	1342
0.561284	1343
0.561566	1343
0.561849	1344
0.562131	1344
0.562414	1345
0.562697	1346
0.562979	1346
0.563262	1347
0.563544	1348
0.563827	1348
0.56411	1349
0.564392	1349
0.564675	1350
0.564957	1351
0.56524	1351
0.565523	1352
0.565805	1353
0.566088	1353
0.56637	1354
0.566653	1354
0.566936	1355
0.567218	1356
0.567501	1356
0.567783	1357
0.568066	1357
0.568349	1358
0.568631	1359
0.568914	1359
0.569196	1360
0.569479	1361
0.569762	1361
0.570044	1362
0.570327	1362
0.570609	1363
0.570892	1364
0.571175	1364
0.571457	1365
0.57174	1366
0.572022	1366
0.572305	1367
0.572588	1367
0.57287	1368
0.573153	1369
0.573435	1369
0.573718	1370
0.574001	1370
0.574283	1371
0.574566	1372
0.574848	1372
0.575131	1373
0.575414	1374
0.575696	1374
0.575979	1375
0.576261	1375
0.576544	1376
0.576827	1377
0.577109	1377
0.577392	1378
0.577675	1379
0.577957	1379
0.57824	1380
0.578522	1380
0.578805	1381
0.579088	1382
0.57937	1382
0.579653	1383
0.579935	1383
0.580218	1384
0.580501	1385
0.580783	1385
0.581066	1386
0.581348	1387
0.581631	1387
0.581914	1388
0.582196	1388
0.582479	1389
0.582761	1390
0.583044	1390
0.583327	1391
0.583609	1392
0.583892	1392
0.584174	1393
0.584457	1393
0.58474	1394
0.585022	1395
0.585305	1395
0.585587	1396
0.58587	1396
0.586153	1397
0.586435	1398
0.586718	1398
0.587	1399
0.587283	1400
0.587566	1400
0.587848	1401
0.588131	1401
0.588413	1402
0.588696	1403
0.588979	1403
0.589261	1404
0.589544	1405
0.589826	1405
0.590109	1406
0.590392	1406
0.590674	1407
0.590957	1408
0.591239	1408
0.591522	1409
0.591805	1409
0.592087	1410
0.59237	1411
0.592652	1411
0.592935	1412
0.593218	1413
0.5935	1413
0.593783	1414
0.594065	1414
0.594348	1415
0.594631	1416
0.594913	1416
0.595196	1417
0.595478	1417
0.595761	1418
0.596044	1419
0.596326	1419
0.596609	1420
0.596891	1421
0.597174	1421
0.597457	1422
0.597739	1422
0.598022	1423
0.598304	1424
0.598587	1424
0.59887	1425
0.599152	1425
0.599435	1426
0.599717	1427
0.6	1428
0.600285	1429
0.60057	1429
0.600855	1430
0.60114	1430
0.601425	1431
0.601709	1432
0.601994	1432
0.602279	1433
0.602564	1434
0.602849	1434
0.603134	1435
0.603419	1435
0.603704	1436
0.603989	1437
0.604274	1437
0.604558	1438
0.604843	1439
0.605128	1439
0.605413	1440
0.605698	1440
0.605983	1441
0.606268	1442
0.606553	1442
0.606838	1443
0.607123	1443
0.607407	1444
0.607692	1445
0.607977	1445
0.608262	1446
0.608547	1447
0.608832	1447
0.609117	1448
0.609402	1448
0.609687	1449
0.609972	1450
0.610256	1450
0.610541	1451
0.610826	1451
0.611111	1452
0.611396	1453
0.611681	1453
0.611966	1454
0.612251	1455
0.612536	1455
0.612821	1456
0.613105	1456
0.61339	1457
0.613675	1458
0.61396	1458
0.614245	1459
0.61453	1459
0.614815	1460
0.6151	1461
0.615385	1461
0.61567	1462
0.615954	1463
0.616239	1463
0.616524	1464
0.616809	1464
0.617094	1465
0.617379	1466
0.617664	1466
0.617949	1467
0.618234	1468
0.618519	1468
0.618803	1469
0.619088	1469
0.619373	1470
0.619658	1471
0.619943	1471
0.620228	1472
0.620513	1473
0.620798	1473
0.621083	1474
0.621368	1474
0.621652	1475
0.621937	1476
0.622222	1476
0.622507	1477
0.622792	1477
0.623077	1478
0.623362	1479
0.623647	1479
0.623932	1480
0.624217	1481
0.624501	1481
0.624786	1482
0.62507	1483
0.625354	1483
0.625638	1484
0.625922	1484
0.626205	1485
0.626489	1486
0.626773	1486
0.627057	1487
0.627341	1488
0.627625	1488
0.627908	1489
0.628192	1489
0.628476	1490
0.62876	1491
0.629044	1491
0.629328	1492
0.629611	1492
0.629895	1493
0.630179	1494
0.630463	1494
0.630747	1495
0.63103	1496
0.631314	1496
0.631598	1497
0.631882	1498
0.632166	1498
0.63245	1499
0.632733	1500
0.633017	1500
0.633301	1501
0.633585	1501
0.633869	1502
0.634153	1503
0.634436	1503
0.63472	1504
0.635004	1505
0.635288	1505
0.635572	1506
0.635856	1507
0.636139	1507
0.636423	1508
0.636707	1509
0.636991	1509
0.637275	1510
0.637558	1511
0.637842	1511
0.638126	1512
0.63841	1512
0.638694	1513
0.638978	1514
0.639261	1514
0.639545	1515
0.639829	1516
0.640113	1517
0.640397	1517
0.640681	1518
0.640964	1518
0.641248	1519
0.641532	1520
0.641816	1520
0.6421	1521
0.642383	1522
0.642667	1522
0.642951	1523
0.643235	1524
0.643519	1524
0.643803	1525
0.644086	1526
0.64437	1526
0.644654	1527
0.644938	1528
0.645222	1528
0.645506	1529
0.645789	1530
0.646073	1530
0.646357	1531
0.646641	1532
0.646925	1532
0.647209	1533
0.647492	1534
0.647775	1534
0.648057	1535
0.648339	1536
0.648622	1536
0.648904	1537
0.649186	1538
0.649468	1538
0.649751	1539
0.650033	1539
0.650315	1540
0.650598	1541
0.65088	1541
0.651162	1542
0.651445	1543
0.651727	1543
0.652009	1544
0.652291	1544
0.652574	1545
0.652856	1546
0.653138	1546
0.653421	1547
0.653703	1547
0.653985	1548
0.654268	1549
0.65455	1549
0.654832	1550
0.655114	1551
0.655397	1551
0.655679	1552
0.655961	1552
0.656244	1553
0.656526	1554
0.656808	1554
0.657091	1555
0.657373	1556
0.657655	1556
0.657937	1557
0.65822	1557
0.658502	1558
0.658784	1559
0.659067	1559
0.659349	1560
0.659631	1560
0.659914	1561
0.660196	1562
0.660478	1562
0.66076	1563
0.661043	1564
0.661325	1564
0.661607	1565
0.66189	1565
0.662172	1566
0.662454	1567
0.662736	1567
0.663019	1568
0.663301	1568
0.663583	1569
0.663866	1570
0.664148	1570
0.66443	1571
0.664713	1572
0.664995	1572
0.665277	1573
0.665559	1573
0.665842	1574
0.666124	1575
0.666406	1575
0.666689	1576
0.666971	1577
0.667253	1577
0.667536	1578
0.667818	1578
0.6681	1579
0.668382	1580
0.668665	1580
0.668947	1581
0.669229	1581
0.669512	1582
0.669794	1583
0.670076	1583
0.670359	1584
0.670641	1585
0.670923	1585
0.671205	1586
0.671488	1586
0.67177	1587
0.672052	1588
0.672335	1588
0.672617	1589
0.672899	1590
0.673182	1590
0.673464	1591
0.673746	1591
0.674028	1592
0.674311	1593
0.674593	1593
0.674875	1594
0.675158	1594
0.67544	1595
0.675722	1596
0.676005	1596
0.676287	1597
0.676569	1598
0.676851	1598
0.677134	1599
0.677416	1599
0.677698	1600
0.677981	1601
0.678263	1601
0.678545	1602
0.678828	1603
0.67911	1603
0.679392	1604
0.679674	1604
0.679957	1605
0.680239	1606
0.680521	1606
0.680804	1607
0.681086	1607
0.681368	1608
0.681651	1609
0.681933	1609
0.682215	1610
0.682497	1611
0.68278	1611
0.683062	1612
0.683344	1612
0.683627	1613
0.683909	1614
0.684191	1614
0.684474	1615
0.684756	1616
0.685038	1616
0.68532	1617
0.685603	1617
0.685885	1618
0.686167	1619
0.68645	1619
0.686732	1620
0.687014	1621
0.687297	1621
0.687579	1622
0.687861	1622
0.688143	1623
0.688426	1624
0.688708	1624
0.68899	1625
0.689273	1626
0.689555	1626
0.689837	1627
0.69012	1628
0.690402	1628
0.690684	1629
0.690966	1629
0.691249	1630
0.691531	1631
0.691813	1631
0.692096	1632
0.692378	1633
0.69266	1633
0.692943	1634
0.693225	1635
0.693507	1635
0.693789	1636
0.694072	1636
0.694354	1637
0.694636	1638
0.694919	1638
0.695201	1639
0.695483	1640
0.695766	1640
0.696048	1641
0.69633	1642
0.696612	1642
0.696895	1643
0.697177	1644
0.697459	1644
0.697742	1645
0.698024	1645
0.698306	1646
0.698589	1647
0.698871	1647
0.699153	1648
0.699435	1649
0.699718	1649
0.7	1650
0.700283	1651
0.700567	1652
0.70085	1652
0.701133	1653
0.701416	1653
0.7017	1654
0.701983	1655
0.702266	1655
0.70255	1656
0.702833	1657
0.703116	1657
0.703399	1658
0.703683	1658
0.703966	1659
0.704249	1660
0.704533	1660
0.704816	1661
0.705099	1662
0.705382	1662
0.705666	1663
0.705949	1663
0.706232	1664
0.706516	1665
0.706799	1665
0.707082	1666
0.707365	1667
0.707649	1667
0.707932	1668
0.708215	1668
0.708499	1669
0.708782	1670
0.709065	1670
0.709348	1671
0.709632	1672
0.709915	1672
0.710198	1673
0.710482	1674
0.710765	1674
0.711048	1675
0.711331	1675
0.711615	1676
0.711898	1677
0.712181	1677
0.712465	1678
0.712748	1679
0.713031	1679
0.713314	1680
0.713598	1681
0.713881	1681
0.714164	1682
0.714448	1682
0.714731	1683
0.715014	1684
0.715297	1684
0.715581	1685
0.715864	1686
0.716147	1686
0.716431	1687
0.716714	1687
0.716997	1688
0.71728	1689
0.717564	1689
0.717847	1690
0.71813	1691
0.718414	1691
0.718697	1692
0.71898	1692
0.719263	1693
0.719547	1694
0.71983	1694
0.720113	1695
0.720397	1695
0.72068	1696
0.720963	1697
0.721246	1697
0.72153	1698
0.721813	1699
0.722096	1699
0.72238	1700
0.722663	1700
0.722946	1701
0.723229	1702
0.723513	1702
0.723796	1703
0.724079	1704
0.724363	1704
0.724646	1705
0.724929	1705
0.725212	1706
0.725496	1707
0.725779	1707
0.726062	1708
0.726346	1709
0.726629	1709
0.726912	1710
0.727195	1710
0.727479	1711
0.727762	1712
0.728045	1712
0.728329	1713
0.728612	1714
0.728895	1714
0.729178	1715
0.729462	1716
0.729745	1716
0.730028	1717
0.730312	1717
0.730595	1718
0.730878	1719
0.731161	1719
0.731445	1720
0.731728	1721
0.732011	1721
0.732295	1722
0.732578	1722
0.732861	1723
0.733144	1724
0.733428	1724
0.733711	1725
0.733994	1726
0.734278	1726
0.734561	1727
0.734844	1727
0.735127	1728
0.735411	1729
0.735694	1729
0.735977	1730
0.736261	1731
0.736544	1731
0.736827	1732
0.73711	1732
0.737394	1733
0.737677	1734
0.73796	1734
0.738244	1735
0.738527	1736
0.73881	1736
0.739093	1737
0.739377	1737
0.73966	1738
0.739943	1739
0.740227	1739
0.74051	1740
0.740793	1741
0.741076	1741
0.74136	1742
0.741643	1743
0.741926	1743
0.74221	1744
0.742493	1744
0.742776	1745
0.743059	1746
0.743343	1746
0.743626	1747
0.743909	1748
0.744193	1748
0.744476	1749
0.744759	1749
0.745042	1750
0.745326	1751
0.745609	1751
0.745892	1752
0.746176	1753
0.746459	1753
0.746742	1754
0.747025	1755
0.747309	1755
0.747592	1756
0.747875	1756
0.748159	1757
0.748442	1758
0.748725	1758
0.749008	1759
0.749292	1760
0.749575	1760
0.749858	1761
0.750142	1761
0.750425	1762
0.750708	1763
0.750992	1763
0.751275	1764
0.751558	1765
0.751841	1765
0.752125	1766
0.752408	1767
0.752691	1767
0.752975	1768
0.753258	1768
0.753541	1769
0.753824	1770
0.754108	1770
0.754391	1771
0.754674	1772
0.754958	1772
0.755241	1773
0.755524	1774
0.755807	1774
0.756091	1775
0.756374	1775
0.756657	1776
0.756941	1777
0.757224	1777
0.757507	1778
0.75779	1779
0.758074	1779
0.758357	1780
0.75864	1780
0.758924	1781
0.759207	1782
0.75949	1782
0.759773	1783
0.760057	1784
0.76034	1784
0.760623	1785
0.760907	1786
0.76119	1786
0.761473	1787
0.761756	1787
0.76204	1788
0.762323	1789
0.762606	1789
0.76289	1790
0.763173	1791
0.763456	1791
0.763739	1792
0.764023	1793
0.764306	1793
0.764589	1794
0.764873	1794
0.765156	1795
0.765439	1796
0.765722	1796
0.766006	1797
0.766289	1798
0.766572	1798
0.766856	1799
0.767139	1800
0.767422	1800
0.767705	1801
0.767989	1802
0.768272	1802
0.768555	1803
0.768839	1803
0.769122	1804
0.769405	1805
0.769688	1805
0.769972	1806
0.770255	1807
0.770538	1807
0.770822	1808
0.771105	1809
0.771388	1809
0.771671	1810
0.771955	1810
0.772238	1811
0.772521	1812
0.772805	1812
0.773088	1813
0.773371	1814
0.773654	1814
0.773938	1815
0.774221	1816
0.774504	1816
0.774788	1817
0.775071	1817
0.775354	1818
0.775637	1819
0.775921	1819
0.776204	1820
0.776487	1821
0.776771	1821
0.777054	1822
0.777337	1823
0.77762	1823
0.777904	1824
0.778187	1824
0.77847	1825
0.778754	1826
0.779037	1826
0.77932	1827
0.779603	1828
0.779887	1828
0.78017	1829
0.780453	1829
0.780737	1830
0.78102	1831
0.781303	1831
0.781586	1832
0.78187	1833
0.782153	1833
0.782436	1834
0.78272	1835
0.783003	1835
0.783286	1836
0.783569	1836
0.783853	1837
0.784136	1838
0.784419	1838
0.784703	1839
0.784986	1840
0.785269	1840
0.785552	1841
0.785836	1842
0.786119	1842
0.786402	1843
0.786686	1843
0.786969	1844
0.787252	1845
0.787535	1845
0.787819	1846
0.788102	1847
0.788385	1847
0.788669	1848
0.788952	1848
0.789235	1849
0.789518	1850
0.789802	1850
0.790085	1851
0.790368	1852
0.790652	1852
0.790935	1853
0.791218	1854
0.791501	1854
0.791785	1855
0.792068	1855
0.792351	1856
0.792635	1857
0.792918	1857
0.793201	1858
0.793484	1859
0.793768	1859
0.794051	1860
0.794334	1860
0.794618	1861
0.794901	1862
0.795184	1862
0.795467	1863
0.795751	1864
0.796034	1864
0.796317	1865
0.796601	1866
0.796884	1866
0.797167	1867
0.79745	1867
0.797734	1868
0.798017	1869
0.7983	1869
0.798584	1870
0.798867	1871
0.79915	1871
0.799433	1872
0.799717	1873
0.8	1874
0.800283	1874
0.800567	1875
0.80085	1876
0.801133	1876
0.801416	1877
0.8017	1877
0.801983	1878
0.802266	1879
0.80255	1879
0.802833	1880
0.803116	1881
0.803399	1881
0.803683	1882
0.803966	1883
0.804249	1883
0.804533	1884
0.804816	1884
0.805099	1885
0.805382	1886
0.805666	1886
0.805949	1887
0.806232	1888
0.806516	1888
0.806799	1889
0.807082	1890
0.807365	1890
0.807649	1891
0.807932	1892
0.808215	1892
0.808499	1893
0.808782	1893
0.809065	1894
0.809348	1895
0.809632	1895
0.809915	1896
0.810198	1897
0.810482	1897
0.810765	1898
0.811048	1899
0.811331	1899
0.811615	1900
0.811898	1901
0.812181	1901
0.812465	1902
0.812748	1903
0.813031	1903
0.813314	1904
0.813598	1905
0.813881	1905
0.814164	1906
0.814448	1907
0.814731	1907
0.815014	1908
0.815297	1909
0.815581	1909
0.815864	1910
0.816147	1911
0.816431	1911
0.816714	1912
0.816997	1913
0.81728	1913
0.817564	1914
0.817847	1915
0.81813	1915
0.818414	1916
0.818697	1917
0.81898	1917
0.819263	1918
0.819547	1919
0.81983	1919
0.820113	1920
0.820397	1921
0.82068	1921
0.820963	1922
0.821246	1923
0.82153	1923
0.821813	1924
0.822096	1925
0.82238	1925
0.822663	1926
0.822946	1927
0.823229	1927
0.823513	1928
0.823796	1929
0.824079	1929
0.824363	1930
0.824646	1931
0.824929	1931
0.825212	1932
0.825496	1933
0.825779	1933
0.826062	1934
0.826346	1935
0.826629	1935
0.826912	1936
0.827195	1937
0.827479	1938
0.827762	1938
0.828045	1939
0.828329	1940
0.828612	1940
0.828895	1941
0.829178	1942
0.829462	1942
0.829745	1943
0.830028	1944
0.830312	1944
0.830595	1945
0.830878	1946
0.831161	1946
0.831445	1947
0.831728	1948
0.832011	1948
0.832295	1949
0.832578	1950
0.832861	1950
0.833144	1951
0.833428	1952
0.833711	1952
0.833994	1953
0.834276	1954
0.834558	1954
0.834841	1955
0.835123	1956
0.835405	1956
0.835687	1957
0.835969	1958
0.836251	1958
0.836533	1959
0.836815	1960
0.837097	1960
0.837379	1961
0.837661	1962
0.837943	1962
0.838225	1963
0.838508	1964
0.83879	1964
0.839072	1965
0.839354	1966
0.839636	1966
0.839918	1967
0.8402	1968
0.840482	1969
0.840764	1969
0.841046	1970
0.841328	1971
0.84161	1971
0.841892	1972
0.842175	1973
0.842457	1973
0.842739	1974
0.843021	1975
0.843303	1975
0.843585	1976
0.843867	1977
0.844149	1977
0.844431	1978
0.844713	1979
0.844995	1979
0.845277	1980
0.845559	1981
0.845842	1981
0.846124	1982
0.846406	1983
0.846688	1983
0.84697	1984
0.847252	1985
0.847534	1985
0.847816	1986
0.848098	1987
0.84838	1987
0.848662	1988
0.848944	1989
0.849226	1989
0.849508	1990
0.849791	1991
0.850073	1991
0.850355	1992
0.850637	1993
0.850919	1993
0.851201	1994
0.851483	1995
0.851765	1995
0.852047	1996
0.852329	1997
0.852611	1997
0.852893	1998
0.853175	1999
0.853458	1999
0.85374	2000
0.854022	2001
0.854304	2001
0.854586	2002
0.854868	2003
0.85515	2003
0.855432	2004
0.855714	2005
0.855996	2005
0.856278	2006
0.85656	2006
0.856842	2007
0.857125	2008
0.857407	2008
0.857689	2009
0.857971	2010
0.858253	2010
0.858535	2011
0.858817	2012
0.859099	2012
0.859381	2013
0.859663	2014
0.859945	2014
0.860227	2015
0.860509	2015
0.860792	2016
0.861074	2017
0.861356	2017
0.861638	2018
0.86192	2019
0.862202	2019
0.862484	2020
0.862766	2021
0.863048	2021
0.86333	2022
0.863612	2023
0.863894	2023
0.864176	2024
0.864458	2024
0.864741	2025
0.865023	2026
0.865305	2026
0.865587	2027
0.865869	2028
0.866151	2028
0.866433	2029
0.866715	2030
0.866997	2030
0.867279	2031
0.867561	2032
0.867843	2032
0.868125	2033
0.868408	2034
0.86869	2034
0.868972	2035
0.869254	2036
0.869536	2036
0.869818	2037
0.8701	2037
0.870382	2038
0.870664	2039
0.870946	2039
0.871228	2040
0.87151	2041
0.871792	2041
0.872075	2042
0.872357	2043
0.872639	2043
0.872921	2044
0.873203	2045
0.873485	2045
0.873767	2046
0.874049	2047
0.874331	2047
0.874613	2048
0.874895	2049
0.875177	2049
0.875459	2050
0.875742	2051
0.876024	2051
0.876306	2052
0.876588	2053
0.87687	2053
0.877152	2054
0.877434	2055
0.877716	2055
0.877998	2056
0.87828	2056
0.878562	2057
0.878844	2058
0.879126	2058
0.879408	2059
0.879691	2060
0.879973	2060
0.880255	2061
0.880537	2062
0.880819	2062
0.881101	2063
0.881383	2064
0.881665	2064
0.881947	2065
0.882229	2066
0.882511	2066
0.882793	2067
0.883075	2068
0.883358	2069
0.88364	2069
0.883922	2070
0.884204	2071
0.884486	2071
0.884768	2072
0.88505	2073
0.885332	2073
0.885614	2074
0.885896	2075
0.886178	2075
0.88646	2076
0.886742	2077
0.887025	2077
0.887307	2078
0.887589	2079
0.887871	2079
0.888153	2080
0.888435	2081
0.888717	2081
0.888999	2082
0.889281	2083
0.889563	2083
0.889845	2084
0.890127	2085
0.890409	2085
0.890692	2086
0.890974	2087
0.891256	2087
0.891538	2088
0.89182	2089
0.892102	2089
0.892384	2090
0.892666	2090
0.892948	2091
0.89323	2092
0.893512	2092
0.893794	2093
0.894076	2094
0.894358	2094
0.894641	2095
0.894923	2096
0.895205	2096
0.895487	2097
0.895769	2098
0.896051	2098
0.896333	2099
0.896615	2100
0.896897	2100
0.897179	2101
0.897461	2102
0.897743	2102
0.898025	2103
0.898308	2104
0.89859	2104
0.898872	2105
0.899154	2106
0.899436	2106
0.899718	2107
0.9	2108
0.900282	2108
0.900565	2109
0.900847	2110
0.90113	2110
0.901412	2111
0.901695	2112
0.901977	2112
0.90226	2113
0.902542	2114
0.902825	2114
0.903107	2115
0.90339	2116
0.903672	2116
0.903955	2117
0.904237	2117
0.90452	2118
0.904802	2119
0.905085	2119
0.905367	2120
0.90565	2121
0.905932	2121
0.906215	2122
0.906497	2123
0.90678	2123
0.907062	2124
0.907345	2124
0.907627	2125
0.90791	2126
0.908192	2126
0.908475	2127
0.908757	2128
0.90904	2128
0.909322	2129
0.909605	2130
0.909887	2130
0.910169	2131
0.910452	2131
0.910734	2132
0.911017	2133
0.911299	2133
0.911582	2134
0.911864	2135
0.912147	2135
0.912429	2136
0.912712	2136
0.912994	2137
0.913277	2138
0.913559	2138
0.913842	2139
0.914124	2140
0.914407	2140
0.914689	2141
0.914972	2142
0.915254	2142
0.915537	2143
0.915819	2143
0.916102	2144
0.916384	2145
0.916667	2145
0.916949	2146
0.917232	2147
0.917514	2147
0.917797	2148
0.918079	2149
0.918362	2149
0.918644	2150
0.918927	2151
0.919209	2151
0.919492	2152
0.919774	2152
0.920056	2153
0.920339	2154
0.920621	2154
0.920904	2155
0.921186	2156
0.921469	2156
0.921751	2157
0.922034	2157
0.922316	2158
0.922599	2159
0.922881	2159
0.923164	2160
0.923446	2161
0.923729	2161
0.924011	2162
0.924294	2163
0.924576	2163
0.924859	2164
0.925141	2164
0.925424	2165
0.925706	2166
0.925989	2166
0.926271	2167
0.926554	2168
0.926836	2168
0.927119	2169
0.927401	2170
0.927684	2170
0.927966	2171
0.928249	2171
0.928531	2172
0.928814	2173
0.929096	2173
0.929379	2174
0.929661	2175
0.929944	2175
0.930226	2176
0.930508	2177
0.930791	2177
0.931073	2178
0.931356	2178
0.931638	2179
0.931921	2180
0.932203	2180
0.932486	2181
0.932768	2182
0.933051	2182
0.933333	2183
0.933616	2184
0.933898	2184
0.934181	2185
0.934463	2185
0.934746	2186
0.935028	2187
0.935311	2187
0.935593	2188
0.935876	2189
0.936158	2189
0.936441	2190
0.936723	2190
0.937006	2191
0.937288	2192
0.937571	2192
0.937853	2193
0.938136	2194
0.938418	2194
0.938701	2195
0.938983	2196
0.939266	2196
0.939548	2197
0.939831	2197
0.940113	2198
0.940395	2199
0.940678	2199
0.94096	2200
0.941243	2201
0.941525	2201
0.941808	2202
0.94209	2203
0.942373	2203
0.942655	2204
0.942938	2204
0.94322	2205
0.943503	2206
0.943785	2206
0.944068	2207
0.94435	2208
0.944633	2208
0.944915	2209
0.945198	2209
0.94548	2210
0.945763	2211
0.946045	2211
0.946328	2212
0.94661	2213
0.946893	2213
0.947175	2214
0.947458	2215
0.94774	2215
0.948023	2216
0.948305	2216
0.948588	2217
0.94887	2218
0.949153	2218
0.949435	2219
0.949718	2220
0.95	2220
0.950282	2221
0.950565	2221
0.950847	2222
0.95113	2223
0.951412	2223
0.951695	2224
0.951977	2225
0.95226	2225
0.952542	2226
0.952825	2227
0.953107	2227
0.95339	2228
0.953672	2228
0.953955	2229
0.954237	2230
0.95452	2230
0.954802	2231
0.955085	2232
0.955367	2232
0.95565	2233
0.955932	2233
0.956215	2234
0.956497	2235
0.95678	2235
0.957062	2236
0.957345	2237
0.957627	2237
0.95791	2238
0.958192	2239
0.958475	2239
0.958757	2240
0.95904	2240
0.959322	2241
0.959605	2242
0.959887	2242
0.960169	2243
0.960452	2244
0.960734	2244
0.961017	2245
0.961299	2245
0.961582	2246
0.961864	2247
0.962147	2247
0.962429	2248
0.962712	2249
0.962994	2249
0.963277	2250
0.963559	2250
0.963842	2251
0.964124	2252
0.964407	2252
0.964689	2253
0.964972	2254
0.965254	2254
0.965537	2255
0.965819	2256
0.966102	2256
0.966384	2257
0.966667	2257
0.966949	2258
0.967232	2259
0.967514	2259
0.967797	2260
0.968079	2261
0.968362	2261
0.968644	2262
0.968927	2263
0.969209	2263
0.969492	2264
0.969774	2264
0.970056	2265
0.970339	2266
0.970621	2266
0.970904	2267
0.971186	2268
0.971469	2268
0.971751	2269
0.972034	2270
0.972316	2270
0.972599	2271
0.972881	2272
0.973164	2272
0.973446	2273
0.973729	2273
0.974011	2274
0.974294	2275
0.974576	2275
0.974859	2276
0.975141	2277
0.975424	2277
0.975706	2278
0.975989	2279
0.976271	2279
0.976554	2280
0.976836	2281
0.977119	2281
0.977401	2282
0.977684	2283
0.977963	2283
0.978242	2284
0.97852	2285
0.978799	2285
0.979078	2286
0.979357	2287
0.979636	2287
0.979915	2288
0.980194	2289
0.980473	2289
0.980752	2290
0.981031	2291
0.98131	2291
0.981589	2292
0.981868	2293
0.982147	2293
0.982426	2294
0.982705	2295
0.982984	2295
0.983263	2296
0.983542	2297
0.983821	2297
0.9841	2298
0.984379	2299
0.984657	2299
0.984936	2300
0.985215	2301
0.985494	2301
0.985773	2302
0.986052	2303
0.986331	2303
0.98661	2304
0.986889	2305
0.987168	2305
0.987447	2306
0.987726	2307
0.988005	2307
0.988284	2308
0.988563	2309
0.988842	2309
0.989121	2310
0.9894	2311
0.989679	2311
0.989958	2312
0.990237	2313
0.990516	2313
0.990794	2314
0.991073	2315
0.991352	2315
0.991631	2316
0.99191	2317
0.992189	2317
0.992468	2318
0.992747	2319
0.993026	2319
0.993305	2320
0.993584	2321
0.993863	2321
0.994142	2322
0.994421	2323
0.9947	2323
0.994979	2324
0.995258	2325
0.995537	2325
0.995816	2326
0.996095	2327
0.996374	2327
0.996653	2328
0.996931	2329
0.99721	2329
0.997489	2330
0.997768	2331
0.998047	2331
0.998326	2332
0.998605	2333
0.998884	2333
0.999163	2334
0.999442	2335
0.999721	2335
1	2336
1.00028	2337
1.00056	2338
1.00085	2338
1.00113	2339
1.00141	2340
1.00169	2340
1.00197	2341
1.00225	2342
1.00254	2342
1.00282	2343
1.0031	2344
1.00338	2344
1.00366	2345
1.00394	2346
1.00423	2346
1.00451	2347
1.00479	2348
1.00507	2348
1.00535	2349
1.00563	2350
1.00592	2350
1.0062	2351
1.00648	2351
1.00676	2352
1.00704	2353
1.00732	2353
1.00761	2354
1.00789	2355
1.00817	2355
1.00845	2356
1.00873	2357
1.00901	2357
1.0093	2358
1.00958	2359
1.00986	2359
1.01014	2360
1.01042	2361
1.0107	2361
1.01099	2362
1.01127	2362
1.01155	2363
1.01183	2364
1.01211	2364
1.01239	2365
1.01268	2366
1.01296	2366
1.01324	2367
1.01352	2368
1.0138	2368
1.01408	2369
1.01437	2370
1.01465	2370
1.01493	2371
1.01521	2372
1.01549	2372
1.01577	2373
1.01606	2373
1.01634	2374
1.01662	2375
1.0169	2375
1.01718	2376
1.01746	2377
1.01775	2377
1.01803	2378
1.01831	2379
1.01859	2379
1.01887	2380
1.01915	2381
1.01944	2381
1.01972	2382
1.02	2383
1.02028	2383
1.02056	2384
1.02085	2384
1.02113	2385
1.02141	2386
1.02169	2386
1.02197	2387
1.02225	2388
1.02254	2388
1.02282	2389
1.0231	2389
1.02338	2390
1.02366	2391
1.02394	2391
1.02423	2392
1.02451	2393
1.02479	2393
1.02507	2394
1.02535	2395
1.02563	2395
1.02592	2396
1.0262	2396
1.02648	2397
1.02676	2398
1.02704	2398
1.02732	2399
1.02761	2400
1.02789	2400
1.02817	2401
1.02845	2402
1.02873	2402
1.02901	2403
1.0293	2403
1.02958	2404
1.02986	2405
1.03014	2405
1.03042	2406
1.0307	2407
1.03099	2407
1.03127	2408
1.03155	2409
1.03183	2409
1.03211	2410
1.03239	2410
1.03268	2411
1.03296	2412
1.03324	2412
1.03352	2413
1.0338	2414
1.03408	2414
1.03437	2415
1.03465	2416
1.03493	2416
1.03521	2417
1.03549	2418
1.03577	2418
1.03606	2419
1.03634	2419
1.03662	2420
1.0369	2421
1.03718	2421
1.03746	2422
1.03775	2423
1.03803	2423
1.03831	2424
1.03859	2425
1.03887	2425
1.03915	2426
1.03943	2427
1.03971	2427
1.03999	2428
1.04028	2429
1.04056	2429
1.04084	2430
1.04112	2431
1.0414	2431
1.04168	2432
1.04196	2433
1.04224	2433
1.04252	2434
1.0428	2434
1.04308	2435
1.04336	2436
1.04364	2436
1.04392	2437
1.0442	2438
1.04448	2438
1.04476	2439
1.04504	2440
1.04532	2440
1.0456	2441
1.04588	2442
1.04616	2442
1.04644	2443
1.04672	2444
1.047	2444
1.04729	2445
1.04757	2446
1.04785	2446
1.04813	2447
1.04841	2448
1.04869	2448
1.04897	2449
1.04925	2450
1.04953	2450
1.04981	2451
1.05009	2452
1.05037	2452
1.05065	2453
1.05093	2454
1.05121	2454
1.05149	2455
1.05177	2456
1.05205	2456
1.05233	2457
1.05261	2458
1.05289	2458
1.05317	2459
1.05345	2460
1.05373	2460
1.05401	2461
1.0543	2462
1.05458	2462
1.05486	2463
1.05514	2464
1.05542	2464
1.0557	2465
1.05598	2466
1.05626	2466
1.05654	2467
1.05682	2468
1.0571	2468
1.05738	2469
1.05766	2470
1.05794	2470
1.05822	2471
1.0585	2472
1.05878	2472
1.05906	2473
1.05934	2474
1.05962	2474
1.0599	2475
1.06018	2475
1.06046	2476
1.06074	2477
1.06102	2477
1.06131	2478
1.06159	2479
1.06187	2479
1.06215	2480
1.06243	2481
1.06271	2481
1.06299	2482
1.06327	2483
1.06355	2483
1.06383	2484
1.06411	2485
1.06439	2485
1.06467	2486
1.06495	2487
1.06523	2487
1.06551	2488
1.06579	2488
1.06607	2489
1.06635	2490
1.06663	2490
1.06691	2491
1.06719	2492
1.06747	2492
1.06775	2493
1.06803	2494
1.06832	2494
1.0686	2495
1.06888	2496
1.06916	2496
1.06944	2497
1.06972	2497
1.07	2498
1.07028	2499
1.07056	2499
1.07084	2500
1.07112	2501
1.0714	2501
1.07168	2502
1.07196	2503
1.07224	2503
1.07252	2504
1.0728	2505
1.07308	2505
1.07336	2506
1.07364	2506
1.07392	2507
1.0742	2508
1.07448	2508
1.07476	2509
1.07504	2510
1.07532	2510
1.07561	2511
1.07589	2512
1.07617	2512
1.07645	2513
1.07673	2513
1.07701	2514
1.07729	2515
1.07757	2515
1.07785	2516
1.07813	2517
1.07841	2517
1.07869	2518
1.07897	2519
1.07925	2519
1.07953	2520
1.07981	2521
1.08009	2521
1.08037	2522
1.08065	2522
1.08093	2523
1.08121	2524
1.08149	2524
1.08177	2525
1.08205	2526
1.08233	2526
1.08262	2527
1.0829	2528
1.08318	2528
1.08346	2529
1.08374	2530
1.08402	2530
1.0843	2531
1.08458	2531
1.08486	2532
1.08514	2533
1.08542	2533
1.0857	2534
1.08598	2535
1.08626	2535
1.08654	2536
1.08682	2537
1.0871	2537
1.08738	2538
1.08766	2539
1.08794	2539
1.08822	2540
1.0885	2541
1.08878	2541
1.08906	2542
1.08934	2542
1.08963	2543
1.08991	2544
1.09019	2544
1.09047	2545
1.09075	2546
1.09103	2546
1.09131	2547
1.09159	2548
1.09187	2548
1.09215	2549
1.09243	2550
1.09271	2550
1.09299	2551
1.09327	2552
1.09355	2552
1.09383	2553
1.09411	2553
1.09439	2554
1.09467	2555
1.09495	2555
1.09523	2556
1.09551	2557
1.09579	2557
1.09607	2558
1.09635	2559
1.09664	2559
1.09692	2560
1.0972	2561
1.09748	2561
1.09776	2562
1.09804	2563
1.09832	2563
1.0986	2564
1.09888	2565
1.09916	2565
1.09944	2566
1.09972	2566
1.1	2567
1.10028	2568
1.10056	2569
1.10084	2569
1.10112	2570
1.1014	2571
1.10169	2571
1.10197	2572
1.10225	2573
1.10253	2573
1.10281	2574
1.10309	2575
1.10337	2575
1.10365	2576
1.10393	2577
1.10421	2577
1.10449	2578
1.10478	2578
1.10506	2579
1.10534	2580
1.10562	2580
1.1059	2581
1.10618	2582
1.10646	2582
1.10674	2583
1.10702	2584
1.1073	2584
1.10758	2585
1.10787	2586
1.10815	2586
1.10843	2587
1.10871	2588
1.10899	2588
1.10927	2589
1.10955	2589
1.10983	2590
1.11011	2591
1.11039	2591
1.11067	2592
1.11096	2593
1.11124	2593
1.11152	2594
1.1118	2595
1.11208	2595
1.11236	2596
1.11264	2597
1.11292	2597
1.1132	2598
1.11348	2599
1.11376	2599
1.11404	2600
1.11433	2600
1.11461	2601
1.11489	2602
1.11517	2602
1.11545	2603
1.11573	2604
1.11601	2604
1.11629	2605
1.11657	2606
1.11685	2606
1.11713	2607
1.11742	2608
1.1177	2608
1.11798	2609
1.11826	2609
1.11854	2610
1.11882	2611
1.1191	2611
1.11938	2612
1.11966	2613
1.11994	2613
1.12022	2614
1.12051	2615
1.12079	2615
1.12107	2616
1.12135	2617
1.12163	2617
1.12191	2618
1.12219	2618
1.12247	2619
1.12275	2620
1.12303	2620
1.12331	2621
1.1236	2622
1.12388	2622
1.12416	2623
1.12444	2624
1.12472	2624
1.125	2625
1.12528	2625
1.12556	2626
1.12584	2627
1.12612	2627
1.1264	2628
1.12669	2629
1.12697	2629
1.12725	2630
1.12753	2631
1.12781	2631
1.12809	2632
1.12837	2632
1.12865	2633
1.12893	2634
1.12921	2634
1.12949	2635
1.12978	2636
1.13006	2636
1.13034	2637
1.13062	2638
1.1309	2638
1.13118	2639
1.13146	2640
1.13174	2640
1.13202	2641
1.1323	2641
1.13258	2642
1.13287	2643
1.13315	2643
1.13343	2644
1.13371	2645
1.13399	2645
1.13427	2646
1.13455	2647
1.13483	2647
1.13511	2648
1.13539	2648
1.13567	2649
1.13596	2650
1.13624	2650
1.13652	2651
1.1368	2652
1.13708	2652
1.13736	2653
1.13764	2654
1.13792	2654
1.1382	2655
1.13848	2655
1.13876	2656
1.13904	2657
1.13933	2657
1.13961	2658
1.13989	2659
1.14017	2659
1.14045	2660
1.14073	2661
1.14101	2661
1.14129	2662
1.14157	2663
1.14185	2663
1.14213	2664
1.14242	2664
1.1427	2665
1.14298	2666
1.14326	2666
1.14354	2667
1.14382	2668
1.1441	2668
1.14438	2669
1.14466	2670
1.14494	2670
1.14522	2671
1.14551	2672
1.14579	2672
1.14607	2673
1.14635	2674
1.14663	2674
1.14691	2675
1.14719	2676
1.14747	2676
1.14775	2677
1.14803	2677
1.14831	2678
1.1486	2679
1.14888	2679
1.14916	2680
1.14944	2681
1.14972	2681
1.15	2682
1.15028	2683
1.15056	2683
1.15084	2684
1.15112	2685
1.1514	2685
1.15169	2686
1.15197	2687
1.15225	2687
1.15253	2688
1.15281	2689
1.15309	2689
1.15337	2690
1.15365	2691
1.15393	2691
1.15421	2692
1.15449	2693
1.15478	2693
1.15506	2694
1.15534	2695
1.15562	2695
1.1559	2696
1.15618	2697
1.15646	2697
1.15674	2698
1.15702	2698
1.1573	2699
1.15758	2700
1.15787	2700
1.15815	2701
1.15843	2702
1.15871	2702
1.15899	2703
1.15927	2704
1.15955	2704
1.15983	2705
1.16011	2706
1.16039	2706
1.16067	2707
1.16096	2708
1.16124	2708
1.16152	2709
1.1618	2710
1.16208	2710
1.16236	2711
1.16264	2712
1.16292	2712
1.1632	2713
1.16348	2714
1.16376	2714
1.16404	2715
1.16433	2716
1.16461	2716
1.16489	2717
1.16517	2717
1.16545	2718
1.16573	2719
1.16601	2719
1.16629	2720
1.16657	2721
1.16685	2721
1.16713	2722
1.16742	2723
1.1677	2723
1.16798	2724
1.16826	2725
1.16854	2725
1.16882	2726
1.1691	2727
1.16938	2727
1.16966	2728
1.16994	2729
1.17022	2729
1.17051	2730
1.17079	2731
1.17107	2731
1.17135	2732
1.17163	2733
1.17191	2733
1.17219	2734
1.17247	2734
1.17275	2735
1.17303	2736
1.17331	2736
1.1736	2737
1.17388	2738
1.17416	2738
1.17444	2739
1.17472	2740
1.175	2740
1.17528	2741
1.17556	2742
1.17584	2742
1.17612	2743
1.1764	2744
1.17669	2744
1.17697	2745
1.17725	2746
1.17753	2746
1.17781	2747
1.17809	2748
1.17837	2748
1.17865	2749
1.17893	2750
1.17921	2750
1.17949	2751
1.17978	2751
1.18006	2752
1.18034	2753
1.18062	2753
1.1809	2754
1.18118	2755
1.18146	2755
1.18174	2756
1.18202	2757
1.1823	2757
1.18258	2758
1.18287	2759
1.18315	2759
1.18343	2760
1.18371	2761
1.18399	2761
1.18427	2762
1.18455	2763
1.18483	2763
1.18511	2764
1.18539	2764
1.18567	2765
1.18596	2766
1.18624	2766
1.18652	2767
1.1868	2768
1.18708	2768
1.18736	2769
1.18763	2770
1.18791	2770
1.18818	2771
1.18846	2772
1.18873	2772
1.18901	2773
1.18928	2774
1.18956	2774
1.18983	2775
1.19011	2776
1.19038	2776
1.19066	2777
1.19093	2778
1.19121	2778
1.19148	2779
1.19176	2780
1.19203	2780
1.19231	2781
1.19258	2782
1.19286	2782
1.19313	2783
1.1934	2784
1.19368	2784
1.19395	2785
1.19423	2786
1.1945	2786
1.19478	2787
1.19505	2788
1.19533	2788
1.1956	2789
1.19588	2790
1.19615	2790
1.19643	2791
1.1967	2791
1.19698	2792
1.19725	2793
1.19753	2793
1.1978	2794
1.19808	2795
1.19835	2795
1.19863	2796
1.1989	2797
1.19918	2797
1.19945	2798
1.19973	2799
1.2	2800
1.20028	2800
1.20056	2801
1.20084	2802
1.20112	2802
1.2014	2803
1.20168	2804
1.20196	2804
1.20224	2805
1.20252	2806
1.2028	2806
1.20308	2807
1.20336	2808
1.20364	2808
1.20392	2809
1.2042	2810
1.20448	2810
1.20476	2811
1.20504	2812
1.20532	2812
1.2056	2813
1.20588	2814
1.20616	2814
1.20644	2815
1.20672	2815
1.207	2816
1.20728	2817
1.20756	2817
1.20784	2818
1.20812	2819
1.2084	2819
1.20868	2820
1.20896	2821
1.20924	2821
1.20952	2822
1.2098	2823
1.21008	2823
1.21036	2824
1.21064	2825
1.21092	2825
1.2112	2826
1.21148	2827
1.21176	2827
1.21204	2828
1.21232	2828
1.21261	2829
1.21289	2830
1.21317	2830
1.21345	2831
1.21373	2832
1.21401	2832
1.21429	2833
1.21457	2834
1.21485	2834
1.21513	2835
1.21541	2836
1.21569	2836
1.21597	2837
1.21625	2838
1.21653	2838
1.21681	2839
1.21709	2839
1.21737	2840
1.21765	2841
1.21793	2841
1.21821	2842
1.21849	2843
1.21877	2843
1.21905	2844
1.21933	2845
1.21961	2845
1.21989	2846
1.22017	2847
1.22045	2847
1.22073	2848
1.22101	2849
1.22129	2849
1.22157	2850
1.22185	2850
1.22213	2851
1.22241	2852
1.22269	2852
1.22297	2853
1.22325	2854
1.22353	2854
1.22381	2855
1.22409	2856
1.22437	2856
1.22465	2857
1.22493	2857
1.22521	2858
1.22549	2859
1.22577	2859
1.22605	2860
1.22633	2861
1.22661	2861
1.22689	2862
1.22717	2862
1.22745	2863
1.22773	2864
1.22801	2864
1.22829	2865
1.22857	2866
1.22885	2866
1.22913	2867
1.22941	2868
1.22969	2868
1.22997	2869
1.23025	2869
1.23053	2870
1.23081	2871
1.23109	2871
1.23137	2872
1.23165	2873
1.23193	2873
1.23221	2874
1.23249	2874
1.23277	2875
1.23305	2876
1.23333	2876
1.23361	2877
1.23389	2878
1.23417	2878
1.23445	2879
1.23473	2880
1.23501	2880
1.23529	2881
1.23557	2881
1.23585	2882
1.23613	2883
1.23641	2883
1.23669	2884
1.23697	2885
1.23725	2885
1.23754	2886
1.23782	2887
1.2381	2887
1.23838	2888
1.23866	2888
1.23894	2889
1.23922	2890
1.2395	2890
1.23978	2891
1.24006	2892
1.24034	2892
1.24062	2893
1.2409	2894
1.24118	2894
1.24146	2895
1.24174	2896
1.24202	2896
1.2423	2897
1.24258	2898
1.24286	2898
1.24314	2899
1.24342	2900
1.2437	2900
1.24398	2901
1.24426	2901
1.24454	2902
1.24482	2903
1.2451	2903
1.24538	2904
1.24566	2905
1.24594	2905
1.24622	2906
1.2465	2907
1.24678	2907
1.24706	2908
1.24734	2909
1.24762	2909
1.2479	2910
1.24818	2911
1.24846	2911
1.24874	2912
1.24902	2912
1.2493	2913
1.24958	2914
1.24986	2914
1.25014	2915
1.25042	2916
1.2507	2916
1.25098	2917
1.25126	2918
1.25154	2918
1.25182	2919
1.2521	2920
1.25238	2920
1.25266	2921
1.25294	2922
1.25322	2922
1.2535	2923
1.25378	2923
1.25406	2924
1.25434	2925
1.25462	2925
1.2549	2926
1.25518	2927
1.25546	2927
1.25574	2928
1.25602	2929
1.2563	2929
1.25658	2930
1.25686	2931
1.25714	2931
1.25742	2932
1.2577	2932
1.25798	2933
1.25826	2934
1.25854	2934
1.25882	2935
1.2591	2936
1.25938	2936
1.25966	2937
1.25994	2938
1.26022	2938
1.2605	2939
1.26078	2940
1.26106	2940
1.26134	2941
1.26162	2941
1.2619	2942
1.26218	2943
1.26246	2943
1.26275	2944
1.26303	2945
1.26331	2945
1.26359	2946
1.26387	2947
1.26415	2947
1.26443	2948
1.26471	2949
1.26499	2949
1.26527	2950
1.26555	2950
1.26583	2951
1.26611	2952
1.26639	2952
1.26667	2953
1.26695	2954
1.26723	2954
1.26751	2955
1.26779	2956
1.26807	2956
1.26835	2957
1.26863	2957
1.26891	2958
1.26919	2959
1.26947	2959
1.26975	2960
1.27003	2961
1.27031	2961
1.27059	2962
1.27087	2963
1.27115	2963
1.27143	2964
1.27171	2965
1.27199	2965
1.27227	2966
1.27255	2966
1.27283	2967
1.27311	2968
1.27339	2968
1.27367	2969
1.27395	2970
1.27423	2970
1.27451	2971
1.27479	2972
1.27507	2972
1.27535	2973
1.27563	2973
1.27591	2974
1.27619	2975
1.27647	2975
1.27675	2976
1.27703	2977
1.27731	2977
1.27759	2978
1.27787	2979
1.27815	2979
1.27843	2980
1.27871	2981
1.27899	2981
1.27927	2982
1.27955	2982
1.27983	2983
1.28011	2984
1.28039	2984
1.28067	2985
1.28095	2986
1.28123	2986
1.28151	2987
1.28179	2988
1.28207	2988
1.28235	2989
1.28263	2990
1.28291	2990
1.28319	2991
1.28347	2992
1.28375	2992
1.28403	2993
1.28431	2993
1.28459	2994
1.28487	2995
1.28515	2995
1.28543	2996
1.28571	2997
1.28599	2997
1.28627	2998
1.28655	2999
1.28683	2999
1.28711	3000
1.28739	3001
1.28768	3001
1.28796	3002
1.28824	3003
1.28852	3003
1.2888	3004
1.28908	3004
1.28936	3005
1.28964	3006
1.28992	3006
1.2902	3007
1.29048	3008
1.29076	3008
1.29104	3009
1.29132	3010
1.2916	3010
1.29188	3011
1.29216	3012
1.29244	3012
1.29272	3013
1.293	3013
1.29328	3014
1.29356	3015
1.29384	3015
1.29412	3016
1.2944	3017
1.29468	3017
1.29496	3018
1.29524	3019
1.29552	3019
1.2958	3020
1.29608	3021
1.29636	3021
1.29664	3022
1.29692	3023
1.2972	3023
1.29748	3024
1.29776	3025
1.29804	3025
1.29832	3026
1.2986	3027
1.29888	3027
1.29916	3028
1.29944	3028
1.29972	3029
1.3	3030
1.30028	3031
1.30056	3031
1.30084	3032
1.30112	3033
1.3014	3033
1.30169	3034
1.30197	3035
1.30225	3035
1.30253	3036
1.30281	3037
1.30309	3037
1.30337	3038
1.30365	3039
1.30393	3039
1.30421	3040
1.30449	3041
1.30478	3041
1.30506	3042
1.30534	3042
1.30562	3043
1.3059	3044
1.30618	3044
1.30646	3045
1.30674	3046
1.30702	3046
1.3073	3047
1.30758	3048
1.30787	3048
1.30815	3049
1.30843	3050
1.30871	3050
1.30899	3051
1.30927	3051
1.30955	3052
1.30983	3053
1.31011	3053
1.31039	3054
1.31067	3055
1.31096	3055
1.31124	3056
1.31152	3057
1.3118	3057
1.31208	3058
1.31236	3059
1.31264	3059
1.31292	3060
1.3132	3061
1.31348	3061
1.31376	3062
1.31404	3062
1.31433	3063
1.31461	3064
1.31489	3064
1.31517	3065
1.31545	3066
1.31573	3066
1.31601	3067
1.31629	3068
1.31657	3068
1.31685	3069
1.31713	3070
1.31742	3070
1.3177	3071
1.31798	3071
1.31826	3072
1.31854	3073
1.31882	3073
1.3191	3074
1.31938	3075
1.31966	3075
1.31994	3076
1.32022	3077
1.32051	3077
1.32079	3078
1.32107	3079
1.32135	3079
1.32163	3080
1.32191	3081
1.32219	3081
1.32247	3082
1.32275	3083
1.32303	3083
1.32331	3084
1.3236	3085
1.32388	3085
1.32416	3086
1.32444	3086
1.32472	3087
1.325	3088
1.32528	3088
1.32556	3089
1.32584	3090
1.32612	3090
1.3264	3091
1.32669	3092
1.32697	3092
1.32725	3093
1.32753	3094
1.32781	3094
1.32809	3095
1.32837	3096
1.32865	3096
1.32893	3097
1.32921	3098
1.32949	3098
1.32978	3099
1.33006	3100
1.33034	3100
1.33062	3101
1.3309	3102
1.33118	3102
1.33146	3103
1.33174	3104
1.33202	3104
1.3323	3105
1.33258	3106
1.33287	3106
1.33315	3107
1.33343	3108
1.33371	3108
1.33399	3109
1.33427	3110
1.33455	3110
1.33483	3111
1.33511	3112
1.33539	3112
1.33567	3113
1.33596	3114
1.33624	3114
1.33652	3115
1.3368	3116
1.33708	3116
1.33736	3117
1.33764	3118
1.33792	3118
1.3382	3119
1.33848	3120
1.33876	3120
1.33904	3121
1.33933	3122
1.33961	3122
1.33989	3123
1.34017	3124
1.34045	3124
1.34073	3125
1.34101	3126
1.34129	3126
1.34157	3127
1.34185	3128
1.34213	3128
1.34241	3129
1.34269	3130
1.34297	3130
1.34325	3131
1.34352	3132
1.3438	3132
1.34408	3133
1.34436	3134
1.34464	3134
1.34492	3135
1.3452	3136
1.34548	3136
1.34576	3137
1.34604	3138
1.34632	3138
1.3466	3139
1.34688	3139
1.34716	3140
1.34744	3141
1.34772	3141
1.348	3142
1.34828	3143
1.34856	3143
1.34884	3144
1.34912	3145
1.3494	3145
1.34968	3146
1.34996	3147
1.35023	3147
1.35051	3148
1.35079	3149
1.35107	3149
1.35135	3150
1.35163	3151
1.35191	3151
1.35219	3152
1.35247	3153
1.35275	3153
1.35303	3154
1.35331	3155
1.35359	3155
1.35387	3156
1.35415	3157
1.35443	3157
1.35471	3158
1.35499	3159
1.35527	3159
1.35555	3160
1.35583	3161
1.35611	3161
1.35639	3162
1.35667	3163
1.35694	3163
1.35722	3164
1.3575	3165
1.35778	3165
1.35806	3166
1.35834	3167
1.35862	3167
1.3589	3168
1.35918	3169
1.35946	3169
1.35974	3170
1.36002	3170
1.3603	3171
1.36058	3172
1.36086	3172
1.36114	3173
1.36142	3174
1.3617	3174
1.36198	3175
1.36226	3176
1.36254	3176
1.36282	3177
1.3631	3178
1.36338	3179
1.36365	3179
1.36393	3180
1.36421	3181
1.36449	3181
1.36477	3182
1.36505	3183
1.36533	3183
1.36561	3184
1.36589	3185
1.36617	3185
1.36645	3186
1.36673	3187
1.36701	3187
1.36729	3188
1.36757	3189
1.36785	3189
1.36813	3190
1.36841	3191
1.36869	3191
1.36897	3192
1.36925	3193
1.36953	3193
1.36981	3194
1.37008	3195
1.37036	3195
1.37064	3196
1.37092	3197
1.3712	3197
1.37148	3198
1.37176	3199
1.37204	3199
1.37232	3200
1.3726	3201
1.37288	3201
1.37316	3202
1.37344	3203
1.37372	3203
1.374	3204
1.37428	3205
1.37456	3206
1.37484	3206
1.37512	3207
1.3754	3208
1.37568	3208
1.37596	3209
1.37624	3210
1.37652	3210
1.37679	3211
1.37707	3212
1.37735	3212
1.37763	3213
1.37791	3214
1.37819	3214
1.37847	3215
1.37875	3216
1.37903	3216
1.37931	3217
1.37959	3218
1.37987	3218
1.38015	3219
1.38043	3220
1.38071	3220
1.38099	3221
1.38127	3222
1.38155	3222
1.38183	3223
1.38211	3224
1.38239	3224
1.38267	3225
1.38295	3226
1.38323	3226
1.3835	3227
1.38378	3228
1.38406	3228
1.38434	3229
1.38462	3230
1.3849	3230
1.38518	3231
1.38546	3232
1.38574	3233
1.38602	3233
1.3863	3234
1.38658	3235
1.38686	3235
1.38714	3236
1.38742	3237
1.3877	3237
1.38798	3238
1.38826	3239
1.38854	3239
1.38882	3240
1.3891	3241
1.38938	3241
1.38966	3242
1.38994	3243
1.39021	3243
1.39049	3244
1.39077	3245
1.39105	3245
1.39133	3246
1.39161	3247
1.39189	3247
1.39217	3248
1.39245	3249
1.39273	3249
1.39301	3250
1.39329	3251
1.39357	3251
1.39385	3252
1.39413	3253
1.39441	3253
1.39469	3254
1.39497	3255
1.39525	3255
1.39553	3256
1.39581	3257
1.39609	3257
1.39637	3258
1.39665	3259
1.39692	3260
1.3972	3260
1.39748	3261
1.39776	3262
1.39804	3262
1.39832	3263
1.3986	3264
1.39888	3264
1.39916	3265
1.39944	3266
1.39972	3266
1.4	3267
1.40028	3268
1.40056	3269
1.40084	3269
1.40112	3270
1.4014	3271
1.40168	3271
1.40196	3272
1.40224	3273
1.40252	3273
1.4028	3274
1.40308	3275
1.40336	3275
1.40364	3276
1.40392	3277
1.4042	3277
1.40448	3278
1.40475	3279
1.40503	3279
1.40531	3280
1.40559	3281
1.40587	3281
1.40615	3282
1.40643	3283
1.40671	3284
1.40699	3284
1.40727	3285
1.40755	3286
1.40783	3286
1.40811	3287
1.40839	3288
1.40867	3288
1.40894	3289
1.40922	3290
1.4095	3290
1.40978	3291
1.41006	3292
1.41034	3292
1.41062	3293
1.4109	3294
1.41118	3294
1.41146	3295
1.41174	3296
1.41202	3296
1.4123	3297
1.41258	3298
1.41285	3298
1.41313	3299
1.41341	3300
1.41369	3301
1.41397	3301
1.41425	3302
1.41453	3303
1.41481	3303
1.41509	3304
1.41537	3305
1.41565	3305
1.41593	3306
1.41621	3307
1.41649	3307
1.41677	3308
1.41704	3309
1.41732	3309
1.4176	3310
1.41788	3311
1.41816	3311
1.41844	3312
1.41872	3313
1.419	3313
1.41928	3314
1.41956	3315
1.41984	3315
1.42012	3316
1.4204	3317
1.42068	3317
1.42095	3318
1.42123	3319
1.42151	3319
1.42179	3320
1.42207	3321
1.42235	3321
1.42263	3322
1.42291	3323
1.42319	3323
1.42347	3324
1.42375	3325
1.42403	3326
1.42431	3326
1.42459	3327
1.42487	3328
1.42514	3328
1.42542	3329
1.4257	3330
1.42598	3330
1.42626	3331
1.42654	3332
1.42682	3332
1.4271	3333
1.42738	3334
1.42766	3334
1.42794	3335
1.42822	3336
1.4285	3336
1.42878	3337
1.42905	3338
1.42933	3338
1.42961	3339
1.42989	3340
1.43017	3340
1.43045	3341
1.43073	3342
1.43101	3342
1.43129	3343
1.43157	3344
1.43185	3344
1.43213	3345
1.43241	3346
1.43269	3346
1.43297	3347
1.43324	3348
1.43352	3348
1.4338	3349
1.43408	3350
1.43436	3351
1.43464	3351
1.43492	3352
1.4352	3353
1.43548	3353
1.43576	3354
1.43604	3355
1.43632	3355
1.4366	3356
1.43688	3357
1.43715	3357
1.43743	3358
1.43771	3359
1.43799	3360
1.43827	3360
1.43855	3361
1.43883	3362
1.43911	3362
1.43939	3363
1.43967	3364
1.43995	3365
1.44023	3365
1.44051	3366
1.44079	3367
1.44107	3368
1.44134	3368
1.44162	3369
1.4419	3370
1.44218	3371
1.44246	3372
1.44274	3372
1.44302	3373
1.4433	3374
1.44358	3374
1.44386	3375
1.44414	3376
1.44442	3376
1.4447	3377
1.44498	3378
1.44525	3379
1.44553	3379
1.44581	3380
1.44609	3381
1.44637	3381
1.44665	3382
1.44693	3383
1.44721	3383
1.44749	3384
1.44777	3385
1.44805	3385
1.44833	3386
1.44861	3387
1.44889	3387
1.44917	3388
1.44944	3389
1.44972	3389
1.45	3390
1.45028	3391
1.45056	3391
1.45084	3392
1.45112	3393
1.4514	3393
1.45168	3394
1.45196	3395
1.45224	3395
1.45252	3396
1.4528	3397
1.45308	3398
1.45335	3398
1.45363	3399
1.45391	3400
1.45419	3400
1.45447	3401
1.45475	3402
1.45503	3402
1.45531	3403
1.45559	3404
1.45587	3404
1.45615	3405
1.45643	3406
1.45671	3406
1.45699	3407
1.45727	3408
1.45754	3408
1.45782	3409
1.4581	3410
1.45838	3410
1.45866	3411
1.45894	3412
1.45922	3412
1.4595	3413
1.45978	3414
1.46006	3414
1.46034	3415
1.46062	3415
1.4609	3416
1.46118	3417
1.46145	3417
1.46173	3418
1.46201	3419
1.46229	3419
1.46257	3420
1.46285	3421
1.46313	3421
1.46341	3422
1.46369	3423
1.46397	3423
1.46425	3424
1.46453	3425
1.46481	3425
1.46509	3426
1.46537	3427
1.46564	3427
1.46592	3428
1.4662	3429
1.46648	3429
1.46676	3430
1.46704	3430
1.46732	3431
1.4676	3432
1.46788	3432
1.46816	3433
1.46844	3434
1.46872	3434
1.469	3435
1.46928	3436
1.46956	3436
1.46983	3437
1.47011	3438
1.47039	3438
1.47067	3439
1.47095	3439
1.47123	3440
1.47151	3441
1.47179	3441
1.47207	3442
1.47235	3443
1.47263	3443
1.47291	3444
1.47319	3444
1.47347	3445
1.47374	3446
1.47402	3446
1.4743	3447
1.47458	3448
1.47486	3448
1.47514	3449
1.47542	3450
1.4757	3450
1.47598	3451
1.47626	3451
1.47654	3452
1.47682	3453
1.4771	3453
1.47738	3454
1.47766	3455
1.47793	3455
1.47821	3456
1.47849	3456
1.47877	3457
1.47905	3458
1.47933	3459
1.47961	3459
1.47989	3460
1.48017	3460
1.48045	3461
1.48073	3462
1.48101	3462
1.48129	3463
1.48157	3464
1.48184	3464
1.48212	3465
1.4824	3466
1.48268	3466
1.48296	3467
1.48324	3467
1.48352	3468
1.4838	3469
1.48408	3469
1.48436	3470
1.48464	3471
1.48492	3471
1.4852	3472
1.48548	3472
1.48575	3473
1.48602	3474
1.4863	3475
1.48657	3475
1.48685	3476
1.48712	3477
1.48739	3477
1.48767	3478
1.48794	3479
1.48822	3479
1.48849	3480
1.48876	3481
1.48904	3481
1.48931	3482
1.48959	3483
1.48986	3483
1.49013	3484
1.49041	3484
1.49068	3485
1.49096	3486
1.49123	3486
1.4915	3487
1.49178	3488
1.49205	3488
1.49233	3489
1.4926	3490
1.49287	3490
1.49315	3491
1.49342	3492
1.4937	3492
1.49397	3493
1.49425	3494
1.49452	3494
1.49479	3495
1.49507	3496
1.49534	3496
1.49562	3497
1.49589	3498
1.49616	3498
1.49644	3499
1.49671	3500
1.49699	3500
1.49726	3501
1.49753	3502
1.49781	3502
1.49808	3503
1.49836	3504
1.49863	3504
1.4989	3505
1.49918	3506
1.49945	3506
1.49973	3507
1.5	3508
1.50028	3509
1.50056	3509
1.50084	3510
1.50111	3511
1.50139	3511
1.50167	3512
1.50195	3513
1.50223	3513
1.50251	3514
1.50279	3515
1.50306	3515
1.50334	3516
1.50362	3517
1.5039	3517
1.50418	3518
1.50446	3518
1.50474	3519
1.50501	3520
1.50529	3520
1.50557	3521
1.50585	3522
1.50613	3522
1.50641	3523
1.50669	3524
1.50696	3524
1.50724	3525
1.50752	3526
1.5078	3526
1.50808	3527
1.50836	3528
1.50864	3528
1.50891	3529
1.50919	3530
1.50947	3530
1.50975	3531
1.51003	3532
1.51031	3532
1.51058	3533
1.51086	3534
1.51114	3534
1.51142	3535
1.5117	3536
1.51198	3536
1.51226	3537
1.51253	3538
1.51281	3538
1.51309	3539
1.51337	3540
1.51365	3540
1.51393	3541
1.51421	3542
1.51448	3542
1.51476	3543
1.51504	3543
1.51532	3544
1.5156	3545
1.51588	3545
1.51616	3546
1.51643	3547
1.51671	3547
1.51699	3548
1.51727	3549
1.51755	3549
1.51783	3550
1.51811	3551
1.51838	3551
1.51866	3552
1.51894	3552
1.51922	3553
1.5195	3554
1.51978	3554
1.52006	3555
1.52033	3556
1.52061	3556
1.52089	3557
1.52117	3558
1.52145	3558
1.52173	3559
1.52201	3560
1.52228	3560
1.52256	3561
1.52284	3562
1.52312	3562
1.5234	3563
1.52368	3563
1.52396	3564
1.52423	3565
1.52451	3565
1.52479	3566
1.52507	3567
1.52535	3567
1.52563	3568
1.52591	3569
1.52618	3569
1.52646	3570
1.52674	3571
1.52702	3571
1.5273	3572
1.52758	3573
1.52786	3573
1.52813	3574
1.52841	3574
1.52869	3575
1.52897	3576
1.52925	3576
1.52953	3577
1.52981	3578
1.53008	3578
1.53036	3579
1.53064	3580
1.53092	3580
1.5312	3581
1.53148	3582
1.53175	3582
1.53203	3583
1.53231	3584
1.53259	3584
1.53287	3585
1.53315	3585
1.53343	3586
1.5337	3587
1.53398	3587
1.53426	3588
1.53454	3589
1.53482	3589
1.5351	3590
1.53538	3591
1.53565	3591
1.53593	3592
1.53621	3593
1.53649	3593
1.53677	3594
1.53705	3594
1.53733	3595
1.5376	3596
1.53788	3596
1.53816	3597
1.53844	3598
1.53872	3599
1.539	3600
1.53928	3600
1.53955	3601
1.53983	3602
1.54011	3603
1.54039	3604
1.54067	3604
1.54095	3605
1.54123	3606
1.5415	3606
1.54178	3607
1.54206	3608
1.54234	3609
1.54262	3609
1.5429	3610
1.54318	3611
1.54345	3611
1.54373	3612
1.54401	3613
1.54429	3613
1.54457	3614
1.54485	3615
1.54513	3616
1.5454	3616
1.54568	3617
1.54596	3618
1.54624	3618
1.54652	3619
1.5468	3620
1.54708	3621
1.54735	3621
1.54763	3622
1.54791	3623
1.54819	3623
1.54847	3624
1.54875	3625
1.54903	3625
1.5493	3626
1.54958	3627
1.54986	3627
1.55014	3628
1.55042	3629
1.5507	3629
1.55097	3630
1.55125	3631
1.55153	3631
1.55181	3632
1.55209	3633
1.55237	3633
1.55265	3634
1.55292	3635
1.5532	3635
1.55348	3636
1.55376	3637
1.55404	3637
1.55432	3638
1.5546	3639
1.55487	3639
1.55515	3640
1.55543	3641
1.55571	3641
1.55599	3642
1.55627	3642
1.55655	3643
1.55682	3644
1.5571	3644
1.55738	3645
1.55766	3646
1.55794	3646
1.55822	3647
1.5585	3648
1.55877	3648
1.55905	3649
1.55933	3650
1.55961	3650
1.55989	3651
1.56017	3652
1.56045	3652
1.56072	3653
1.561	3654
1.56128	3654
1.56156	3655
1.56184	3656
1.56212	3656
1.5624	3657
1.56267	3658
1.56295	3658
1.56323	3659
1.56351	3660
1.56379	3660
1.56407	3661
1.56435	3662
1.56462	3662
1.5649	3663
1.56518	3664
1.56546	3664
1.56574	3665
1.56602	3665
1.5663	3666
1.56657	3667
1.56685	3667
1.56713	3668
1.56741	3669
1.56769	3669
1.56797	3670
1.56825	3671
1.56852	3671
1.5688	3672
1.56908	3673
1.56936	3673
1.56964	3674
1.56992	3675
1.57019	3675
1.57047	3676
1.57075	3677
1.57103	3677
1.57131	3678
1.57159	3679
1.57187	3679
1.57214	3680
1.57242	3681
1.5727	3681
1.57298	3682
1.57326	3682
1.57354	3683
1.57382	3684
1.57409	3684
1.57437	3685
1.57465	3686
1.57493	3686
1.57521	3687
1.57549	3688
1.57577	3688
1.57604	3689
1.57632	3690
1.5766	3690
1.57688	3691
1.57716	3692
1.57744	3692
1.57772	3693
1.57799	3694
1.57827	3694
1.57855	3695
1.57883	3696
1.57911	3696
1.57939	3697
1.57967	3697
1.57994	3698
1.58022	3699
1.5805	3699
1.58078	3700
1.58106	3701
1.58134	3701
1.58162	3702
1.58189	3703
1.58217	3703
1.58245	3704
1.58273	3705
1.58301	3705
1.58329	3706
1.58357	3707
1.58384	3707
1.58412	3708
1.5844	3709
1.58468	3709
1.58496	3710
1.58524	3710
1.58552	3711
1.58579	3712
1.58607	3712
1.58635	3713
1.58663	3714
1.58691	3714
1.58719	3715
1.58747	3716
1.58774	3716
1.58802	3717
1.5883	3718
1.58858	3718
1.58886	3719
1.58914	3720
1.58942	3720
1.58969	3721
1.58997	3722
1.59025	3722
1.59053	3723
1.59081	3723
1.59109	3724
1.59136	3725
1.59164	3725
1.59192	3726
1.5922	3727
1.59248	3727
1.59276	3728
1.59304	3729
1.59331	3729
1.59359	3730
1.59387	3731
1.59415	3731
1.59443	3732
1.59471	3732
1.59499	3733
1.59526	3734
1.59554	3734
1.59582	3735
1.5961	3736
1.59638	3736
1.59666	3737
1.59694	3738
1.59721	3738
1.59749	3739
1.59777	3739
1.59805	3740
1.59833	3741
1.59861	3741
1.59889	3742
1.59916	3743
1.59944	3743
1.59972	3744
1.6	3745
1.60028	3746
1.60056	3746
1.60084	3747
1.60111	3747
1.60139	3748
1.60167	3749
1.60195	3749
1.60223	3750
1.60251	3751
1.60279	3751
1.60306	3752
1.60334	3753
1.60362	3753
1.6039	3754
1.60418	3754
1.60446	3755
1.60474	3756
1.60501	3756
1.60529	3757
1.60557	3758
1.60585	3758
1.60613	3759
1.60641	3759
1.60669	3760
1.60696	3761
1.60724	3761
1.60752	3762
1.6078	3763
1.60808	3763
1.60836	3764
1.60864	3765
1.60891	3765
1.60919	3766
1.60947	3766
1.60975	3767
1.61003	3768
1.61031	3768
1.61058	3769
1.61086	3770
1.61114	3770
1.61142	3771
1.6117	3772
1.61198	3772
1.61226	3773
1.61253	3773
1.61281	3774
1.61309	3775
1.61337	3775
1.61365	3776
1.61393	3777
1.61421	3777
1.61448	3778
1.61476	3779
1.61504	3779
1.61532	3780
1.6156	3781
1.61588	3781
1.61616	3782
1.61643	3782
1.61671	3783
1.61699	3784
1.61727	3784
1.61755	3785
1.61783	3786
1.61811	3786
1.61838	3787
1.61866	3788
1.61894	3788
1.61922	3789
1.6195	3789
1.61978	3790
1.62006	3791
1.62033	3791
1.62061	3792
1.62089	3793
1.62117	3793
1.62145	3794
1.62173	3795
1.62201	3795
1.62228	3796
1.62256	3796
1.62284	3797
1.62312	3798
1.6234	3798
1.62368	3799
1.62396	3800
1.62423	3800
1.62451	3801
1.62479	3802
1.62507	3802
1.62535	3803
1.62562	3804
1.6259	3804
1.62618	3805
1.62646	3805
1.62673	3806
1.62701	3807
1.62729	3807
1.62757	3808
1.62784	3809
1.62812	3809
1.6284	3810
1.62868	3811
1.62895	3811
1.62923	3812
1.62951	3812
1.62979	3813
1.63006	3814
1.63034	3814
1.63062	3815
1.6309	3816
1.63117	3816
1.63145	3817
1.63173	3818
1.63201	3818
1.63228	3819
1.63256	3820
1.63284	3820
1.63312	3821
1.63339	3821
1.63367	3822
1.63395	3823
1.63423	3823
1.6345	3824
1.63478	3825
1.63506	3825
1.63534	3826
1.63561	3827
1.63589	3827
1.63617	3828
1.63645	3828
1.63672	3829
1.637	3830
1.63728	3830
1.63756	3831
1.63783	3832
1.63811	3832
1.63839	3833
1.63867	3834
1.63894	3834
1.63922	3835
1.6395	3835
1.63978	3836
1.64005	3837
1.64033	3837
1.64061	3838
1.64089	3839
1.64116	3840
1.64144	3840
1.64172	3841
1.642	3842
1.64227	3842
1.64255	3843
1.64283	3844
1.64311	3844
1.64338	3845
1.64366	3846
1.64394	3846
1.64422	3847
1.64449	3848
1.64477	3848
1.64505	3849
1.64533	3850
1.6456	3850
1.64588	3851
1.64616	3852
1.64644	3852
1.64671	3853
1.64699	3854
1.64727	3854
1.64755	3855
1.64782	3856
1.6481	3856
1.64838	3857
1.64866	3858
1.64893	3858
1.64921	3859
1.64949	3859
1.64977	3860
1.65005	3861
1.65032	3861
1.6506	3862
1.65088	3863
1.65116	3863
1.65143	3864
1.65171	3865
1.65199	3865
1.65227	3866
1.65254	3867
1.65282	3867
1.6531	3868
1.65338	3869
1.65365	3869
1.65393	3870
1.65421	3871
1.65449	3871
1.65476	3872
1.65504	3873
1.65532	3873
1.6556	3874
1.65587	3875
1.65615	3875
1.65643	3876
1.65671	3877
1.65698	3877
1.65726	3878
1.65754	3879
1.65782	3879
1.65809	3880
1.65837	3880
1.65865	3881
1.65893	3882
1.6592	3882
1.65948	3883
1.65976	3884
1.66004	3884
1.66031	3885
1.66059	3886
1.66087	3886
1.66115	3887
1.66142	3888
1.6617	3888
1.66198	3889
1.66226	3890
1.66253	3890
1.66281	3891
1.66309	3892
1.66337	3892
1.66364	3893
1.66392	3894
1.6642	3894
1.66448	3895
1.66475	3896
1.66503	3896
1.66531	3897
1.66559	3898
1.66586	3898
1.66614	3899
1.66642	3900
1.6667	3900
1.66697	3901
1.66725	3901
1.66753	3902
1.66781	3903
1.66808	3903
1.66836	3904
1.66864	3905
1.66892	3905
1.66919	3906
1.66947	3907
1.66975	3907
1.67003	3908
1.6703	3909
1.67058	3909
1.67086	3910
1.67114	3911
1.67141	3911
1.67169	3912
1.67197	3913
1.67225	3913
1.67252	3914
1.6728	3915
1.67308	3915
1.67336	3916
1.67363	3916
1.67391	3917
1.67419	3918
1.67447	3918
1.67475	3919
1.67502	3920
1.6753	3921
1.67558	3921
1.67586	3922
1.67613	3923
1.67641	3923
1.67669	3924
1.67697	3925
1.67724	3925
1.67752	3926
1.6778	3927
1.67808	3927
1.67835	3928
1.67863	3929
1.67891	3929
1.67919	3930
1.67946	3930
1.67974	3931
1.68002	3932
1.6803	3932
1.68057	3933
1.68085	3934
1.68113	3934
1.68141	3935
1.68168	3936
1.68196	3936
1.68224	3937
1.68252	3938
1.68279	3938
1.68307	3939
1.68335	3940
1.68363	3940
1.6839	3941
1.68418	3941
1.68446	3942
1.68474	3943
1.68501	3943
1.68529	3944
1.68557	3945
1.68585	3945
1.68612	3946
1.6864	3947
1.68668	3947
1.68696	3948
1.68723	3949
1.68751	3949
1.68779	3950
1.68807	3951
1.68834	3951
1.68862	3952
1.6889	3952
1.68918	3953
1.68945	3954
1.68973	3954
1.69001	3955
1.69029	3956
1.69056	3956
1.69084	3957
1.69112	3957
1.6914	3958
1.69167	3959
1.69195	3959
1.69223	3960
1.69251	3961
1.69278	3961
1.69306	3962
1.69334	3963
1.69362	3963
1.69389	3964
1.69417	3965
1.69445	3965
1.69473	3966
1.695	3966
1.69528	3967
1.69556	3968
1.69584	3968
1.69611	3969
1.69639	3970
1.69667	3970
1.69695	3971
1.69722	3971
1.6975	3972
1.69778	3973
1.69806	3973
1.69833	3974
1.69861	3975
1.69889	3975
1.69917	3976
1.69944	3977
1.69972	3977
1.7	3978
1.70028	3979
1.70056	3980
1.70083	3980
1.70111	3981
1.70139	3981
1.70167	3982
1.70194	3983
1.70222	3983
1.7025	3984
1.70278	3985
1.70306	3985
1.70333	3986
1.70361	3987
1.70389	3987
1.70417	3988
1.70444	3989
1.70472	3989
1.705	3990
1.70528	3991
1.70556	3991
1.70583	3992
1.70611	3993
1.70639	3993
1.70667	3994
1.70694	3994
1.70722	3995
1.7075	3996
1.70778	3996
1.70806	3997
1.70833	3998
1.70861	3998
1.70889	3999
1.70917	3999
1.70944	4000
1.70972	4001
1.71	4001
1.71028	4002
1.71056	4003
1.71083	4003
1.71111	4004
1.71139	4004
1.71167	4005
1.71194	4006
1.71222	4006
1.7125	4007
1.71278	4007
1.71306	4008
1.71333	4009
1.71361	4009
1.71389	4010
1.71417	4011
1.71444	4011
1.71472	4012
1.715	4012
1.71528	4013
1.71556	4014
1.71583	4014
1.71611	4015
1.71639	4016
1.71667	4016
1.71694	4017
1.71722	4017
1.7175	4018
1.71778	4019
1.71806	4019
1.71833	4020
1.71861	4021
1.71889	4021
1.71917	4022
1.71944	4022
1.71972	4023
1.72	4024
1.72028	4024
1.72056	4025
1.72083	4026
1.72111	4026
1.72139	4027
1.72167	4027
1.72194	4028
1.72222	4029
1.7225	4029
1.72278	4030
1.72306	4031
1.72333	4031
1.72361	4032
1.72389	4032
1.72417	4033
1.72444	4034
1.72472	4034
1.725	4035
1.72528	4035
1.72556	4036
1.72583	4037
1.72611	4037
1.72639	4038
1.72667	4039
1.72694	4039
1.72722	4040
1.7275	4040
1.72778	4041
1.72806	4042
1.72833	4042
1.72861	4043
1.72889	4044
1.72917	4044
1.72944	4045
1.72972	4045
1.73	4046
1.73028	4047
1.73056	4047
1.73083	4048
1.73111	4049
1.73139	4049
1.73167	4050
1.73194	4050
1.73222	4051
1.7325	4052
1.73278	4052
1.73306	4053
1.73333	4053
1.73361	4054
1.73389	4055
1.73417	4055
1.73444	4056
1.73472	4057
1.735	4057
1.73528	4058
1.73556	4058
1.73583	4059
1.73611	4060
1.73639	4060
1.73667	4061
1.73694	4062
1.73722	4062
1.7375	4063
1.73778	4063
1.73806	4064
1.73833	4065
1.73861	4065
1.73889	4066
1.73917	4067
1.73944	4067
1.73972	4068
1.74	4068
1.74028	4069
1.74056	4070
1.74083	4070
1.74111	4071
1.74139	4072
1.74167	4072
1.74194	4073
1.74222	4074
1.7425	4074
1.74278	4075
1.74306	4075
1.74333	4076
1.74361	4077
1.74389	4078
1.74417	4078
1.74444	4079
1.74472	4080
1.745	4081
1.74528	4081
1.74556	4082
1.74583	4083
1.74611	4083
1.74639	4084
1.74667	4085
1.74694	4085
1.74722	4086
1.7475	4087
1.74778	4087
1.74806	4088
1.74833	4089
1.74861	4089
1.74889	4090
1.74917	4091
1.74944	4091
1.74972	4092
1.75	4093
1.75028	4093
1.75056	4094
1.75083	4095
1.75111	4095
1.75139	4096
1.75167	4097
1.75194	4097
1.75222	4098
1.7525	4099
1.75278	4099
1.75306	4100
1.75333	4101
1.75361	4101
1.75389	4102
1.75417	4103
1.75444	4103
1.75472	4104
1.755	4104
1.75528	4105
1.75556	4106
1.75583	4106
1.75611	4107
1.75639	4108
1.75667	4108
1.75694	4109
1.75722	4110
1.7575	4110
1.75778	4111
1.75806	4111
1.75833	4112
1.75861	4113
1.75889	4113
1.75917	4114
1.75944	4115
1.75972	4115
1.76	4116
1.76028	4116
1.76056	4117
1.76083	4118
1.76111	4118
1.76139	4119
1.76167	4120
1.76194	4120
1.76222	4121
1.7625	4121
1.76278	4122
1.76306	4123
1.76333	4123
1.76361	4124
1.76388	4125
1.76416	4125
1.76444	4126
1.76471	4127
1.76499	4127
1.76526	4128
1.76554	4128
1.76581	4129
1.76609	4130
1.76637	4130
1.76664	4131
1.76692	4132
1.76719	4132
1.76747	4133
1.76774	4133
1.76802	4134
1.7683	4135
1.76857	4135
1.76885	4136
1.76912	4137
1.7694	4137
1.76967	4138
1.76995	4138
1.77023	4139
1.7705	4140
1.77078	4140
1.77105	4141
1.77133	4142
1.7716	4142
1.77188	4143
1.77216	4143
1.77243	4144
1.77271	4145
1.77298	4145
1.77326	4146
1.77353	4147
1.77381	4147
1.77409	4148
1.77436	4148
1.77464	4149
1.77491	4150
1.77519	4150
1.77546	4151
1.77574	4152
1.77602	4152
1.77629	4153
1.77657	4153
1.77684	4154
1.77712	4155
1.77739	4155
1.77767	4156
1.77794	4157
1.77822	4157
1.7785	4158
1.77877	4158
1.77905	4159
1.77932	4160
1.7796	4160
1.77987	4161
1.78015	4162
1.78043	4162
1.7807	4163
1.78098	4163
1.78125	4164
1.78153	4165
1.7818	4165
1.78208	4166
1.78236	4167
1.78263	4167
1.78291	4168
1.78318	4168
1.78346	4169
1.78373	4170
1.78401	4170
1.78429	4171
1.78456	4172
1.78484	4172
1.78511	4173
1.78539	4173
1.78566	4174
1.78594	4175
1.78622	4175
1.78649	4176
1.78677	4176
1.78704	4177
1.78732	4178
1.78759	4178
1.78787	4179
1.78815	4180
1.78842	4180
1.7887	4181
1.78897	4181
1.78925	4182
1.78952	4183
1.7898	4183
1.79008	4184
1.79035	4185
1.79063	4185
1.7909	4186
1.79118	4186
1.79145	4187
1.79173	4188
1.79201	4188
1.79228	4189
1.79256	4190
1.79283	4190
1.79311	4191
1.79338	4191
1.79366	4192
1.79393	4193
1.79421	4193
1.79449	4194
1.79476	4195
1.79504	4195
1.79531	4196
1.79559	4196
1.79586	4197
1.79614	4198
1.79642	4198
1.79669	4199
1.79697	4200
1.79724	4200
1.79752	4201
1.79779	4201
1.79807	4202
1.79835	4203
1.79862	4203
1.7989	4204
1.79917	4205
1.79945	4205
1.79972	4206
1.8	4207
1.80028	4207
1.80055	4208
1.80083	4209
1.80111	4209
1.80139	4210
1.80166	4211
1.80194	4211
1.80222	4212
1.80249	4213
1.80277	4213
1.80305	4214
1.80332	4215
1.8036	4215
1.80388	4216
1.80416	4216
1.80443	4217
1.80471	4218
1.80499	4218
1.80526	4219
1.80554	4220
1.80582	4220
1.80609	4221
1.80637	4222
1.80665	4222
1.80693	4223
1.8072	4223
1.80748	4224
1.80776	4225
1.80803	4225
1.80831	4226
1.80859	4227
1.80886	4227
1.80914	4228
1.80942	4229
1.8097	4229
1.80997	4230
1.81025	4230
1.81053	4231
1.8108	4232
1.81108	4232
1.81136	4233
1.81163	4234
1.81191	4234
1.81219	4235
1.81247	4235
1.81274	4236
1.81302	4237
1.8133	4237
1.81357	4238
1.81385	4239
1.81413	4239
1.8144	4240
1.81468	4240
1.81496	4241
1.81524	4242
1.81551	4242
1.81579	4243
1.81607	4244
1.81634	4244
1.81662	4245
1.8169	4245
1.81717	4246
1.81745	4247
1.81773	4247
1.81801	4248
1.81828	4249
1.81856	4249
1.81884	4250
1.81911	4250
1.81939	4251
1.81967	4252
1.81994	4252
1.82022	4253
1.8205	4254
1.82078	4254
1.82105	4255
1.82133	4255
1.82161	4256
1.82188	4257
1.82216	4257
1.82244	4258
1.82271	4259
1.82299	4259
1.82327	4260
1.82355	4260
1.82382	4261
1.8241	4262
1.82438	4262
1.82465	4263
1.82493	4264
1.82521	4264
1.82548	4265
1.82576	4265
1.82604	4266
1.82632	4267
1.82659	4267
1.82687	4268
1.82715	4269
1.82742	4269
1.8277	4270
1.82798	4270
1.82825	4271
1.82853	4272
1.82881	4272
1.82909	4273
1.82936	4274
1.82964	4274
1.82992	4275
1.83019	4275
1.83047	4276
1.83075	4277
1.83102	4277
1.8313	4278
1.83158	4279
1.83186	4279
1.83213	4280
1.83241	4281
1.83269	4281
1.83296	4282
1.83324	4282
1.83352	4283
1.8338	4284
1.83407	4284
1.83435	4285
1.83463	4286
1.8349	4286
1.83518	4287
1.83546	4287
1.83573	4288
1.83601	4289
1.83629	4289
1.83657	4290
1.83684	4290
1.83712	4291
1.8374	4292
1.83767	4292
1.83795	4293
1.83823	4294
1.8385	4294
1.83878	4295
1.83906	4296
1.83934	4296
1.83961	4297
1.83989	4297
1.84017	4298
1.84044	4299
1.84072	4299
1.841	4300
1.84127	4301
1.84155	4301
1.84183	4302
1.84211	4303
1.84238	4303
1.84266	4304
1.84294	4304
1.84321	4305
1.84349	4306
1.84377	4306
1.84404	4307
1.84432	4308
1.8446	4308
1.84488	4309
1.84515	4309
1.84543	4310
1.84571	4311
1.84598	4311
1.84626	4312
1.84654	4313
1.84681	4313
1.84709	4314
1.84737	4315
1.84765	4315
1.84792	4316
1.8482	4317
1.84848	4317
1.84875	4318
1.84903	4319
1.84931	4319
1.84958	4320
1.84986	4321
1.85014	4322
1.85042	4322
1.85069	4323
1.85097	4324
1.85125	4325
1.85152	4326
1.8518	4326
1.85208	4327
1.85235	4328
1.85263	4329
1.85291	4329
1.85319	4330
1.85346	4331
1.85374	4332
1.85402	4332
1.85429	4333
1.85457	4334
1.85485	4335
1.85512	4335
1.8554	4336
1.85568	4337
1.85596	4337
1.85623	4338
1.85651	4339
1.85679	4340
1.85706	4340
1.85734	4341
1.85762	4342
1.85789	4343
1.85817	4343
1.85845	4344
1.85873	4345
1.859	4346
1.85928	4346
1.85956	4347
1.85983	4348
1.86011	4349
1.86039	4349
1.86066	4350
1.86094	4351
1.86122	4352
1.8615	4352
1.86177	4353
1.86205	4354
1.86233	4354
1.8626	4355
1.86288	4356
1.86316	4357
1.86343	4357
1.86371	4358
1.86399	4359
1.86427	4360
1.86454	4360
1.86482	4361
1.8651	4362
1.86537	4362
1.86565	4363
1.86593	4364
1.8662	4365
1.86648	4365
1.86676	4366
1.86704	4367
1.86731	4368
1.86759	4368
1.86787	4369
1.86814	4370
1.86842	4371
1.8687	4371
1.86898	4372
1.86925	4373
1.86953	4373
1.86981	4374
1.87008	4375
1.87036	4376
1.87064	4376
1.87091	4377
1.87119	4378
1.87147	4379
1.87175	4379
1.87202	4380
1.8723	4381
1.87258	4381
1.87285	4382
1.87313	4383
1.87341	4384
1.87368	4384
1.87396	4385
1.87424	4386
1.87452	4387
1.87479	4387
1.87507	4388
1.87535	4389
1.87562	4390
1.8759	4390
1.87618	4391
1.87645	4392
1.87673	4392
1.87701	4393
1.87729	4394
1.87756	4395
1.87784	4395
1.87812	4396
1.87839	4397
1.87867	4398
1.87895	4398
1.87922	4399
1.8795	4400
1.87978	4400
1.88006	4401
1.88033	4402
1.88061	4403
1.88089	4403
1.88116	4404
1.88144	4405
1.88172	4406
1.88199	4406
1.88227	4407
1.88255	4408
1.88283	4408
1.8831	4409
1.88338	4410
1.88366	4411
1.88393	4411
1.88421	4412
1.88449	4413
1.88476	4414
1.88504	4414
1.88532	4415
1.8856	4416
1.88587	4417
1.88615	4417
1.88643	4418
1.8867	4419
1.88698	4419
1.88726	4420
1.88753	4421
1.88781	4422
1.88809	4422
1.88837	4423
1.88864	4424
1.88892	4425
1.8892	4425
1.88947	4426
1.88975	4427
1.89003	4427
1.8903	4428
1.89058	4429
1.89086	4430
1.89114	4430
1.89141	4431
1.89169	4432
1.89197	4432
1.89224	4433
1.89252	4434
1.8928	4434
1.89307	4435
1.89335	4436
1.89363	4437
1.89391	4437
1.89418	4438
1.89446	4439
1.89474	4439
1.89501	4440
1.89529	4441
1.89557	4442
1.89584	4442
1.89612	4443
1.8964	4444
1.89668	4444
1.89695	4445
1.89723	4446
1.89751	4447
1.89778	4447
1.89806	4448
1.89834	4449
1.89861	4449
1.89889	4450
1.89917	4451
1.89945	4452
1.89972	4452
1.9	4453
1.90028	4454
1.90056	4455
1.90083	4456
1.90111	4456
1.90139	4457
1.90167	4458
1.90194	4458
1.90222	4459
1.9025	4460
1.90278	4461
1.90306	4461
1.90333	4462
1.90361	4463
1.90389	4463
1.90417	4464
1.90444	4465
1.90472	4466
1.905	4466
1.90528	4467
1.90556	4468
1.90583	4468
1.90611	4469
1.90639	4470
1.90667	4470
1.90694	4471
1.90722	4472
1.9075	4473
1.90778	4473
1.90806	4474
1.90833	4475
1.90861	4475
1.90889	4476
1.90917	4477
1.90944	4478
1.90972	4478
1.91	4479
1.91028	4480
1.91056	4481
1.91083	4481
1.91111	4482
1.91139	4483
1.91167	4484
1.91194	4484
1.91222	4485
1.9125	4486
1.91278	4487
1.91306	4487
1.91333	4488
1.91361	4489
1.91389	4490
1.91417	4490
1.91444	4491
1.91472	4492
1.915	4493
1.91528	4493
1.91556	4494
1.91583	4495
1.91611	4495
1.91639	4496
1.91667	4497
1.91694	4498
1.91722	4498
1.9175	4499
1.91778	4500
1.91806	4501
1.91833	4501
1.91861	4502
1.91889	4503
1.91917	4504
1.91944	4504
1.91972	4505
1.92	4506
1.92028	4507
1.92056	4507
1.92083	4508
1.92111	4509
1.92139	4510
1.92167	4510
1.92194	4511
1.92222	4512
1.9225	4513
1.92278	4513
1.92306	4514
1.92333	4515
1.92361	4516
1.92389	4516
1.92417	4517
1.92444	4518
1.92472	4518
1.925	4519
1.92528	4520
1.92556	4521
1.92583	4521
1.92611	4522
1.92639	4523
1.92667	4524
1.92694	4524
1.92722	4525
1.9275	4526
1.92778	4526
1.92806	4527
1.92833	4528
1.92861	4529
1.92889	4529
1.92917	4530
1.92944	4531
1.92972	4532
1.93	4532
1.93028	4533
1.93056	4534
1.93083	4534
1.93111	4535
1.93139	4536
1.93167	4537
1.93194	4537
1.93222	4538
1.9325	4539
1.93278	4540
1.93306	4540
1.93333	4541
1.93361	4542
1.93389	4542
1.93417	4543
1.93444	4544
1.93472	4545
1.935	4545
1.93528	4546
1.93556	4547
1.93583	4548
1.93611	4548
1.93639	4549
1.93667	4550
1.93694	4550
1.93722	4551
1.9375	4552
1.93778	4552
1.93806	4553
1.93833	4554
1.93861	4555
1.93889	4555
1.93917	4556
1.93944	4557
1.93972	4557
1.94	4558
1.94028	4559
1.94056	4560
1.94083	4560
1.94111	4561
1.94139	4562
1.94167	4562
1.94194	4563
1.94222	4564
1.9425	4565
1.94278	4565
1.94306	4566
1.94333	4567
1.94361	4567
1.94389	4568
1.94417	4569
1.94444	4570
1.94472	4570
1.945	4571
1.94528	4572
1.94556	4572
1.94583	4573
1.94611	4574
1.94639	4575
1.94667	4575
1.94694	4576
1.94722	4577
1.9475	4577
1.94778	4578
1.94806	4579
1.94833	4580
1.94861	4580
1.94889	4581
1.94917	4582
1.94944	4582
1.94972	4583
1.95	4584
1.95028	4584
1.95056	4585
1.95083	4586
1.95111	4587
1.95139	4587
1.95167	4588
1.95194	4589
1.95222	4589
1.9525	4590
1.95278	4591
1.95306	4591
1.95333	4592
1.95361	4593
1.95389	4594
1.95417	4594
1.95444	4595
1.95472	4596
1.955	4596
1.95528	4597
1.95556	4598
1.95583	4598
1.95611	4599
1.95639	4600
1.95667	4601
1.95694	4601
1.95722	4602
1.9575	4603
1.95778	4603
1.95806	4604
1.95833	4605
1.95861	4605
1.95889	4606
1.95917	4607
1.95944	4607
1.95972	4608
1.96	4609
1.96028	4610
1.96056	4610
1.96083	4611
1.96111	4612
1.96139	4612
1.96167	4613
1.96194	4614
1.96222	4614
1.9625	4615
1.96278	4616
1.96306	4616
1.96333	4617
1.96361	4618
1.96389	4619
1.96417	4619
1.96444	4620
1.96472	4621
1.965	4621
1.96528	4622
1.96556	4623
1.96583	4623
1.96611	4624
1.96639	4625
1.96667	4625
1.96694	4626
1.96722	4627
1.9675	4628
1.96778	4628
1.96806	4629
1.96833	4630
1.96861	4630
1.96889	4631
1.96917	4632
1.96944	4632
1.96972	4633
1.97	4634
1.97028	4634
1.97056	4635
1.97083	4636
1.97111	4636
1.97139	4637
1.97167	4638
1.97194	4638
1.97222	4639
1.9725	4640
1.97278	4640
1.97306	4641
1.97333	4642
1.97361	4642
1.97389	4643
1.97417	4644
1.97444	4645
1.97472	4645
1.975	4646
1.97528	4647
1.97556	4647
1.97583	4648
1.97611	4649
1.97639	4649
1.97667	4650
1.97694	4651
1.97722	4651
1.9775	4652
1.97778	4653
1.97806	4653
1.97833	4654
1.97861	4655
1.97889	4655
1.97917	4656
1.97944	4657
1.97972	4657
1.98	4658
1.98028	4659
1.98056	4659
1.98083	4660
1.98111	4661
1.98139	4662
1.98167	4662
1.98194	4663
1.98222	4664
1.9825	4664
1.98278	4665
1.98306	4666
1.98333	4666
1.98361	4667
1.98389	4668
1.98417	4668
1.98444	4669
1.98472	4670
1.985	4671
1.98528	4671
1.98556	4672
1.98583	4673
1.98611	4673
1.98639	4674
1.98667	4675
1.98694	4675
1.98722	4676
1.9875	4677
1.98778	4678
1.98806	4678
1.98833	4679
1.98861	4680
1.98889	4680
1.98917	4681
1.98944	4682
1.98972	4683
1.99	4683
1.99028	4684
1.99056	4685
1.99083	4685
1.99111	4686
1.99139	4687
1.99167	4688
1.99194	4688
1.99222	4689
1.9925	4690
1.99278	4690
1.99306	4691
1.99333	4692
1.99361	4693
1.99389	4693
1.99417	4694
1.99444	4695
1.99472	4695
1.995	4696
1.99528	4697
1.99556	4698
1.99583	4698
1.99611	4699
1.99639	4700
1.99667	4700
1.99694	4701
1.99722	4702
1.9975	4703
1.99778	4703
1.99806	4704
1.99833	4705
1.99861	4705
1.99889	4706
1.99917	4707
1.99944	4708
1.99972	4708
2	4710
