	5
0.000210526	4
0.000415433	3
0.000620762	3
0.000827802	3
0.00103836	3
0.0012521	3
0.00146865	3
0.0016881	3
0.00191002	3
0.00213448	3
0.00236102	3
0.00258969	3
0.00281997	3
0.00305135	3
0.0032844	3
0.00351858	3
0.00375333	3
0.00398923	3
0.00422571	3
0.00446277	3
0.00470043	3
0.00493867	3
0.00517752	3
0.00541637	3
0.00565522	3
0.00589467	3
0.00613412	3
0.00637358	3
0.00661303	3
0.00685249	3
0.00709194	3
0.00733139	3
0.00757085	3
0.00780968	3
0.00804852	3
0.00828735	3
0.00852619	3
0.00876502	3
0.00900386	3
0.00924269	3
0.00948153	3
0.00972036	3
0.0099592	3
0.010198	3
0.0104369	3
0.0106757	3
0.0109145	3
0.0111534	3
0.0113922	3
0.011631	3
0.0118699	3
0.0121094	3
0.0123488	3
0.0125883	3
0.0128278	3
0.0130673	3
0.0133068	3
0.0135463	3
0.0137857	3
0.0140252	3
0.0142647	3
0.0145042	3
0.0147444	3
0.0149845	3
0.0152247	3
0.0154648	3
0.015705	3
0.0159451	3
0.0161853	3
0.0164255	3
0.0166663	3
0.0169072	3
0.017148	3
0.0173889	3
0.0176297	3
0.0178705	3
0.0181114	3
0.018353	3
0.0185945	3
0.0188361	3
0.0190776	3
0.0193192	3
0.0195608	3
0.019803	3
0.0200453	3
0.0202876	3
0.0205299	3
0.0207722	3
0.0210145	3
0.0212575	3
0.0215005	3
0.0217436	3
0.0219866	3
0.0222296	3
0.0224727	3
0.0227165	3
0.0229603	3
0.0232041	3
0.0234479	3
0.0236917	3
0.0239362	3
0.0241808	3
0.0244254	3
0.02467	3
0.0249153	3
0.0251607	3
0.0254061	3
0.0256515	3
0.0258977	3
0.0261438	3
0.02639	3
0.026637	3
0.0268841	3
0.0271311	3
0.0273789	3
0.0276268	3
0.0278746	3
0.0281233	3
0.028372	3
0.0286216	3
0.0288712	3
0.0291216	3
0.0293721	3
0.0296234	3
0.0298748	3
0.0301261	3
0.0303784	3
0.0306316	3
0.0308847	3
0.0311388	3
0.0313929	3
0.031648	3
0.031903	3
0.032159	3
0.032416	3
0.032673	3
0.0329309	3
0.0331889	3
0.0334478	3
0.0337078	3
0.0339678	3
0.0342288	3
0.0344908	3
0.0347528	3
0.0350159	3
0.0352801	3
0.0355443	3
0.0358095	4
0.0360748	3
0.0363411	4
0.0366086	4
0.0368761	3
0.0371447	4
0.0374144	4
0.0376842	4
0.0379552	4
0.0382261	4
0.0384982	4
0.0387716	4
0.0390449	4
0.0393195	4
0.039594	4
0.0398699	4
0.040147	4
0.0404241	4
0.0407025	4
0.0409809	3
0.0412606	4
0.0415403	4
0.0418213	4
0.0421024	4
0.0423848	4
0.0426672	4
0.0429497	4
0.0432335	4
0.0435173	4
0.0438026	4
0.0440879	4
0.0443746	4
0.0446613	4
0.0449481	4
0.0452363	4
0.0455245	4
0.0458127	4
0.0461025	4
0.0463923	4
0.0466821	4
0.0469718	4
0.0472632	4
0.0475546	4
0.0478459	4
0.0481373	4
0.0484303	4
0.0487233	4
0.0490163	4
0.0493093	4
0.0496023	4
0.0498971	4
0.0501918	4
0.0504865	4
0.0507812	4
0.051076	4
0.0513707	4
0.0516672	4
0.0519637	4
0.0522602	4
0.0525568	4
0.0528533	4
0.0531498	4
0.0534463	4
0.0537428	4
0.0540394	4
0.0543359	4
0.0546343	4
0.0549328	4
0.0552313	4
0.0555297	4
0.0558282	4
0.0561266	4
0.0564251	4
0.0567235	4
0.057022	4
0.0573205	4
0.0576189	4
0.0579174	4
0.0582158	4
0.0585143	4
0.0588128	4
0.0591112	4
0.0594097	4
0.0597081	4
0.0600066	4
0.060305	4
0.0606035	4
0.060902	4
0.0612004	4
0.0614989	4
0.0617973	4
0.0620958	4
0.0623943	4
0.0626927	4
0.0629912	4
0.0632896	4
0.0635881	4
0.0638865	4
0.064185	4
0.0644835	4
0.0647819	4
0.0650804	4
0.0653788	4
0.0656773	4
0.0659758	4
0.0662742	4
0.0665727	4
0.0668711	4
0.0671696	4
0.067468	4
0.0677665	4
0.068065	4
0.0683634	4
0.0686619	4
0.0689603	4
0.0692588	4
0.0695573	4
0.0698557	4
0.0701542	4
0.0704526	4
0.0707511	4
0.0710495	4
0.071348	4
0.0716465	4
0.0719449	4
0.0722434	4
0.0725418	4
0.0728403	4
0.0731388	4
0.0734372	4
0.0737357	4
0.0740341	4
0.0743326	4
0.074631	4
0.0749295	4
0.075228	4
0.0755264	4
0.0758249	4
0.0761233	4
0.0764218	4
0.0767203	4
0.0770187	5
0.0773172	4
0.0776156	4
0.0779141	4
0.0782125	4
0.078511	4
0.0788095	4
0.0791079	4
0.0794064	4
0.0797048	4
0.0800033	4
0.0803018	4
0.0806002	4
0.0808987	4
0.0811971	4
0.0814956	4
0.081794	4
0.0820925	4
0.082391	5
0.0826894	4
0.0829879	5
0.0832863	4
0.0835848	4
0.0838833	4
0.0841817	4
0.0844802	5
0.0847786	5
0.0850771	5
0.0853755	5
0.085674	4
0.0859725	4
0.0862709	4
0.0865694	4
0.0868678	4
0.0871663	4
0.0874648	4
0.0877632	4
0.0880617	4
0.0883601	5
0.0886586	5
0.088957	4
0.0892555	4
0.089554	4
0.0898524	4
0.0901509	4
0.0904493	4
0.0907478	4
0.0910463	4
0.0913447	4
0.0916432	4
0.0919416	4
0.0922401	4
0.0925385	4
0.092837	4
0.0931355	4
0.0934339	4
0.0937324	4
0.0940308	4
0.0943293	4
0.0946278	4
0.0949262	4
0.0952247	4
0.0955231	4
0.0958216	4
0.09612	4
0.0964185	4
0.096717	4
0.0970154	4
0.0973139	4
0.0976123	4
0.0979108	4
0.0982093	4
0.0985077	4
0.0988062	4
0.0991046	4
0.0994031	4
0.0997015	4
0.1	4
0.100299	4
0.100597	4
0.100896	4
0.101194	4
0.101493	4
0.101791	4
0.10209	4
0.102388	4
0.102687	4
0.102985	4
0.103284	4
0.103582	4
0.103881	4
0.104179	4
0.104478	4
0.104776	4
0.105075	4
0.105373	4
0.105672	4
0.10597	4
0.106269	4
0.106567	4
0.106866	4
0.107164	4
0.107463	4
0.107761	4
0.10806	4
0.108358	4
0.108657	4
0.108955	4
0.109254	4
0.109552	4
0.109851	4
0.110149	4
0.110448	4
0.110746	4
0.111045	4
0.111343	4
0.111641	4
0.111938	4
0.112236	4
0.112533	4
0.112831	4
0.113128	4
0.113426	4
0.113723	4
0.114021	4
0.114318	4
0.114616	4
0.114913	4
0.115211	4
0.115507	4
0.115804	4
0.1161	4
0.116397	4
0.116693	4
0.11699	4
0.117286	4
0.117583	4
0.117879	4
0.118176	4
0.118472	4
0.118768	4
0.119064	4
0.119359	4
0.119655	4
0.11995	4
0.120245	4
0.120541	4
0.120836	4
0.121132	4
0.121427	4
0.121722	4
0.122018	4
0.122313	4
0.122608	4
0.122904	4
0.123198	4
0.123492	4
0.123787	4
0.124081	4
0.124375	4
0.124669	4
0.124964	4
0.125258	4
0.125552	4
0.125846	4
0.126141	4
0.126435	4
0.126729	4
0.127024	4
0.127318	4
0.127612	4
0.127905	4
0.128198	4
0.128491	4
0.128784	4
0.129077	4
0.12937	4
0.129664	4
0.129957	4
0.13025	4
0.130543	4
0.130836	4
0.131129	4
0.131422	4
0.131715	4
0.132008	4
0.132301	4
0.132594	4
0.132887	4
0.13318	4
0.133472	4
0.133764	4
0.134056	4
0.134347	4
0.134639	4
0.134931	4
0.135223	4
0.135515	4
0.135806	4
0.136098	4
0.13639	4
0.136682	4
0.136974	4
0.137265	4
0.137557	4
0.137849	4
0.138141	4
0.138433	4
0.138724	4
0.139016	4
0.139308	4
0.1396	4
0.139891	4
0.140182	4
0.140472	4
0.140763	4
0.141053	4
0.141343	4
0.141634	4
0.141924	4
0.142215	4
0.142505	4
0.142795	4
0.143086	4
0.143376	4
0.143666	4
0.143957	4
0.144247	4
0.144538	4
0.144828	4
0.145118	4
0.145409	4
0.145699	4
0.145989	4
0.14628	4
0.14657	4
0.146861	4
0.147151	4
0.147441	4
0.147732	4
0.148022	4
0.148312	4
0.148603	4
0.148892	4
0.14918	4
0.149469	4
0.149758	4
0.150047	4
0.150335	4
0.150624	4
0.150913	4
0.151202	4
0.15149	4
0.151779	4
0.152068	4
0.152357	4
0.152645	4
0.152934	4
0.153223	4
0.153512	4
0.1538	4
0.154089	4
0.154378	4
0.154667	4
0.154955	4
0.155244	4
0.155533	4
0.155822	4
0.15611	4
0.156399	4
0.156688	4
0.156977	4
0.157265	4
0.157554	4
0.157843	4
0.158132	4
0.15842	4
0.158709	4
0.158998	4
0.159285	3
0.159571	4
0.159858	4
0.160145	4
0.160431	4
0.160718	4
0.161005	4
0.161292	4
0.161578	4
0.161865	4
0.162152	4
0.162439	4
0.162725	4
0.163012	4
0.163299	4
0.163585	4
0.163872	4
0.164159	4
0.164446	4
0.164732	4
0.165019	4
0.165306	4
0.165593	4
0.165879	4
0.166166	4
0.166453	3
0.166739	4
0.167026	4
0.167313	4
0.1676	4
0.167886	4
0.168173	4
0.16846	4
0.168747	4
0.169033	4
0.16932	3
0.169607	4
0.169893	4
0.17018	4
0.170467	4
0.170754	4
0.17104	4
0.171327	4
0.171614	4
0.171901	4
0.172187	4
0.172474	4
0.172761	4
0.173047	4
0.173334	4
0.173621	4
0.173905	3
0.174188	3
0.174472	3
0.174756	3
0.175039	3
0.175323	3
0.175606	3
0.17589	4
0.176174	3
0.176457	4
0.176741	3
0.177025	3
0.177308	3
0.177592	4
0.177876	3
0.178159	4
0.178443	3
0.178727	4
0.17901	3
0.179294	4
0.179578	3
0.179861	4
0.180145	3
0.180428	4
0.180712	3
0.180996	3
0.181279	3
0.181563	3
0.181847	3
0.18213	3
0.182414	3
0.182698	3
0.182981	3
0.183265	3
0.183549	3
0.183832	3
0.184116	3
0.184399	3
0.184683	3
0.184967	3
0.18525	3
0.185534	3
0.185818	3
0.186101	3
0.186385	3
0.186669	3
0.186952	3
0.187236	3
0.18752	3
0.187803	3
0.188087	3
0.188371	3
0.188654	3
0.188938	3
0.189221	3
0.189505	3
0.189789	3
0.190072	3
0.190356	3
0.19064	3
0.190923	3
0.191207	3
0.191491	3
0.191774	3
0.192058	3
0.192342	3
0.192625	3
0.192909	3
0.193193	3
0.193476	3
0.19376	3
0.194043	3
0.194327	3
0.194611	3
0.194894	3
0.195178	3
0.195462	3
0.195745	3
0.196029	3
0.196313	3
0.196596	3
0.19688	3
0.197164	3
0.197447	3
0.197731	3
0.198014	3
0.198298	3
0.198582	3
0.198865	3
0.199149	3
0.199433	3
0.199716	3
0.2	3
0.200283	3
0.200567	3
0.20085	3
0.201133	3
0.201416	3
0.2017	3
0.201983	3
0.202266	3
0.20255	3
0.202833	3
0.203116	3
0.203399	3
0.203683	3
0.203966	3
0.204249	3
0.204533	3
0.204816	3
0.205099	3
0.205382	3
0.205666	3
0.205949	3
0.206231	3
0.206514	3
0.206796	3
0.207079	3
0.207361	3
0.207644	3
0.207926	3
0.208208	3
0.208491	3
0.208773	3
0.209056	3
0.209338	3
0.209621	3
0.209903	3
0.210186	3
0.210468	3
0.21075	3
0.211033	3
0.211315	3
0.211598	3
0.21188	3
0.212163	3
0.212445	3
0.212727	3
0.21301	3
0.213292	3
0.213575	3
0.213857	3
0.21414	3
0.214422	3
0.214705	3
0.214987	3
0.215269	3
0.215552	3
0.215834	3
0.216117	3
0.216399	3
0.216681	3
0.216962	3
0.217244	3
0.217525	3
0.217807	3
0.218088	3
0.21837	3
0.218651	3
0.218932	3
0.219214	3
0.219495	3
0.219777	3
0.220058	3
0.22034	3
0.220621	3
0.220903	3
0.221184	3
0.221466	3
0.221747	3
0.222029	3
0.22231	3
0.222592	3
0.222873	3
0.223155	3
0.223436	3
0.223718	3
0.223999	3
0.224281	3
0.224562	3
0.224844	3
0.225125	3
0.225407	3
0.225688	3
0.22597	3
0.226251	3
0.226533	3
0.226814	3
0.227096	3
0.227377	3
0.227658	3
0.22794	3
0.228221	3
0.228503	3
0.228784	3
0.229066	3
0.229347	3
0.229629	3
0.22991	3
0.230191	3
0.230471	3
0.230751	3
0.231032	3
0.231312	3
0.231593	3
0.231873	3
0.232153	3
0.232434	3
0.232714	3
0.232994	3
0.233275	3
0.233555	3
0.233835	3
0.234116	3
0.234396	3
0.234676	3
0.234957	3
0.235237	3
0.235518	3
0.235798	3
0.236078	3
0.236359	3
0.236639	3
0.236919	3
0.2372	3
0.23748	3
0.23776	3
0.238041	3
0.238321	3
0.238601	3
0.238882	3
0.239162	3
0.239443	3
0.239723	3
0.240003	3
0.240284	3
0.240564	3
0.240844	3
0.241125	3
0.241405	3
0.241685	3
0.241966	3
0.242246	3
0.242527	3
0.242807	3
0.243087	3
0.243368	3
0.243648	3
0.243928	3
0.244209	3
0.244489	3
0.244769	3
0.24505	3
0.24533	3
0.24561	3
0.245891	3
0.246171	3
0.246452	3
0.246732	3
0.247012	3
0.247293	3
0.247573	3
0.247853	3
0.248134	3
0.248414	3
0.248694	3
0.248975	3
0.249255	3
0.249534	3
0.249813	3
0.250092	3
0.25037	3
0.250649	3
0.250928	3
0.251207	3
0.251486	3
0.251764	3
0.252043	3
0.252322	3
0.252601	3
0.25288	3
0.253159	3
0.253437	3
0.253716	3
0.253995	3
0.254274	3
0.254553	3
0.254831	3
0.25511	3
0.255389	3
0.255668	3
0.255947	3
0.256226	3
0.256504	3
0.256783	3
0.257062	3
0.257341	3
0.25762	3
0.257898	3
0.258177	3
0.258456	3
0.258735	3
0.259014	3
0.259293	3
0.259571	3
0.25985	3
0.260129	3
0.260408	3
0.260687	3
0.260965	3
0.261244	3
0.261523	3
0.261802	3
0.262081	3
0.26236	3
0.262638	3
0.262917	3
0.263196	3
0.263475	3
0.263754	3
0.264032	3
0.264311	3
0.26459	3
0.264869	3
0.265148	3
0.265427	3
0.265705	3
0.265984	3
0.266263	3
0.266542	3
0.266821	3
0.267099	3
0.267378	3
0.267657	3
0.267936	3
0.268215	3
0.268494	3
0.268772	3
0.269051	3
0.26933	3
0.269609	3
0.269888	3
0.270166	3
0.270445	3
0.270724	3
0.271003	3
0.271282	3
0.271561	3
0.271839	3
0.272118	3
0.272397	3
0.272676	3
0.272955	3
0.273233	3
0.273512	3
0.273791	3
0.27407	3
0.274349	3
0.274628	3
0.274906	3
0.275185	3
0.275464	3
0.275743	3
0.276022	3
0.2763	3
0.276579	3
0.276858	3
0.277137	3
0.277416	3
0.277695	3
0.277973	3
0.278252	3
0.278531	3
0.27881	3
0.279089	3
0.279367	3
0.279646	3
0.279925	3
0.280204	3
0.280483	3
0.280762	3
0.28104	3
0.281319	3
0.281598	3
0.281877	3
0.282156	3
0.282434	3
0.282713	3
0.282992	3
0.283271	3
0.28355	3
0.283829	3
0.284107	3
0.284386	3
0.284665	3
0.284944	3
0.285223	3
0.285501	3
0.28578	3
0.286059	3
0.286338	3
0.286617	3
0.286896	3
0.287174	3
0.287453	3
0.287726	3
0.287999	3
0.288271	3
0.288544	3
0.288817	3
0.28909	3
0.289362	3
0.289635	3
0.289908	3
0.290181	3
0.290454	3
0.290726	3
0.290999	3
0.291272	3
0.291545	3
0.291817	3
0.29209	3
0.292363	3
0.292636	3
0.292908	3
0.293181	3
0.293454	3
0.293727	3
0.293999	3
0.294272	3
0.294545	3
0.294818	3
0.29509	3
0.295363	3
0.295636	3
0.295909	3
0.296181	3
0.296454	3
0.296727	3
0.297	3
0.297272	3
0.297545	3
0.297818	3
0.298091	3
0.298363	3
0.298636	3
0.298909	3
0.299182	3
0.299454	3
0.299727	3
0.3	3
0.300278	3
0.300556	3
0.300833	3
0.301111	3
0.301389	3
0.301667	3
0.301944	3
0.302222	3
0.3025	3
0.302778	3
0.303056	3
0.303333	3
0.303611	3
0.303889	3
0.304167	3
0.304444	3
0.304722	3
0.305	3
0.305278	3
0.305556	3
0.305833	3
0.306111	3
0.306389	3
0.306667	3
0.306944	3
0.307222	3
0.3075	3
0.307778	3
0.308056	3
0.308333	3
0.308611	3
0.308889	3
0.309167	3
0.309444	3
0.309722	3
0.31	3
0.310278	3
0.310556	3
0.310833	3
0.311111	3
0.311389	3
0.311667	3
0.311944	3
0.312222	3
0.3125	3
0.312778	3
0.313056	3
0.313333	3
0.313611	3
0.313889	3
0.314167	3
0.314444	3
0.314722	3
0.315	3
0.315278	3
0.315556	3
0.315833	3
0.316111	3
0.316389	3
0.316667	3
0.316944	3
0.317222	3
0.3175	3
0.317778	3
0.318056	3
0.318333	3
0.318611	3
0.318889	3
0.319167	3
0.319444	3
0.319722	3
0.32	3
0.320278	3
0.320556	3
0.320833	3
0.321111	3
0.321389	3
0.321667	3
0.321944	3
0.322222	3
0.3225	3
0.322778	3
0.323056	3
0.323333	3
0.323611	3
0.323889	3
0.324167	3
0.324444	3
0.324722	3
0.325	3
0.325278	3
0.325556	3
0.325832	3
0.326109	3
0.326386	3
0.326663	3
0.326939	3
0.327216	3
0.327493	3
0.32777	3
0.328046	3
0.328323	3
0.3286	3
0.328876	3
0.329153	3
0.32943	3
0.329707	3
0.329983	3
0.33026	3
0.330537	3
0.330814	3
0.33109	3
0.331367	3
0.331644	3
0.331921	3
0.332197	3
0.332474	3
0.332751	3
0.333028	3
0.333304	3
0.333581	3
0.333858	3
0.334135	3
0.334411	3
0.334688	3
0.334965	3
0.335242	3
0.335518	3
0.335795	3
0.336072	3
0.336349	3
0.336625	3
0.336902	3
0.337179	3
0.337456	3
0.337732	3
0.338009	3
0.338286	3
0.338563	3
0.338839	3
0.339116	3
0.339393	3
0.33967	3
0.339946	3
0.340223	3
0.3405	3
0.340777	3
0.341053	3
0.34133	3
0.341607	3
0.341884	3
0.34216	3
0.342437	3
0.342714	3
0.34299	3
0.343267	3
0.343544	3
0.343821	3
0.344097	3
0.344374	3
0.344651	3
0.344928	3
0.345204	3
0.345481	3
0.345758	3
0.346035	3
0.346311	3
0.346588	3
0.346865	3
0.347142	3
0.347418	3
0.347695	3
0.347972	3
0.348249	3
0.348525	3
0.348802	3
0.349079	3
0.349356	3
0.349632	3
0.349909	3
0.350186	3
0.350463	3
0.350739	3
0.351016	3
0.351293	3
0.35157	3
0.351846	3
0.352123	3
0.3524	3
0.352677	3
0.352953	3
0.35323	3
0.353507	3
0.353784	3
0.35406	3
0.354337	3
0.354614	3
0.354891	3
0.355167	3
0.355444	3
0.355721	3
0.355998	3
0.356274	3
0.356551	3
0.356828	3
0.357105	3
0.357381	3
0.357658	3
0.357935	3
0.358211	3
0.358488	3
0.358765	3
0.359042	3
0.359318	3
0.359595	3
0.359872	3
0.360149	3
0.360425	3
0.360702	3
0.360979	3
0.361256	3
0.361532	3
0.361809	3
0.362086	3
0.362363	3
0.362639	3
0.362916	3
0.363193	3
0.36347	3
0.363746	3
0.364023	3
0.3643	3
0.364577	3
0.364853	3
0.36513	3
0.365407	3
0.365684	3
0.36596	3
0.366237	3
0.366514	3
0.366791	3
0.367067	3
0.367344	3
0.367621	3
0.367898	3
0.368174	3
0.368451	3
0.368728	3
0.369005	3
0.369281	3
0.369558	3
0.369835	3
0.370112	3
0.370388	3
0.370665	3
0.370942	3
0.371219	3
0.371495	3
0.371769	3
0.372043	3
0.372318	3
0.372592	3
0.372866	3
0.37314	3
0.373414	3
0.373688	3
0.373962	3
0.374236	3
0.37451	3
0.374784	3
0.375058	3
0.375332	3
0.375607	3
0.375881	3
0.376155	3
0.376429	3
0.376703	3
0.376977	3
0.377251	3
0.377525	3
0.377799	3
0.378073	3
0.378347	3
0.378621	3
0.378896	3
0.37917	3
0.379444	3
0.379718	3
0.379992	3
0.380266	3
0.38054	3
0.380814	3
0.381088	3
0.381362	3
0.381636	3
0.38191	3
0.382185	3
0.382459	3
0.382733	3
0.383007	3
0.383281	3
0.383555	3
0.383829	3
0.384103	3
0.384377	3
0.384651	3
0.384925	3
0.385199	3
0.385474	3
0.385748	3
0.386022	3
0.386296	3
0.38657	3
0.386844	3
0.387118	3
0.387392	3
0.387666	3
0.38794	3
0.388214	3
0.388488	3
0.388763	3
0.389037	3
0.389311	3
0.389585	3
0.389859	3
0.390133	3
0.390407	3
0.390681	3
0.390955	3
0.391229	3
0.391503	3
0.391777	3
0.392052	3
0.392326	3
0.3926	3
0.392874	3
0.393148	3
0.393422	3
0.393696	3
0.39397	3
0.394244	3
0.394518	3
0.394792	3
0.395066	3
0.395341	3
0.395615	3
0.395889	3
0.396163	3
0.396437	3
0.396711	3
0.396985	3
0.397259	3
0.397533	3
0.397807	3
0.398081	3
0.398355	3
0.39863	3
0.398904	3
0.399178	3
0.399452	3
0.399726	3
0.4	3
0.400275	3
0.400551	3
0.400826	3
0.401102	3
0.401377	3
0.401653	3
0.401928	3
0.402204	3
0.402479	3
0.402755	3
0.40303	3
0.403306	3
0.403581	3
0.403857	3
0.404132	3
0.404408	3
0.404683	3
0.404959	3
0.405234	3
0.40551	3
0.405785	3
0.406061	3
0.406336	3
0.406612	3
0.406887	3
0.407163	3
0.407438	3
0.407713	3
0.407987	3
0.408262	3
0.408537	3
0.408811	3
0.409086	3
0.409361	3
0.409635	3
0.40991	3
0.410185	3
0.410459	3
0.410734	3
0.411009	3
0.411283	3
0.411558	3
0.411833	3
0.412107	3
0.412382	3
0.412657	3
0.412931	3
0.413206	3
0.413481	3
0.413755	3
0.41403	3
0.414305	3
0.414579	3
0.414854	3
0.415129	3
0.415403	3
0.415678	3
0.415953	3
0.416227	3
0.416502	3
0.416777	3
0.417051	3
0.417326	3
0.417601	3
0.417875	3
0.41815	3
0.418425	3
0.418699	3
0.418974	3
0.419249	3
0.419523	3
0.419798	3
0.420073	3
0.420347	3
0.420622	3
0.420897	3
0.421171	3
0.421446	3
0.421721	3
0.421995	3
0.42227	3
0.422545	3
0.422819	3
0.423094	3
0.423369	3
0.423643	3
0.423918	3
0.424193	3
0.424467	3
0.424742	3
0.425017	3
0.425291	3
0.425566	3
0.42584	3
0.426113	3
0.426387	3
0.426661	3
0.426934	3
0.427208	3
0.427481	3
0.427755	3
0.428029	3
0.428302	3
0.428576	3
0.42885	3
0.429123	3
0.429397	3
0.429671	3
0.429944	3
0.430218	3
0.430492	3
0.430765	3
0.431039	3
0.431313	3
0.431586	3
0.43186	3
0.432134	3
0.432407	3
0.432681	3
0.432955	3
0.433228	3
0.433502	3
0.433776	3
0.434049	3
0.434323	3
0.434596	3
0.43487	3
0.435144	3
0.435417	3
0.435691	3
0.435965	3
0.436238	3
0.436512	3
0.436786	3
0.437059	3
0.437333	3
0.437607	3
0.43788	3
0.438154	3
0.438428	3
0.438701	3
0.438975	3
0.439249	3
0.439522	3
0.439796	3
0.44007	3
0.440343	3
0.440617	3
0.440891	3
0.441164	3
0.441438	3
0.441712	3
0.441985	3
0.442259	3
0.442532	3
0.442806	3
0.44308	3
0.443353	3
0.443627	3
0.443901	3
0.444174	3
0.444448	3
0.444722	3
0.444995	3
0.445269	3
0.445543	3
0.445816	3
0.44609	3
0.446364	3
0.446637	3
0.446911	3
0.447185	3
0.447458	3
0.447732	3
0.448006	3
0.448279	3
0.448553	3
0.448827	3
0.4491	3
0.449374	3
0.449648	3
0.449921	3
0.450195	3
0.450468	3
0.450742	3
0.451016	3
0.451289	3
0.451563	3
0.451837	3
0.45211	3
0.452384	3
0.452658	3
0.452931	3
0.453205	3
0.453479	3
0.453752	3
0.454026	3
0.4543	3
0.454573	3
0.454847	3
0.455121	3
0.455394	3
0.455668	3
0.455942	3
0.456215	3
0.456489	3
0.456763	3
0.457036	3
0.45731	3
0.457583	3
0.457857	3
0.458131	3
0.458404	3
0.458678	3
0.458952	3
0.459225	3
0.459499	3
0.459773	3
0.460046	3
0.46032	3
0.460594	3
0.460867	3
0.461141	3
0.461415	3
0.461688	3
0.461962	3
0.462236	3
0.462509	3
0.462783	3
0.463057	3
0.46333	3
0.463604	3
0.463878	3
0.464151	3
0.464425	3
0.464699	3
0.464972	3
0.465246	3
0.465519	3
0.465793	3
0.466067	3
0.46634	3
0.466614	3
0.466888	3
0.467161	3
0.467435	3
0.467709	3
0.467982	3
0.468256	3
0.46853	3
0.468803	3
0.469077	3
0.469351	3
0.469624	3
0.469898	3
0.470172	3
0.470445	3
0.470719	3
0.470993	3
0.471266	3
0.47154	3
0.471814	3
0.472087	3
0.472361	3
0.472635	3
0.472908	3
0.473182	3
0.473455	3
0.473729	3
0.474003	3
0.474276	3
0.47455	3
0.474824	3
0.475097	3
0.475371	3
0.475645	3
0.475918	3
0.476192	3
0.476466	3
0.476739	3
0.477013	3
0.477287	3
0.47756	3
0.477834	3
0.478108	3
0.478381	3
0.478655	3
0.478929	3
0.479202	3
0.479476	3
0.47975	3
0.480023	3
0.480297	3
0.480571	3
0.480844	3
0.481118	3
0.481391	3
0.481665	3
0.481939	3
0.482212	3
0.482486	3
0.48276	3
0.483033	3
0.483307	3
0.483581	3
0.483854	3
0.484128	3
0.484402	3
0.484675	3
0.484949	3
0.485223	3
0.485496	3
0.48577	3
0.486044	3
0.486317	3
0.486591	3
0.486865	3
0.487138	3
0.487412	3
0.487686	3
0.487959	3
0.488233	3
0.488506	3
0.48878	3
0.489054	3
0.489327	3
0.489601	3
0.489875	3
0.490148	3
0.490422	3
0.490696	3
0.490969	3
0.491243	3
0.491517	3
0.49179	3
0.492064	3
0.492338	3
0.492611	3
0.492885	3
0.493159	3
0.493432	3
0.493706	3
0.49398	3
0.494253	3
0.494527	3
0.494801	3
0.495074	3
0.495348	3
0.495622	3
0.495895	3
0.496169	3
0.496442	3
0.496716	3
0.49699	3
0.497263	3
0.497537	3
0.497811	3
0.498084	3
0.498358	3
0.498632	3
0.498905	3
0.499179	3
0.499453	3
0.499726	3
0.5	3
0.500278	2
0.500556	3
0.500833	3
0.501111	3
0.501389	3
0.501667	3
0.501946	3
0.502225	3
0.502503	3
0.502782	3
0.50306	3
0.503339	3
0.503617	3
0.503896	3
0.504175	3
0.504453	3
0.504732	3
0.50501	3
0.505289	3
0.505567	3
0.505846	3
0.506124	3
0.506403	3
0.506682	3
0.50696	3
0.507239	3
0.507517	3
0.507796	3
0.508075	3
0.508355	3
0.508634	3
0.508913	3
0.509193	3
0.509472	3
0.509752	3
0.510031	3
0.51031	3
0.51059	3
0.510869	3
0.511149	3
0.511428	3
0.511708	3
0.511987	3
0.512266	3
0.512546	3
0.512825	3
0.513105	3
0.513384	3
0.513663	3
0.513943	3
0.514222	3
0.514502	3
0.514781	3
0.515061	3
0.515342	3
0.515622	3
0.515902	3
0.516183	3
0.516463	3
0.516743	3
0.517024	3
0.517304	3
0.517584	3
0.517865	3
0.518145	3
0.518425	3
0.518706	3
0.518986	3
0.519266	3
0.519547	3
0.519827	3
0.520107	3
0.520388	3
0.520668	3
0.520948	3
0.521228	3
0.521509	3
0.521789	3
0.522069	3
0.52235	3
0.52263	3
0.52291	3
0.523191	3
0.523471	3
0.523752	3
0.524034	3
0.524315	3
0.524597	3
0.524878	3
0.525159	3
0.525441	3
0.525722	3
0.526003	3
0.526285	3
0.526566	3
0.526847	3
0.527129	3
0.52741	3
0.527691	3
0.527973	3
0.528254	3
0.528535	3
0.528817	3
0.529098	3
0.52938	3
0.529661	3
0.529942	3
0.530224	3
0.530505	3
0.530786	3
0.531068	3
0.531349	3
0.53163	3
0.531912	3
0.532193	3
0.532474	3
0.532756	3
0.533037	3
0.533319	3
0.5336	3
0.533881	3
0.534163	3
0.534444	3
0.534725	3
0.535007	3
0.535288	3
0.535569	3
0.535851	3
0.536132	3
0.536415	2
0.536697	3
0.53698	3
0.537263	3
0.537545	3
0.537828	3
0.53811	3
0.538393	3
0.538676	3
0.538958	3
0.539241	3
0.539523	3
0.539806	3
0.540089	3
0.540371	3
0.540654	3
0.540936	3
0.541219	3
0.541502	3
0.541784	3
0.542067	3
0.542349	3
0.542632	3
0.542915	3
0.543197	3
0.54348	3
0.543762	3
0.544045	3
0.544328	3
0.54461	3
0.544893	3
0.545175	3
0.545458	3
0.545741	3
0.546023	3
0.546306	3
0.546588	3
0.546871	3
0.547154	3
0.547436	3
0.547719	3
0.548001	3
0.548284	3
0.548567	3
0.548849	3
0.549132	3
0.549414	3
0.549697	3
0.54998	3
0.550262	3
0.550545	3
0.550827	3
0.55111	3
0.551393	3
0.551675	3
0.551958	3
0.55224	3
0.552523	3
0.552806	3
0.553088	3
0.553371	3
0.553653	3
0.553936	3
0.554219	3
0.554501	3
0.554784	3
0.555066	3
0.555349	3
0.555632	3
0.555914	3
0.556197	3
0.556479	3
0.556762	3
0.557045	3
0.557327	3
0.55761	3
0.557892	3
0.558175	3
0.558458	3
0.55874	3
0.559023	3
0.559305	3
0.559588	3
0.559871	3
0.560153	3
0.560436	3
0.560718	3
0.561001	3
0.561284	3
0.561566	3
0.561849	3
0.562131	3
0.562414	3
0.562697	3
0.562979	3
0.563262	3
0.563544	3
0.563827	3
0.56411	3
0.564392	3
0.564675	3
0.564957	3
0.56524	3
0.565523	3
0.565805	3
0.566088	3
0.56637	3
0.566653	3
0.566936	3
0.567218	3
0.567501	3
0.567783	3
0.568066	3
0.568349	3
0.568631	3
0.568914	3
0.569196	3
0.569479	3
0.569762	3
0.570044	3
0.570327	3
0.570609	3
0.570892	3
0.571175	3
0.571457	3
0.57174	3
0.572022	3
0.572305	3
0.572588	3
0.57287	3
0.573153	3
0.573435	3
0.573718	3
0.574001	3
0.574283	3
0.574566	3
0.574848	3
0.575131	3
0.575414	3
0.575696	3
0.575979	3
0.576261	3
0.576544	3
0.576827	3
0.577109	3
0.577392	3
0.577675	3
0.577957	3
0.57824	3
0.578522	3
0.578805	3
0.579088	3
0.57937	3
0.579653	3
0.579935	3
0.580218	3
0.580501	3
0.580783	3
0.581066	3
0.581348	3
0.581631	3
0.581914	3
0.582196	3
0.582479	3
0.582761	3
0.583044	3
0.583327	3
0.583609	3
0.583892	3
0.584174	3
0.584457	3
0.58474	3
0.585022	3
0.585305	3
0.585587	3
0.58587	3
0.586153	3
0.586435	3
0.586718	3
0.587	3
0.587283	3
0.587566	3
0.587848	3
0.588131	3
0.588413	3
0.588696	3
0.588979	3
0.589261	3
0.589544	3
0.589826	3
0.590109	3
0.590392	3
0.590674	3
0.590957	3
0.591239	3
0.591522	3
0.591805	3
0.592087	3
0.59237	3
0.592652	3
0.592935	3
0.593218	3
0.5935	3
0.593783	3
0.594065	3
0.594348	3
0.594631	3
0.594913	3
0.595196	3
0.595478	3
0.595761	3
0.596044	3
0.596326	3
0.596609	3
0.596891	3
0.597174	3
0.597457	3
0.597739	3
0.598022	3
0.598304	3
0.598587	3
0.59887	3
0.599152	3
0.599435	3
0.599717	3
0.6	3
0.600285	2
0.60057	3
0.600855	3
0.60114	3
0.601425	3
0.601709	3
0.601994	3
0.602279	3
0.602564	3
0.602849	3
0.603134	3
0.603419	3
0.603704	3
0.603989	3
0.604274	3
0.604558	3
0.604843	3
0.605128	3
0.605413	3
0.605698	3
0.605983	3
0.606268	3
0.606553	3
0.606838	3
0.607123	3
0.607407	3
0.607692	3
0.607977	3
0.608262	3
0.608547	3
0.608832	3
0.609117	3
0.609402	3
0.609687	3
0.609972	3
0.610256	3
0.610541	3
0.610826	3
0.611111	3
0.611396	3
0.611681	3
0.611966	3
0.612251	3
0.612536	3
0.612821	3
0.613105	3
0.61339	3
0.613675	3
0.61396	3
0.614245	3
0.61453	3
0.614815	3
0.6151	3
0.615385	3
0.61567	3
0.615954	3
0.616239	3
0.616524	3
0.616809	3
0.617094	3
0.617379	3
0.617664	3
0.617949	3
0.618234	3
0.618519	3
0.618803	3
0.619088	3
0.619373	3
0.619658	3
0.619943	3
0.620228	3
0.620513	3
0.620798	3
0.621083	3
0.621368	3
0.621652	3
0.621937	3
0.622222	3
0.622507	3
0.622792	3
0.623077	3
0.623362	3
0.623647	3
0.623932	3
0.624217	3
0.624501	3
0.624786	3
0.62507	3
0.625354	3
0.625638	3
0.625922	3
0.626205	3
0.626489	3
0.626773	3
0.627057	3
0.627341	3
0.627625	3
0.627908	3
0.628192	3
0.628476	3
0.62876	3
0.629044	3
0.629328	3
0.629611	3
0.629895	3
0.630179	3
0.630463	3
0.630747	3
0.63103	3
0.631314	3
0.631598	3
0.631882	3
0.632166	3
0.63245	3
0.632733	3
0.633017	3
0.633301	3
0.633585	3
0.633869	3
0.634153	3
0.634436	3
0.63472	3
0.635004	3
0.635288	3
0.635572	3
0.635856	3
0.636139	3
0.636423	3
0.636707	3
0.636991	3
0.637275	3
0.637558	3
0.637842	3
0.638126	3
0.63841	3
0.638694	3
0.638978	3
0.639261	3
0.639545	3
0.639829	3
0.640113	3
0.640397	3
0.640681	3
0.640964	3
0.641248	3
0.641532	3
0.641816	3
0.6421	3
0.642383	3
0.642667	3
0.642951	3
0.643235	3
0.643519	3
0.643803	3
0.644086	3
0.64437	3
0.644654	3
0.644938	3
0.645222	3
0.645506	3
0.645789	3
0.646073	3
0.646357	3
0.646641	3
0.646925	3
0.647209	3
0.647492	3
0.647775	3
0.648057	3
0.648339	3
0.648622	3
0.648904	3
0.649186	3
0.649468	3
0.649751	3
0.650033	3
0.650315	3
0.650598	3
0.65088	3
0.651162	3
0.651445	3
0.651727	3
0.652009	3
0.652291	3
0.652574	3
0.652856	3
0.653138	3
0.653421	3
0.653703	3
0.653985	3
0.654268	3
0.65455	3
0.654832	3
0.655114	3
0.655397	3
0.655679	3
0.655961	3
0.656244	3
0.656526	3
0.656808	3
0.657091	3
0.657373	3
0.657655	3
0.657937	3
0.65822	3
0.658502	3
0.658784	3
0.659067	3
0.659349	3
0.659631	3
0.659914	3
0.660196	3
0.660478	3
0.66076	3
0.661043	3
0.661325	3
0.661607	3
0.66189	3
0.662172	3
0.662454	3
0.662736	3
0.663019	3
0.663301	3
0.663583	3
0.663866	3
0.664148	3
0.66443	3
0.664713	3
0.664995	3
0.665277	3
0.665559	3
0.665842	3
0.666124	3
0.666406	3
0.666689	3
0.666971	3
0.667253	3
0.667536	3
0.667818	3
0.6681	3
0.668382	3
0.668665	3
0.668947	3
0.669229	3
0.669512	3
0.669794	3
0.670076	3
0.670359	3
0.670641	3
0.670923	3
0.671205	3
0.671488	3
0.67177	3
0.672052	3
0.672335	3
0.672617	3
0.672899	3
0.673182	3
0.673464	3
0.673746	3
0.674028	3
0.674311	3
0.674593	3
0.674875	3
0.675158	3
0.67544	3
0.675722	3
0.676005	3
0.676287	3
0.676569	3
0.676851	3
0.677134	3
0.677416	3
0.677698	3
0.677981	3
0.678263	3
0.678545	3
0.678828	3
0.67911	3
0.679392	3
0.679674	3
0.679957	3
0.680239	3
0.680521	3
0.680804	3
0.681086	3
0.681368	3
0.681651	3
0.681933	3
0.682215	3
0.682497	3
0.68278	3
0.683062	3
0.683344	3
0.683627	3
0.683909	3
0.684191	3
0.684474	3
0.684756	3
0.685038	3
0.68532	3
0.685603	3
0.685885	3
0.686167	3
0.68645	3
0.686732	3
0.687014	3
0.687297	3
0.687579	3
0.687861	3
0.688143	3
0.688426	3
0.688708	3
0.68899	3
0.689273	3
0.689555	3
0.689837	3
0.69012	3
0.690402	3
0.690684	3
0.690966	3
0.691249	3
0.691531	3
0.691813	3
0.692096	3
0.692378	3
0.69266	3
0.692943	3
0.693225	3
0.693507	3
0.693789	3
0.694072	3
0.694354	3
0.694636	3
0.694919	3
0.695201	3
0.695483	3
0.695766	3
0.696048	3
0.69633	3
0.696612	3
0.696895	3
0.697177	3
0.697459	3
0.697742	3
0.698024	3
0.698306	3
0.698589	3
0.698871	3
0.699153	3
0.699435	3
0.699718	3
0.7	3
0.700283	3
0.700567	3
0.70085	3
0.701133	3
0.701416	3
0.7017	3
0.701983	3
0.702266	3
0.70255	3
0.702833	3
0.703116	3
0.703399	3
0.703683	3
0.703966	3
0.704249	3
0.704533	3
0.704816	3
0.705099	3
0.705382	3
0.705666	3
0.705949	3
0.706232	3
0.706516	3
0.706799	3
0.707082	3
0.707365	3
0.707649	3
0.707932	3
0.708215	3
0.708499	3
0.708782	3
0.709065	3
0.709348	3
0.709632	3
0.709915	3
0.710198	3
0.710482	3
0.710765	3
0.711048	3
0.711331	3
0.711615	3
0.711898	3
0.712181	3
0.712465	3
0.712748	3
0.713031	3
0.713314	3
0.713598	3
0.713881	3
0.714164	3
0.714448	3
0.714731	3
0.715014	3
0.715297	3
0.715581	3
0.715864	3
0.716147	3
0.716431	3
0.716714	3
0.716997	3
0.71728	3
0.717564	3
0.717847	3
0.71813	3
0.718414	3
0.718697	3
0.71898	3
0.719263	3
0.719547	3
0.71983	3
0.720113	3
0.720397	3
0.72068	3
0.720963	3
0.721246	3
0.72153	3
0.721813	3
0.722096	3
0.72238	3
0.722663	3
0.722946	3
0.723229	3
0.723513	3
0.723796	3
0.724079	3
0.724363	3
0.724646	3
0.724929	3
0.725212	3
0.725496	3
0.725779	3
0.726062	3
0.726346	3
0.726629	3
0.726912	3
0.727195	3
0.727479	3
0.727762	3
0.728045	3
0.728329	3
0.728612	3
0.728895	3
0.729178	3
0.729462	3
0.729745	3
0.730028	3
0.730312	3
0.730595	3
0.730878	3
0.731161	3
0.731445	3
0.731728	3
0.732011	3
0.732295	3
0.732578	3
0.732861	3
0.733144	3
0.733428	3
0.733711	3
0.733994	3
0.734278	3
0.734561	3
0.734844	3
0.735127	3
0.735411	3
0.735694	3
0.735977	3
0.736261	3
0.736544	3
0.736827	3
0.73711	3
0.737394	3
0.737677	3
0.73796	3
0.738244	3
0.738527	3
0.73881	3
0.739093	3
0.739377	3
0.73966	3
0.739943	3
0.740227	3
0.74051	3
0.740793	3
0.741076	3
0.74136	3
0.741643	3
0.741926	3
0.74221	3
0.742493	3
0.742776	3
0.743059	3
0.743343	3
0.743626	3
0.743909	3
0.744193	3
0.744476	3
0.744759	3
0.745042	3
0.745326	3
0.745609	3
0.745892	3
0.746176	3
0.746459	3
0.746742	3
0.747025	3
0.747309	3
0.747592	3
0.747875	3
0.748159	3
0.748442	3
0.748725	3
0.749008	3
0.749292	3
0.749575	3
0.749858	3
0.750142	3
0.750425	3
0.750708	3
0.750992	3
0.751275	3
0.751558	3
0.751841	3
0.752125	3
0.752408	3
0.752691	3
0.752975	3
0.753258	3
0.753541	3
0.753824	3
0.754108	3
0.754391	3
0.754674	3
0.754958	3
0.755241	3
0.755524	3
0.755807	3
0.756091	3
0.756374	3
0.756657	3
0.756941	3
0.757224	3
0.757507	3
0.75779	3
0.758074	3
0.758357	3
0.75864	3
0.758924	3
0.759207	3
0.75949	3
0.759773	3
0.760057	3
0.76034	3
0.760623	3
0.760907	3
0.76119	3
0.761473	3
0.761756	3
0.76204	3
0.762323	3
0.762606	3
0.76289	3
0.763173	3
0.763456	3
0.763739	3
0.764023	3
0.764306	3
0.764589	3
0.764873	3
0.765156	3
0.765439	3
0.765722	3
0.766006	3
0.766289	3
0.766572	3
0.766856	3
0.767139	3
0.767422	3
0.767705	3
0.767989	3
0.768272	3
0.768555	3
0.768839	3
0.769122	3
0.769405	3
0.769688	3
0.769972	3
0.770255	3
0.770538	3
0.770822	3
0.771105	3
0.771388	3
0.771671	3
0.771955	3
0.772238	3
0.772521	3
0.772805	3
0.773088	3
0.773371	3
0.773654	3
0.773938	3
0.774221	3
0.774504	3
0.774788	3
0.775071	3
0.775354	3
0.775637	3
0.775921	3
0.776204	3
0.776487	3
0.776771	3
0.777054	3
0.777337	3
0.77762	3
0.777904	3
0.778187	3
0.77847	3
0.778754	3
0.779037	3
0.77932	3
0.779603	3
0.779887	3
0.78017	3
0.780453	3
0.780737	3
0.78102	3
0.781303	3
0.781586	3
0.78187	3
0.782153	3
0.782436	3
0.78272	3
0.783003	3
0.783286	3
0.783569	3
0.783853	3
0.784136	3
0.784419	3
0.784703	3
0.784986	3
0.785269	3
0.785552	3
0.785836	3
0.786119	3
0.786402	3
0.786686	3
0.786969	3
0.787252	3
0.787535	3
0.787819	3
0.788102	3
0.788385	3
0.788669	3
0.788952	3
0.789235	3
0.789518	3
0.789802	3
0.790085	3
0.790368	3
0.790652	3
0.790935	3
0.791218	3
0.791501	3
0.791785	3
0.792068	3
0.792351	3
0.792635	3
0.792918	3
0.793201	3
0.793484	3
0.793768	3
0.794051	3
0.794334	3
0.794618	3
0.794901	3
0.795184	3
0.795467	3
0.795751	3
0.796034	3
0.796317	3
0.796601	3
0.796884	3
0.797167	3
0.79745	3
0.797734	3
0.798017	3
0.7983	3
0.798584	3
0.798867	3
0.79915	3
0.799433	3
0.799717	3
0.8	3
0.800283	3
0.800567	3
0.80085	3
0.801133	3
0.801416	3
0.8017	3
0.801983	3
0.802266	3
0.80255	3
0.802833	3
0.803116	3
0.803399	3
0.803683	3
0.803966	3
0.804249	3
0.804533	3
0.804816	3
0.805099	3
0.805382	3
0.805666	3
0.805949	3
0.806232	3
0.806516	3
0.806799	3
0.807082	3
0.807365	3
0.807649	3
0.807932	3
0.808215	3
0.808499	3
0.808782	3
0.809065	3
0.809348	3
0.809632	3
0.809915	3
0.810198	3
0.810482	3
0.810765	3
0.811048	3
0.811331	3
0.811615	3
0.811898	3
0.812181	3
0.812465	3
0.812748	3
0.813031	3
0.813314	3
0.813598	3
0.813881	3
0.814164	3
0.814448	3
0.814731	3
0.815014	3
0.815297	3
0.815581	3
0.815864	3
0.816147	3
0.816431	3
0.816714	3
0.816997	3
0.81728	3
0.817564	3
0.817847	3
0.81813	3
0.818414	3
0.818697	3
0.81898	3
0.819263	3
0.819547	3
0.81983	3
0.820113	3
0.820397	3
0.82068	3
0.820963	3
0.821246	3
0.82153	3
0.821813	3
0.822096	3
0.82238	3
0.822663	3
0.822946	3
0.823229	3
0.823513	3
0.823796	3
0.824079	3
0.824363	3
0.824646	3
0.824929	3
0.825212	3
0.825496	3
0.825779	3
0.826062	3
0.826346	3
0.826629	3
0.826912	3
0.827195	3
0.827479	3
0.827762	3
0.828045	3
0.828329	3
0.828612	3
0.828895	3
0.829178	3
0.829462	3
0.829745	3
0.830028	3
0.830312	3
0.830595	3
0.830878	3
0.831161	3
0.831445	3
0.831728	3
0.832011	3
0.832295	3
0.832578	3
0.832861	3
0.833144	3
0.833428	3
0.833711	3
0.833994	3
0.834276	3
0.834558	3
0.834841	3
0.835123	3
0.835405	3
0.835687	3
0.835969	3
0.836251	3
0.836533	3
0.836815	3
0.837097	3
0.837379	3
0.837661	3
0.837943	3
0.838225	3
0.838508	3
0.83879	3
0.839072	3
0.839354	3
0.839636	3
0.839918	3
0.8402	3
0.840482	3
0.840764	3
0.841046	3
0.841328	3
0.84161	3
0.841892	3
0.842175	3
0.842457	3
0.842739	3
0.843021	3
0.843303	3
0.843585	3
0.843867	3
0.844149	3
0.844431	3
0.844713	3
0.844995	3
0.845277	3
0.845559	3
0.845842	3
0.846124	3
0.846406	3
0.846688	3
0.84697	3
0.847252	3
0.847534	3
0.847816	3
0.848098	3
0.84838	3
0.848662	3
0.848944	3
0.849226	3
0.849508	3
0.849791	3
0.850073	3
0.850355	3
0.850637	3
0.850919	3
0.851201	3
0.851483	3
0.851765	3
0.852047	3
0.852329	3
0.852611	3
0.852893	3
0.853175	3
0.853458	3
0.85374	3
0.854022	3
0.854304	3
0.854586	3
0.854868	3
0.85515	3
0.855432	3
0.855714	3
0.855996	3
0.856278	3
0.85656	3
0.856842	3
0.857125	3
0.857407	3
0.857689	3
0.857971	3
0.858253	3
0.858535	3
0.858817	3
0.859099	3
0.859381	3
0.859663	3
0.859945	3
0.860227	3
0.860509	3
0.860792	3
0.861074	3
0.861356	3
0.861638	3
0.86192	3
0.862202	3
0.862484	3
0.862766	3
0.863048	3
0.86333	3
0.863612	3
0.863894	3
0.864176	3
0.864458	3
0.864741	3
0.865023	3
0.865305	3
0.865587	3
0.865869	3
0.866151	3
0.866433	3
0.866715	3
0.866997	3
0.867279	3
0.867561	3
0.867843	3
0.868125	3
0.868408	3
0.86869	3
0.868972	3
0.869254	3
0.869536	3
0.869818	3
0.8701	3
0.870382	3
0.870664	3
0.870946	3
0.871228	3
0.87151	3
0.871792	3
0.872075	3
0.872357	3
0.872639	3
0.872921	3
0.873203	3
0.873485	3
0.873767	3
0.874049	3
0.874331	3
0.874613	3
0.874895	3
0.875177	3
0.875459	3
0.875742	3
0.876024	3
0.876306	3
0.876588	3
0.87687	3
0.877152	3
0.877434	3
0.877716	3
0.877998	3
0.87828	3
0.878562	3
0.878844	3
0.879126	3
0.879408	3
0.879691	3
0.879973	3
0.880255	3
0.880537	3
0.880819	3
0.881101	3
0.881383	3
0.881665	3
0.881947	3
0.882229	3
0.882511	3
0.882793	3
0.883075	3
0.883358	3
0.88364	3
0.883922	3
0.884204	3
0.884486	3
0.884768	3
0.88505	3
0.885332	3
0.885614	3
0.885896	3
0.886178	3
0.88646	3
0.886742	3
0.887025	3
0.887307	3
0.887589	3
0.887871	3
0.888153	3
0.888435	3
0.888717	3
0.888999	3
0.889281	3
0.889563	3
0.889845	3
0.890127	3
0.890409	3
0.890692	3
0.890974	3
0.891256	3
0.891538	3
0.89182	3
0.892102	3
0.892384	3
0.892666	3
0.892948	3
0.89323	3
0.893512	3
0.893794	3
0.894076	3
0.894358	3
0.894641	3
0.894923	3
0.895205	3
0.895487	3
0.895769	3
0.896051	3
0.896333	3
0.896615	3
0.896897	3
0.897179	3
0.897461	3
0.897743	3
0.898025	3
0.898308	3
0.89859	3
0.898872	3
0.899154	3
0.899436	3
0.899718	3
0.9	3
0.900282	3
0.900565	3
0.900847	3
0.90113	3
0.901412	3
0.901695	3
0.901977	3
0.90226	3
0.902542	3
0.902825	3
0.903107	3
0.90339	3
0.903672	3
0.903955	3
0.904237	3
0.90452	3
0.904802	3
0.905085	3
0.905367	3
0.90565	3
0.905932	3
0.906215	3
0.906497	3
0.90678	3
0.907062	3
0.907345	3
0.907627	3
0.90791	3
0.908192	3
0.908475	3
0.908757	3
0.90904	3
0.909322	3
0.909605	3
0.909887	3
0.910169	3
0.910452	3
0.910734	3
0.911017	3
0.911299	3
0.911582	3
0.911864	3
0.912147	3
0.912429	3
0.912712	3
0.912994	3
0.913277	3
0.913559	3
0.913842	3
0.914124	3
0.914407	3
0.914689	3
0.914972	3
0.915254	3
0.915537	3
0.915819	3
0.916102	3
0.916384	3
0.916667	3
0.916949	3
0.917232	3
0.917514	3
0.917797	3
0.918079	3
0.918362	3
0.918644	3
0.918927	3
0.919209	3
0.919492	3
0.919774	3
0.920056	3
0.920339	3
0.920621	3
0.920904	3
0.921186	3
0.921469	3
0.921751	3
0.922034	3
0.922316	3
0.922599	3
0.922881	3
0.923164	3
0.923446	3
0.923729	3
0.924011	3
0.924294	3
0.924576	3
0.924859	3
0.925141	3
0.925424	3
0.925706	3
0.925989	3
0.926271	3
0.926554	3
0.926836	3
0.927119	3
0.927401	3
0.927684	3
0.927966	3
0.928249	3
0.928531	3
0.928814	3
0.929096	3
0.929379	3
0.929661	3
0.929944	3
0.930226	3
0.930508	3
0.930791	3
0.931073	3
0.931356	3
0.931638	3
0.931921	3
0.932203	3
0.932486	3
0.932768	3
0.933051	3
0.933333	3
0.933616	3
0.933898	3
0.934181	3
0.934463	3
0.934746	3
0.935028	3
0.935311	3
0.935593	3
0.935876	3
0.936158	3
0.936441	3
0.936723	3
0.937006	3
0.937288	3
0.937571	3
0.937853	3
0.938136	3
0.938418	3
0.938701	3
0.938983	3
0.939266	3
0.939548	3
0.939831	3
0.940113	3
0.940395	3
0.940678	3
0.94096	3
0.941243	3
0.941525	3
0.941808	3
0.94209	3
0.942373	3
0.942655	3
0.942938	3
0.94322	3
0.943503	3
0.943785	3
0.944068	3
0.94435	3
0.944633	3
0.944915	3
0.945198	3
0.94548	3
0.945763	3
0.946045	3
0.946328	3
0.94661	3
0.946893	3
0.947175	3
0.947458	3
0.94774	3
0.948023	3
0.948305	3
0.948588	3
0.94887	3
0.949153	3
0.949435	3
0.949718	3
0.95	3
0.950282	3
0.950565	3
0.950847	3
0.95113	3
0.951412	3
0.951695	3
0.951977	3
0.95226	3
0.952542	3
0.952825	3
0.953107	3
0.95339	3
0.953672	3
0.953955	3
0.954237	3
0.95452	3
0.954802	3
0.955085	3
0.955367	3
0.95565	3
0.955932	3
0.956215	3
0.956497	3
0.95678	3
0.957062	3
0.957345	3
0.957627	3
0.95791	3
0.958192	3
0.958475	3
0.958757	3
0.95904	3
0.959322	3
0.959605	3
0.959887	3
0.960169	3
0.960452	3
0.960734	3
0.961017	3
0.961299	3
0.961582	3
0.961864	3
0.962147	3
0.962429	3
0.962712	3
0.962994	3
0.963277	3
0.963559	3
0.963842	3
0.964124	3
0.964407	3
0.964689	3
0.964972	3
0.965254	3
0.965537	3
0.965819	3
0.966102	3
0.966384	3
0.966667	3
0.966949	3
0.967232	3
0.967514	3
0.967797	3
0.968079	3
0.968362	3
0.968644	3
0.968927	3
0.969209	3
0.969492	3
0.969774	3
0.970056	3
0.970339	3
0.970621	3
0.970904	3
0.971186	3
0.971469	3
0.971751	3
0.972034	3
0.972316	3
0.972599	3
0.972881	3
0.973164	3
0.973446	3
0.973729	3
0.974011	3
0.974294	3
0.974576	3
0.974859	3
0.975141	3
0.975424	3
0.975706	3
0.975989	3
0.976271	3
0.976554	3
0.976836	3
0.977119	3
0.977401	3
0.977684	3
0.977963	3
0.978242	3
0.97852	3
0.978799	3
0.979078	3
0.979357	3
0.979636	3
0.979915	3
0.980194	3
0.980473	3
0.980752	3
0.981031	3
0.98131	3
0.981589	3
0.981868	3
0.982147	3
0.982426	3
0.982705	3
0.982984	3
0.983263	3
0.983542	3
0.983821	3
0.9841	3
0.984379	3
0.984657	3
0.984936	3
0.985215	3
0.985494	3
0.985773	3
0.986052	3
0.986331	3
0.98661	3
0.986889	3
0.987168	3
0.987447	3
0.987726	3
0.988005	3
0.988284	3
0.988563	3
0.988842	3
0.989121	3
0.9894	3
0.989679	3
0.989958	3
0.990237	3
0.990516	3
0.990794	3
0.991073	3
0.991352	3
0.991631	3
0.99191	3
0.992189	3
0.992468	3
0.992747	3
0.993026	3
0.993305	3
0.993584	3
0.993863	3
0.994142	3
0.994421	3
0.9947	3
0.994979	3
0.995258	3
0.995537	3
0.995816	3
0.996095	3
0.996374	3
0.996653	3
0.996931	3
0.99721	3
0.997489	3
0.997768	3
0.998047	3
0.998326	3
0.998605	3
0.998884	3
0.999163	3
0.999442	3
0.999721	3
1	3
1.00028	3
1.00056	3
1.00085	3
1.00113	3
1.00141	3
1.00169	3
1.00197	3
1.00225	3
1.00254	3
1.00282	3
1.0031	3
1.00338	3
1.00366	3
1.00394	3
1.00423	3
1.00451	3
1.00479	3
1.00507	3
1.00535	3
1.00563	3
1.00592	3
1.0062	3
1.00648	3
1.00676	3
1.00704	3
1.00732	3
1.00761	3
1.00789	3
1.00817	3
1.00845	3
1.00873	3
1.00901	3
1.0093	3
1.00958	3
1.00986	3
1.01014	3
1.01042	3
1.0107	3
1.01099	3
1.01127	3
1.01155	3
1.01183	3
1.01211	3
1.01239	3
1.01268	3
1.01296	3
1.01324	3
1.01352	3
1.0138	3
1.01408	3
1.01437	3
1.01465	3
1.01493	3
1.01521	3
1.01549	3
1.01577	3
1.01606	3
1.01634	3
1.01662	3
1.0169	3
1.01718	3
1.01746	3
1.01775	3
1.01803	3
1.01831	3
1.01859	3
1.01887	3
1.01915	3
1.01944	3
1.01972	3
1.02	3
1.02028	3
1.02056	3
1.02085	3
1.02113	3
1.02141	3
1.02169	3
1.02197	3
1.02225	3
1.02254	3
1.02282	3
1.0231	3
1.02338	3
1.02366	3
1.02394	3
1.02423	3
1.02451	3
1.02479	3
1.02507	3
1.02535	3
1.02563	3
1.02592	3
1.0262	3
1.02648	3
1.02676	3
1.02704	3
1.02732	3
1.02761	3
1.02789	3
1.02817	3
1.02845	3
1.02873	3
1.02901	3
1.0293	3
1.02958	3
1.02986	3
1.03014	3
1.03042	3
1.0307	3
1.03099	3
1.03127	3
1.03155	3
1.03183	3
1.03211	3
1.03239	3
1.03268	3
1.03296	3
1.03324	3
1.03352	3
1.0338	3
1.03408	3
1.03437	3
1.03465	3
1.03493	3
1.03521	3
1.03549	3
1.03577	3
1.03606	3
1.03634	3
1.03662	3
1.0369	3
1.03718	3
1.03746	3
1.03775	3
1.03803	3
1.03831	3
1.03859	3
1.03887	3
1.03915	3
1.03943	3
1.03971	3
1.03999	3
1.04028	3
1.04056	3
1.04084	3
1.04112	3
1.0414	3
1.04168	3
1.04196	3
1.04224	3
1.04252	3
1.0428	3
1.04308	3
1.04336	3
1.04364	3
1.04392	3
1.0442	3
1.04448	3
1.04476	3
1.04504	3
1.04532	3
1.0456	3
1.04588	3
1.04616	3
1.04644	3
1.04672	3
1.047	3
1.04729	3
1.04757	3
1.04785	3
1.04813	3
1.04841	3
1.04869	3
1.04897	3
1.04925	3
1.04953	3
1.04981	3
1.05009	3
1.05037	3
1.05065	3
1.05093	3
1.05121	3
1.05149	3
1.05177	3
1.05205	3
1.05233	3
1.05261	3
1.05289	3
1.05317	3
1.05345	3
1.05373	3
1.05401	3
1.0543	3
1.05458	3
1.05486	3
1.05514	3
1.05542	3
1.0557	3
1.05598	3
1.05626	3
1.05654	3
1.05682	3
1.0571	3
1.05738	3
1.05766	3
1.05794	3
1.05822	3
1.0585	3
1.05878	3
1.05906	3
1.05934	3
1.05962	3
1.0599	3
1.06018	3
1.06046	3
1.06074	3
1.06102	3
1.06131	3
1.06159	3
1.06187	3
1.06215	3
1.06243	3
1.06271	3
1.06299	3
1.06327	3
1.06355	3
1.06383	3
1.06411	3
1.06439	3
1.06467	3
1.06495	3
1.06523	3
1.06551	3
1.06579	3
1.06607	3
1.06635	3
1.06663	3
1.06691	3
1.06719	3
1.06747	3
1.06775	3
1.06803	3
1.06832	3
1.0686	3
1.06888	3
1.06916	3
1.06944	3
1.06972	3
1.07	3
1.07028	3
1.07056	3
1.07084	3
1.07112	3
1.0714	3
1.07168	3
1.07196	3
1.07224	3
1.07252	3
1.0728	3
1.07308	3
1.07336	3
1.07364	3
1.07392	3
1.0742	3
1.07448	3
1.07476	3
1.07504	3
1.07532	3
1.07561	3
1.07589	3
1.07617	3
1.07645	3
1.07673	3
1.07701	3
1.07729	3
1.07757	3
1.07785	3
1.07813	3
1.07841	3
1.07869	3
1.07897	3
1.07925	3
1.07953	3
1.07981	3
1.08009	3
1.08037	3
1.08065	3
1.08093	3
1.08121	3
1.08149	3
1.08177	3
1.08205	3
1.08233	3
1.08262	3
1.0829	3
1.08318	3
1.08346	3
1.08374	3
1.08402	3
1.0843	3
1.08458	3
1.08486	3
1.08514	3
1.08542	3
1.0857	3
1.08598	3
1.08626	3
1.08654	3
1.08682	3
1.0871	3
1.08738	3
1.08766	3
1.08794	3
1.08822	3
1.0885	3
1.08878	3
1.08906	3
1.08934	3
1.08963	3
1.08991	3
1.09019	3
1.09047	3
1.09075	3
1.09103	3
1.09131	3
1.09159	3
1.09187	3
1.09215	3
1.09243	3
1.09271	3
1.09299	3
1.09327	3
1.09355	3
1.09383	3
1.09411	3
1.09439	3
1.09467	3
1.09495	3
1.09523	3
1.09551	3
1.09579	3
1.09607	3
1.09635	3
1.09664	3
1.09692	3
1.0972	3
1.09748	3
1.09776	3
1.09804	3
1.09832	3
1.0986	3
1.09888	3
1.09916	3
1.09944	3
1.09972	3
1.1	3
1.10028	3
1.10056	3
1.10084	3
1.10112	3
1.1014	3
1.10169	3
1.10197	3
1.10225	3
1.10253	3
1.10281	3
1.10309	3
1.10337	3
1.10365	3
1.10393	3
1.10421	3
1.10449	3
1.10478	3
1.10506	3
1.10534	3
1.10562	3
1.1059	3
1.10618	3
1.10646	3
1.10674	3
1.10702	3
1.1073	3
1.10758	3
1.10787	3
1.10815	3
1.10843	3
1.10871	3
1.10899	3
1.10927	3
1.10955	3
1.10983	3
1.11011	3
1.11039	3
1.11067	3
1.11096	3
1.11124	3
1.11152	3
1.1118	3
1.11208	3
1.11236	3
1.11264	3
1.11292	3
1.1132	3
1.11348	3
1.11376	3
1.11404	3
1.11433	3
1.11461	3
1.11489	3
1.11517	3
1.11545	3
1.11573	3
1.11601	3
1.11629	3
1.11657	3
1.11685	3
1.11713	3
1.11742	3
1.1177	3
1.11798	3
1.11826	3
1.11854	3
1.11882	3
1.1191	3
1.11938	3
1.11966	3
1.11994	3
1.12022	3
1.12051	3
1.12079	3
1.12107	3
1.12135	3
1.12163	3
1.12191	3
1.12219	3
1.12247	3
1.12275	3
1.12303	3
1.12331	3
1.1236	3
1.12388	3
1.12416	3
1.12444	3
1.12472	3
1.125	3
1.12528	3
1.12556	3
1.12584	3
1.12612	3
1.1264	3
1.12669	3
1.12697	3
1.12725	3
1.12753	3
1.12781	3
1.12809	3
1.12837	3
1.12865	3
1.12893	3
1.12921	3
1.12949	3
1.12978	3
1.13006	3
1.13034	3
1.13062	3
1.1309	3
1.13118	3
1.13146	3
1.13174	3
1.13202	3
1.1323	3
1.13258	3
1.13287	3
1.13315	3
1.13343	3
1.13371	3
1.13399	3
1.13427	3
1.13455	3
1.13483	3
1.13511	3
1.13539	3
1.13567	3
1.13596	3
1.13624	3
1.13652	3
1.1368	3
1.13708	3
1.13736	3
1.13764	3
1.13792	3
1.1382	3
1.13848	3
1.13876	3
1.13904	3
1.13933	3
1.13961	3
1.13989	3
1.14017	3
1.14045	3
1.14073	3
1.14101	3
1.14129	3
1.14157	3
1.14185	3
1.14213	3
1.14242	3
1.1427	3
1.14298	3
1.14326	3
1.14354	3
1.14382	3
1.1441	3
1.14438	3
1.14466	3
1.14494	3
1.14522	3
1.14551	3
1.14579	3
1.14607	3
1.14635	3
1.14663	3
1.14691	3
1.14719	3
1.14747	3
1.14775	3
1.14803	3
1.14831	3
1.1486	3
1.14888	3
1.14916	3
1.14944	3
1.14972	3
1.15	3
1.15028	3
1.15056	3
1.15084	3
1.15112	3
1.1514	3
1.15169	3
1.15197	3
1.15225	3
1.15253	3
1.15281	3
1.15309	3
1.15337	3
1.15365	3
1.15393	3
1.15421	3
1.15449	3
1.15478	3
1.15506	3
1.15534	3
1.15562	3
1.1559	3
1.15618	3
1.15646	3
1.15674	3
1.15702	3
1.1573	3
1.15758	3
1.15787	3
1.15815	3
1.15843	3
1.15871	3
1.15899	3
1.15927	3
1.15955	3
1.15983	3
1.16011	3
1.16039	3
1.16067	3
1.16096	3
1.16124	3
1.16152	3
1.1618	3
1.16208	3
1.16236	3
1.16264	3
1.16292	3
1.1632	3
1.16348	3
1.16376	3
1.16404	3
1.16433	3
1.16461	3
1.16489	3
1.16517	3
1.16545	3
1.16573	3
1.16601	3
1.16629	3
1.16657	3
1.16685	3
1.16713	3
1.16742	3
1.1677	3
1.16798	3
1.16826	3
1.16854	3
1.16882	3
1.1691	3
1.16938	3
1.16966	3
1.16994	3
1.17022	3
1.17051	3
1.17079	3
1.17107	3
1.17135	3
1.17163	3
1.17191	3
1.17219	3
1.17247	3
1.17275	3
1.17303	3
1.17331	3
1.1736	3
1.17388	3
1.17416	3
1.17444	3
1.17472	3
1.175	3
1.17528	3
1.17556	3
1.17584	3
1.17612	3
1.1764	3
1.17669	3
1.17697	3
1.17725	3
1.17753	3
1.17781	3
1.17809	3
1.17837	3
1.17865	3
1.17893	3
1.17921	3
1.17949	3
1.17978	3
1.18006	3
1.18034	3
1.18062	3
1.1809	3
1.18118	3
1.18146	3
1.18174	3
1.18202	3
1.1823	3
1.18258	3
1.18287	3
1.18315	3
1.18343	3
1.18371	3
1.18399	3
1.18427	3
1.18455	3
1.18483	3
1.18511	3
1.18539	3
1.18567	3
1.18596	3
1.18624	3
1.18652	3
1.1868	3
1.18708	3
1.18736	3
1.18763	2
1.18791	3
1.18818	3
1.18846	3
1.18873	3
1.18901	3
1.18928	3
1.18956	3
1.18983	3
1.19011	3
1.19038	3
1.19066	3
1.19093	3
1.19121	3
1.19148	3
1.19176	3
1.19203	3
1.19231	3
1.19258	3
1.19286	3
1.19313	3
1.1934	3
1.19368	3
1.19395	3
1.19423	3
1.1945	3
1.19478	3
1.19505	3
1.19533	3
1.1956	3
1.19588	3
1.19615	3
1.19643	3
1.1967	3
1.19698	3
1.19725	3
1.19753	3
1.1978	3
1.19808	3
1.19835	3
1.19863	3
1.1989	3
1.19918	3
1.19945	3
1.19973	3
1.2	3
1.20028	2
1.20056	3
1.20084	3
1.20112	3
1.2014	3
1.20168	3
1.20196	3
1.20224	3
1.20252	3
1.2028	3
1.20308	3
1.20336	3
1.20364	3
1.20392	3
1.2042	3
1.20448	3
1.20476	3
1.20504	3
1.20532	3
1.2056	3
1.20588	3
1.20616	3
1.20644	3
1.20672	3
1.207	3
1.20728	3
1.20756	3
1.20784	3
1.20812	3
1.2084	3
1.20868	3
1.20896	3
1.20924	3
1.20952	3
1.2098	3
1.21008	3
1.21036	3
1.21064	3
1.21092	3
1.2112	3
1.21148	3
1.21176	3
1.21204	3
1.21232	3
1.21261	3
1.21289	3
1.21317	3
1.21345	3
1.21373	3
1.21401	3
1.21429	3
1.21457	3
1.21485	3
1.21513	3
1.21541	3
1.21569	3
1.21597	3
1.21625	3
1.21653	3
1.21681	3
1.21709	3
1.21737	3
1.21765	3
1.21793	3
1.21821	3
1.21849	3
1.21877	3
1.21905	3
1.21933	3
1.21961	3
1.21989	3
1.22017	3
1.22045	3
1.22073	3
1.22101	3
1.22129	3
1.22157	3
1.22185	3
1.22213	3
1.22241	3
1.22269	3
1.22297	3
1.22325	3
1.22353	3
1.22381	3
1.22409	3
1.22437	3
1.22465	3
1.22493	3
1.22521	3
1.22549	3
1.22577	3
1.22605	3
1.22633	3
1.22661	3
1.22689	3
1.22717	3
1.22745	3
1.22773	3
1.22801	3
1.22829	3
1.22857	3
1.22885	3
1.22913	3
1.22941	3
1.22969	3
1.22997	3
1.23025	3
1.23053	3
1.23081	3
1.23109	3
1.23137	3
1.23165	3
1.23193	3
1.23221	3
1.23249	3
1.23277	3
1.23305	3
1.23333	3
1.23361	3
1.23389	3
1.23417	3
1.23445	3
1.23473	3
1.23501	3
1.23529	3
1.23557	3
1.23585	3
1.23613	3
1.23641	3
1.23669	3
1.23697	3
1.23725	3
1.23754	3
1.23782	3
1.2381	3
1.23838	3
1.23866	3
1.23894	3
1.23922	3
1.2395	3
1.23978	3
1.24006	3
1.24034	3
1.24062	3
1.2409	3
1.24118	3
1.24146	3
1.24174	3
1.24202	3
1.2423	3
1.24258	3
1.24286	3
1.24314	3
1.24342	3
1.2437	3
1.24398	3
1.24426	3
1.24454	3
1.24482	3
1.2451	3
1.24538	3
1.24566	3
1.24594	3
1.24622	3
1.2465	3
1.24678	3
1.24706	3
1.24734	3
1.24762	3
1.2479	3
1.24818	3
1.24846	3
1.24874	3
1.24902	3
1.2493	3
1.24958	3
1.24986	3
1.25014	3
1.25042	3
1.2507	3
1.25098	3
1.25126	3
1.25154	3
1.25182	3
1.2521	3
1.25238	3
1.25266	3
1.25294	3
1.25322	3
1.2535	3
1.25378	3
1.25406	3
1.25434	3
1.25462	3
1.2549	3
1.25518	3
1.25546	3
1.25574	3
1.25602	3
1.2563	3
1.25658	3
1.25686	3
1.25714	3
1.25742	3
1.2577	3
1.25798	3
1.25826	3
1.25854	3
1.25882	3
1.2591	3
1.25938	3
1.25966	3
1.25994	3
1.26022	3
1.2605	3
1.26078	3
1.26106	3
1.26134	3
1.26162	3
1.2619	3
1.26218	3
1.26246	3
1.26275	3
1.26303	3
1.26331	3
1.26359	3
1.26387	3
1.26415	3
1.26443	3
1.26471	3
1.26499	3
1.26527	3
1.26555	3
1.26583	3
1.26611	3
1.26639	3
1.26667	3
1.26695	3
1.26723	3
1.26751	3
1.26779	3
1.26807	3
1.26835	3
1.26863	3
1.26891	3
1.26919	3
1.26947	3
1.26975	3
1.27003	3
1.27031	3
1.27059	3
1.27087	3
1.27115	3
1.27143	3
1.27171	3
1.27199	3
1.27227	3
1.27255	3
1.27283	3
1.27311	3
1.27339	3
1.27367	3
1.27395	3
1.27423	3
1.27451	3
1.27479	3
1.27507	3
1.27535	3
1.27563	3
1.27591	3
1.27619	3
1.27647	3
1.27675	3
1.27703	3
1.27731	3
1.27759	3
1.27787	3
1.27815	3
1.27843	3
1.27871	3
1.27899	3
1.27927	3
1.27955	3
1.27983	3
1.28011	3
1.28039	3
1.28067	3
1.28095	3
1.28123	3
1.28151	3
1.28179	3
1.28207	3
1.28235	3
1.28263	3
1.28291	3
1.28319	3
1.28347	3
1.28375	3
1.28403	3
1.28431	3
1.28459	3
1.28487	3
1.28515	3
1.28543	3
1.28571	3
1.28599	3
1.28627	3
1.28655	3
1.28683	3
1.28711	3
1.28739	3
1.28768	3
1.28796	3
1.28824	3
1.28852	3
1.2888	3
1.28908	3
1.28936	3
1.28964	3
1.28992	3
1.2902	3
1.29048	3
1.29076	3
1.29104	3
1.29132	3
1.2916	3
1.29188	3
1.29216	3
1.29244	3
1.29272	3
1.293	3
1.29328	3
1.29356	3
1.29384	3
1.29412	3
1.2944	3
1.29468	3
1.29496	3
1.29524	3
1.29552	3
1.2958	3
1.29608	3
1.29636	3
1.29664	3
1.29692	3
1.2972	3
1.29748	3
1.29776	3
1.29804	3
1.29832	3
1.2986	3
1.29888	3
1.29916	3
1.29944	3
1.29972	3
1.3	3
1.30028	3
1.30056	3
1.30084	3
1.30112	3
1.3014	3
1.30169	3
1.30197	3
1.30225	3
1.30253	3
1.30281	3
1.30309	3
1.30337	3
1.30365	3
1.30393	3
1.30421	3
1.30449	3
1.30478	3
1.30506	3
1.30534	3
1.30562	3
1.3059	3
1.30618	3
1.30646	3
1.30674	3
1.30702	3
1.3073	3
1.30758	3
1.30787	3
1.30815	3
1.30843	3
1.30871	3
1.30899	3
1.30927	3
1.30955	3
1.30983	3
1.31011	3
1.31039	3
1.31067	3
1.31096	3
1.31124	3
1.31152	3
1.3118	3
1.31208	3
1.31236	3
1.31264	3
1.31292	3
1.3132	3
1.31348	3
1.31376	3
1.31404	3
1.31433	3
1.31461	3
1.31489	3
1.31517	3
1.31545	3
1.31573	3
1.31601	3
1.31629	3
1.31657	3
1.31685	3
1.31713	3
1.31742	3
1.3177	3
1.31798	3
1.31826	3
1.31854	3
1.31882	3
1.3191	3
1.31938	3
1.31966	3
1.31994	3
1.32022	3
1.32051	3
1.32079	3
1.32107	3
1.32135	3
1.32163	3
1.32191	3
1.32219	3
1.32247	3
1.32275	3
1.32303	3
1.32331	3
1.3236	3
1.32388	3
1.32416	3
1.32444	3
1.32472	3
1.325	3
1.32528	3
1.32556	3
1.32584	3
1.32612	3
1.3264	3
1.32669	3
1.32697	3
1.32725	3
1.32753	3
1.32781	3
1.32809	3
1.32837	3
1.32865	3
1.32893	3
1.32921	3
1.32949	3
1.32978	3
1.33006	3
1.33034	3
1.33062	3
1.3309	3
1.33118	3
1.33146	3
1.33174	3
1.33202	3
1.3323	3
1.33258	3
1.33287	3
1.33315	3
1.33343	3
1.33371	3
1.33399	3
1.33427	3
1.33455	3
1.33483	3
1.33511	3
1.33539	3
1.33567	3
1.33596	3
1.33624	3
1.33652	3
1.3368	3
1.33708	3
1.33736	3
1.33764	3
1.33792	3
1.3382	3
1.33848	3
1.33876	3
1.33904	3
1.33933	3
1.33961	3
1.33989	3
1.34017	3
1.34045	3
1.34073	3
1.34101	3
1.34129	3
1.34157	3
1.34185	3
1.34213	3
1.34241	3
1.34269	3
1.34297	3
1.34325	3
1.34352	3
1.3438	3
1.34408	3
1.34436	3
1.34464	3
1.34492	3
1.3452	3
1.34548	3
1.34576	3
1.34604	3
1.34632	3
1.3466	3
1.34688	3
1.34716	3
1.34744	3
1.34772	3
1.348	3
1.34828	3
1.34856	3
1.34884	3
1.34912	3
1.3494	3
1.34968	3
1.34996	3
1.35023	3
1.35051	3
1.35079	3
1.35107	3
1.35135	3
1.35163	3
1.35191	3
1.35219	3
1.35247	3
1.35275	3
1.35303	3
1.35331	3
1.35359	3
1.35387	3
1.35415	3
1.35443	3
1.35471	3
1.35499	3
1.35527	3
1.35555	3
1.35583	3
1.35611	3
1.35639	3
1.35667	3
1.35694	3
1.35722	3
1.3575	3
1.35778	3
1.35806	3
1.35834	3
1.35862	3
1.3589	3
1.35918	3
1.35946	3
1.35974	3
1.36002	3
1.3603	3
1.36058	3
1.36086	3
1.36114	3
1.36142	3
1.3617	3
1.36198	3
1.36226	3
1.36254	3
1.36282	3
1.3631	3
1.36338	3
1.36365	3
1.36393	3
1.36421	3
1.36449	3
1.36477	3
1.36505	3
1.36533	3
1.36561	3
1.36589	3
1.36617	3
1.36645	3
1.36673	3
1.36701	3
1.36729	3
1.36757	3
1.36785	3
1.36813	3
1.36841	3
1.36869	3
1.36897	3
1.36925	3
1.36953	3
1.36981	3
1.37008	3
1.37036	3
1.37064	3
1.37092	3
1.3712	3
1.37148	3
1.37176	3
1.37204	3
1.37232	3
1.3726	3
1.37288	3
1.37316	3
1.37344	3
1.37372	3
1.374	3
1.37428	3
1.37456	3
1.37484	3
1.37512	3
1.3754	3
1.37568	3
1.37596	3
1.37624	3
1.37652	3
1.37679	3
1.37707	3
1.37735	3
1.37763	3
1.37791	3
1.37819	3
1.37847	3
1.37875	3
1.37903	3
1.37931	3
1.37959	3
1.37987	3
1.38015	3
1.38043	3
1.38071	3
1.38099	3
1.38127	3
1.38155	3
1.38183	3
1.38211	3
1.38239	3
1.38267	3
1.38295	3
1.38323	3
1.3835	3
1.38378	3
1.38406	3
1.38434	3
1.38462	3
1.3849	3
1.38518	3
1.38546	3
1.38574	3
1.38602	3
1.3863	3
1.38658	3
1.38686	3
1.38714	3
1.38742	3
1.3877	3
1.38798	3
1.38826	3
1.38854	3
1.38882	3
1.3891	3
1.38938	3
1.38966	3
1.38994	3
1.39021	3
1.39049	3
1.39077	3
1.39105	3
1.39133	3
1.39161	3
1.39189	3
1.39217	3
1.39245	3
1.39273	3
1.39301	3
1.39329	3
1.39357	3
1.39385	3
1.39413	3
1.39441	3
1.39469	3
1.39497	3
1.39525	3
1.39553	3
1.39581	3
1.39609	3
1.39637	3
1.39665	3
1.39692	3
1.3972	3
1.39748	3
1.39776	3
1.39804	3
1.39832	3
1.3986	3
1.39888	3
1.39916	3
1.39944	3
1.39972	3
1.4	3
1.40028	3
1.40056	3
1.40084	3
1.40112	3
1.4014	3
1.40168	3
1.40196	3
1.40224	3
1.40252	3
1.4028	3
1.40308	3
1.40336	3
1.40364	3
1.40392	3
1.4042	3
1.40448	3
1.40475	3
1.40503	3
1.40531	3
1.40559	3
1.40587	3
1.40615	3
1.40643	3
1.40671	3
1.40699	3
1.40727	3
1.40755	3
1.40783	3
1.40811	3
1.40839	3
1.40867	3
1.40894	3
1.40922	3
1.4095	3
1.40978	3
1.41006	3
1.41034	3
1.41062	3
1.4109	3
1.41118	3
1.41146	3
1.41174	3
1.41202	3
1.4123	3
1.41258	3
1.41285	3
1.41313	3
1.41341	3
1.41369	3
1.41397	3
1.41425	3
1.41453	3
1.41481	3
1.41509	3
1.41537	3
1.41565	3
1.41593	3
1.41621	3
1.41649	3
1.41677	3
1.41704	3
1.41732	3
1.4176	3
1.41788	3
1.41816	3
1.41844	3
1.41872	3
1.419	3
1.41928	3
1.41956	3
1.41984	3
1.42012	3
1.4204	3
1.42068	3
1.42095	3
1.42123	3
1.42151	3
1.42179	3
1.42207	3
1.42235	3
1.42263	3
1.42291	3
1.42319	3
1.42347	3
1.42375	3
1.42403	3
1.42431	3
1.42459	3
1.42487	3
1.42514	3
1.42542	3
1.4257	3
1.42598	3
1.42626	3
1.42654	3
1.42682	3
1.4271	3
1.42738	3
1.42766	3
1.42794	3
1.42822	3
1.4285	3
1.42878	3
1.42905	3
1.42933	3
1.42961	3
1.42989	3
1.43017	3
1.43045	3
1.43073	3
1.43101	3
1.43129	3
1.43157	3
1.43185	3
1.43213	3
1.43241	3
1.43269	3
1.43297	3
1.43324	3
1.43352	3
1.4338	3
1.43408	3
1.43436	3
1.43464	3
1.43492	3
1.4352	3
1.43548	3
1.43576	3
1.43604	3
1.43632	3
1.4366	3
1.43688	3
1.43715	3
1.43743	3
1.43771	3
1.43799	3
1.43827	3
1.43855	3
1.43883	3
1.43911	3
1.43939	3
1.43967	3
1.43995	3
1.44023	3
1.44051	3
1.44079	3
1.44107	3
1.44134	3
1.44162	3
1.4419	3
1.44218	3
1.44246	3
1.44274	3
1.44302	3
1.4433	3
1.44358	3
1.44386	3
1.44414	3
1.44442	3
1.4447	3
1.44498	3
1.44525	3
1.44553	3
1.44581	3
1.44609	3
1.44637	3
1.44665	3
1.44693	3
1.44721	3
1.44749	3
1.44777	3
1.44805	3
1.44833	3
1.44861	3
1.44889	3
1.44917	3
1.44944	3
1.44972	3
1.45	3
1.45028	3
1.45056	3
1.45084	3
1.45112	3
1.4514	3
1.45168	3
1.45196	3
1.45224	3
1.45252	3
1.4528	3
1.45308	3
1.45335	3
1.45363	3
1.45391	3
1.45419	3
1.45447	3
1.45475	3
1.45503	3
1.45531	3
1.45559	3
1.45587	3
1.45615	3
1.45643	3
1.45671	3
1.45699	3
1.45727	3
1.45754	3
1.45782	3
1.4581	3
1.45838	3
1.45866	3
1.45894	3
1.45922	3
1.4595	3
1.45978	3
1.46006	3
1.46034	3
1.46062	3
1.4609	3
1.46118	3
1.46145	3
1.46173	3
1.46201	3
1.46229	3
1.46257	3
1.46285	3
1.46313	3
1.46341	3
1.46369	3
1.46397	3
1.46425	3
1.46453	3
1.46481	3
1.46509	3
1.46537	3
1.46564	3
1.46592	3
1.4662	3
1.46648	3
1.46676	3
1.46704	3
1.46732	3
1.4676	3
1.46788	3
1.46816	3
1.46844	3
1.46872	3
1.469	3
1.46928	3
1.46956	3
1.46983	3
1.47011	3
1.47039	3
1.47067	3
1.47095	3
1.47123	3
1.47151	3
1.47179	3
1.47207	3
1.47235	3
1.47263	3
1.47291	3
1.47319	3
1.47347	3
1.47374	3
1.47402	3
1.4743	3
1.47458	3
1.47486	3
1.47514	3
1.47542	3
1.4757	3
1.47598	3
1.47626	3
1.47654	3
1.47682	3
1.4771	3
1.47738	3
1.47766	3
1.47793	3
1.47821	3
1.47849	3
1.47877	3
1.47905	3
1.47933	3
1.47961	3
1.47989	3
1.48017	3
1.48045	3
1.48073	3
1.48101	3
1.48129	3
1.48157	3
1.48184	3
1.48212	3
1.4824	3
1.48268	3
1.48296	3
1.48324	3
1.48352	3
1.4838	3
1.48408	3
1.48436	3
1.48464	3
1.48492	3
1.4852	3
1.48548	3
1.48575	2
1.48602	3
1.4863	3
1.48657	3
1.48685	3
1.48712	3
1.48739	3
1.48767	3
1.48794	3
1.48822	3
1.48849	3
1.48876	3
1.48904	3
1.48931	3
1.48959	3
1.48986	3
1.49013	3
1.49041	3
1.49068	3
1.49096	3
1.49123	3
1.4915	3
1.49178	3
1.49205	3
1.49233	3
1.4926	3
1.49287	3
1.49315	3
1.49342	3
1.4937	3
1.49397	3
1.49425	3
1.49452	3
1.49479	3
1.49507	3
1.49534	3
1.49562	3
1.49589	3
1.49616	3
1.49644	3
1.49671	3
1.49699	3
1.49726	3
1.49753	3
1.49781	3
1.49808	3
1.49836	3
1.49863	3
1.4989	3
1.49918	3
1.49945	3
1.49973	3
1.5	3
1.50028	2
1.50056	3
1.50084	3
1.50111	3
1.50139	3
1.50167	3
1.50195	3
1.50223	3
1.50251	3
1.50279	3
1.50306	3
1.50334	3
1.50362	3
1.5039	3
1.50418	3
1.50446	3
1.50474	3
1.50501	3
1.50529	3
1.50557	3
1.50585	3
1.50613	3
1.50641	3
1.50669	3
1.50696	3
1.50724	3
1.50752	3
1.5078	3
1.50808	3
1.50836	3
1.50864	3
1.50891	3
1.50919	3
1.50947	3
1.50975	3
1.51003	3
1.51031	3
1.51058	3
1.51086	3
1.51114	3
1.51142	3
1.5117	3
1.51198	3
1.51226	3
1.51253	3
1.51281	3
1.51309	3
1.51337	3
1.51365	3
1.51393	3
1.51421	3
1.51448	3
1.51476	3
1.51504	3
1.51532	3
1.5156	3
1.51588	3
1.51616	3
1.51643	3
1.51671	3
1.51699	3
1.51727	3
1.51755	3
1.51783	3
1.51811	3
1.51838	3
1.51866	3
1.51894	3
1.51922	3
1.5195	3
1.51978	3
1.52006	3
1.52033	3
1.52061	3
1.52089	3
1.52117	3
1.52145	3
1.52173	3
1.52201	3
1.52228	3
1.52256	3
1.52284	3
1.52312	3
1.5234	3
1.52368	3
1.52396	3
1.52423	3
1.52451	3
1.52479	3
1.52507	3
1.52535	3
1.52563	3
1.52591	3
1.52618	3
1.52646	3
1.52674	3
1.52702	3
1.5273	3
1.52758	3
1.52786	3
1.52813	3
1.52841	3
1.52869	3
1.52897	3
1.52925	3
1.52953	3
1.52981	3
1.53008	3
1.53036	3
1.53064	3
1.53092	3
1.5312	3
1.53148	3
1.53175	3
1.53203	3
1.53231	3
1.53259	3
1.53287	3
1.53315	3
1.53343	3
1.5337	3
1.53398	3
1.53426	3
1.53454	3
1.53482	3
1.5351	3
1.53538	3
1.53565	3
1.53593	3
1.53621	3
1.53649	3
1.53677	3
1.53705	3
1.53733	3
1.5376	3
1.53788	3
1.53816	3
1.53844	3
1.53872	3
1.539	3
1.53928	3
1.53955	3
1.53983	3
1.54011	3
1.54039	3
1.54067	3
1.54095	3
1.54123	3
1.5415	3
1.54178	3
1.54206	3
1.54234	3
1.54262	3
1.5429	3
1.54318	3
1.54345	3
1.54373	3
1.54401	3
1.54429	3
1.54457	3
1.54485	3
1.54513	3
1.5454	3
1.54568	3
1.54596	3
1.54624	3
1.54652	3
1.5468	3
1.54708	3
1.54735	3
1.54763	3
1.54791	3
1.54819	3
1.54847	3
1.54875	3
1.54903	3
1.5493	3
1.54958	3
1.54986	3
1.55014	3
1.55042	3
1.5507	3
1.55097	3
1.55125	3
1.55153	3
1.55181	3
1.55209	3
1.55237	3
1.55265	3
1.55292	3
1.5532	3
1.55348	3
1.55376	3
1.55404	3
1.55432	3
1.5546	3
1.55487	3
1.55515	3
1.55543	3
1.55571	3
1.55599	3
1.55627	3
1.55655	3
1.55682	3
1.5571	3
1.55738	3
1.55766	3
1.55794	3
1.55822	3
1.5585	3
1.55877	3
1.55905	3
1.55933	3
1.55961	3
1.55989	3
1.56017	3
1.56045	3
1.56072	3
1.561	3
1.56128	3
1.56156	3
1.56184	3
1.56212	3
1.5624	3
1.56267	3
1.56295	3
1.56323	3
1.56351	3
1.56379	3
1.56407	3
1.56435	3
1.56462	3
1.5649	3
1.56518	3
1.56546	3
1.56574	3
1.56602	3
1.5663	3
1.56657	3
1.56685	3
1.56713	3
1.56741	3
1.56769	3
1.56797	3
1.56825	3
1.56852	3
1.5688	3
1.56908	3
1.56936	3
1.56964	3
1.56992	3
1.57019	3
1.57047	3
1.57075	3
1.57103	3
1.57131	3
1.57159	3
1.57187	3
1.57214	3
1.57242	3
1.5727	3
1.57298	3
1.57326	3
1.57354	3
1.57382	3
1.57409	3
1.57437	3
1.57465	3
1.57493	3
1.57521	3
1.57549	3
1.57577	3
1.57604	3
1.57632	3
1.5766	3
1.57688	3
1.57716	3
1.57744	3
1.57772	3
1.57799	3
1.57827	3
1.57855	3
1.57883	3
1.57911	3
1.57939	3
1.57967	3
1.57994	3
1.58022	3
1.5805	3
1.58078	3
1.58106	3
1.58134	3
1.58162	3
1.58189	3
1.58217	3
1.58245	3
1.58273	3
1.58301	3
1.58329	3
1.58357	3
1.58384	3
1.58412	3
1.5844	3
1.58468	3
1.58496	3
1.58524	3
1.58552	3
1.58579	3
1.58607	3
1.58635	3
1.58663	3
1.58691	3
1.58719	3
1.58747	3
1.58774	3
1.58802	3
1.5883	3
1.58858	3
1.58886	3
1.58914	3
1.58942	3
1.58969	3
1.58997	3
1.59025	3
1.59053	3
1.59081	3
1.59109	3
1.59136	3
1.59164	3
1.59192	3
1.5922	3
1.59248	3
1.59276	3
1.59304	3
1.59331	3
1.59359	3
1.59387	3
1.59415	3
1.59443	3
1.59471	3
1.59499	3
1.59526	3
1.59554	3
1.59582	3
1.5961	3
1.59638	3
1.59666	3
1.59694	3
1.59721	3
1.59749	3
1.59777	3
1.59805	3
1.59833	3
1.59861	3
1.59889	3
1.59916	3
1.59944	3
1.59972	3
1.6	3
1.60028	3
1.60056	3
1.60084	3
1.60111	3
1.60139	3
1.60167	3
1.60195	3
1.60223	3
1.60251	3
1.60279	3
1.60306	3
1.60334	3
1.60362	3
1.6039	3
1.60418	3
1.60446	3
1.60474	3
1.60501	3
1.60529	3
1.60557	3
1.60585	3
1.60613	3
1.60641	3
1.60669	3
1.60696	3
1.60724	3
1.60752	3
1.6078	3
1.60808	3
1.60836	3
1.60864	3
1.60891	3
1.60919	3
1.60947	3
1.60975	3
1.61003	3
1.61031	3
1.61058	3
1.61086	3
1.61114	3
1.61142	3
1.6117	3
1.61198	3
1.61226	3
1.61253	3
1.61281	3
1.61309	3
1.61337	3
1.61365	3
1.61393	3
1.61421	3
1.61448	3
1.61476	3
1.61504	3
1.61532	3
1.6156	3
1.61588	3
1.61616	3
1.61643	3
1.61671	3
1.61699	3
1.61727	3
1.61755	3
1.61783	3
1.61811	3
1.61838	3
1.61866	3
1.61894	3
1.61922	3
1.6195	3
1.61978	3
1.62006	3
1.62033	3
1.62061	3
1.62089	3
1.62117	3
1.62145	3
1.62173	3
1.62201	3
1.62228	3
1.62256	3
1.62284	3
1.62312	3
1.6234	3
1.62368	3
1.62396	3
1.62423	3
1.62451	3
1.62479	3
1.62507	3
1.62535	3
1.62562	3
1.6259	3
1.62618	3
1.62646	3
1.62673	3
1.62701	3
1.62729	3
1.62757	3
1.62784	3
1.62812	3
1.6284	3
1.62868	3
1.62895	3
1.62923	3
1.62951	3
1.62979	3
1.63006	3
1.63034	3
1.63062	3
1.6309	3
1.63117	3
1.63145	3
1.63173	3
1.63201	3
1.63228	3
1.63256	3
1.63284	3
1.63312	3
1.63339	3
1.63367	3
1.63395	3
1.63423	3
1.6345	3
1.63478	3
1.63506	3
1.63534	3
1.63561	3
1.63589	3
1.63617	3
1.63645	3
1.63672	3
1.637	3
1.63728	3
1.63756	3
1.63783	3
1.63811	3
1.63839	3
1.63867	3
1.63894	3
1.63922	3
1.6395	3
1.63978	3
1.64005	3
1.64033	3
1.64061	3
1.64089	3
1.64116	3
1.64144	3
1.64172	3
1.642	3
1.64227	3
1.64255	3
1.64283	3
1.64311	3
1.64338	3
1.64366	3
1.64394	3
1.64422	3
1.64449	3
1.64477	3
1.64505	3
1.64533	3
1.6456	3
1.64588	3
1.64616	3
1.64644	3
1.64671	3
1.64699	3
1.64727	3
1.64755	3
1.64782	3
1.6481	3
1.64838	3
1.64866	3
1.64893	3
1.64921	3
1.64949	3
1.64977	3
1.65005	3
1.65032	3
1.6506	3
1.65088	3
1.65116	3
1.65143	3
1.65171	3
1.65199	3
1.65227	3
1.65254	3
1.65282	3
1.6531	3
1.65338	3
1.65365	3
1.65393	3
1.65421	3
1.65449	3
1.65476	3
1.65504	3
1.65532	3
1.6556	3
1.65587	3
1.65615	3
1.65643	3
1.65671	3
1.65698	3
1.65726	3
1.65754	3
1.65782	3
1.65809	3
1.65837	3
1.65865	3
1.65893	3
1.6592	3
1.65948	3
1.65976	3
1.66004	3
1.66031	3
1.66059	3
1.66087	3
1.66115	3
1.66142	3
1.6617	3
1.66198	3
1.66226	3
1.66253	3
1.66281	3
1.66309	3
1.66337	3
1.66364	3
1.66392	3
1.6642	3
1.66448	3
1.66475	3
1.66503	3
1.66531	3
1.66559	3
1.66586	3
1.66614	3
1.66642	3
1.6667	3
1.66697	3
1.66725	3
1.66753	3
1.66781	3
1.66808	3
1.66836	3
1.66864	3
1.66892	3
1.66919	3
1.66947	3
1.66975	3
1.67003	3
1.6703	3
1.67058	3
1.67086	3
1.67114	3
1.67141	3
1.67169	3
1.67197	3
1.67225	3
1.67252	3
1.6728	3
1.67308	3
1.67336	3
1.67363	3
1.67391	3
1.67419	3
1.67447	3
1.67475	3
1.67502	3
1.6753	3
1.67558	3
1.67586	3
1.67613	3
1.67641	3
1.67669	3
1.67697	3
1.67724	3
1.67752	3
1.6778	3
1.67808	3
1.67835	3
1.67863	3
1.67891	3
1.67919	3
1.67946	3
1.67974	3
1.68002	3
1.6803	3
1.68057	3
1.68085	3
1.68113	3
1.68141	3
1.68168	3
1.68196	3
1.68224	3
1.68252	3
1.68279	3
1.68307	3
1.68335	3
1.68363	3
1.6839	3
1.68418	3
1.68446	3
1.68474	3
1.68501	3
1.68529	3
1.68557	3
1.68585	3
1.68612	3
1.6864	3
1.68668	3
1.68696	3
1.68723	3
1.68751	3
1.68779	3
1.68807	3
1.68834	3
1.68862	3
1.6889	3
1.68918	3
1.68945	3
1.68973	3
1.69001	3
1.69029	3
1.69056	3
1.69084	3
1.69112	3
1.6914	3
1.69167	3
1.69195	3
1.69223	3
1.69251	3
1.69278	3
1.69306	3
1.69334	3
1.69362	3
1.69389	3
1.69417	3
1.69445	3
1.69473	3
1.695	3
1.69528	3
1.69556	3
1.69584	3
1.69611	3
1.69639	3
1.69667	3
1.69695	3
1.69722	3
1.6975	3
1.69778	3
1.69806	3
1.69833	3
1.69861	3
1.69889	3
1.69917	3
1.69944	3
1.69972	3
1.7	3
1.70028	3
1.70056	3
1.70083	3
1.70111	3
1.70139	3
1.70167	3
1.70194	3
1.70222	3
1.7025	3
1.70278	3
1.70306	3
1.70333	3
1.70361	3
1.70389	3
1.70417	3
1.70444	3
1.70472	3
1.705	3
1.70528	3
1.70556	3
1.70583	3
1.70611	3
1.70639	3
1.70667	3
1.70694	3
1.70722	3
1.7075	3
1.70778	3
1.70806	3
1.70833	3
1.70861	3
1.70889	3
1.70917	3
1.70944	3
1.70972	3
1.71	3
1.71028	3
1.71056	3
1.71083	3
1.71111	3
1.71139	3
1.71167	3
1.71194	3
1.71222	3
1.7125	3
1.71278	3
1.71306	3
1.71333	3
1.71361	3
1.71389	3
1.71417	3
1.71444	3
1.71472	3
1.715	3
1.71528	3
1.71556	3
1.71583	3
1.71611	3
1.71639	3
1.71667	3
1.71694	3
1.71722	3
1.7175	3
1.71778	3
1.71806	3
1.71833	3
1.71861	3
1.71889	3
1.71917	3
1.71944	3
1.71972	3
1.72	3
1.72028	3
1.72056	3
1.72083	3
1.72111	3
1.72139	3
1.72167	3
1.72194	3
1.72222	3
1.7225	3
1.72278	3
1.72306	3
1.72333	3
1.72361	3
1.72389	3
1.72417	3
1.72444	3
1.72472	3
1.725	3
1.72528	3
1.72556	3
1.72583	3
1.72611	3
1.72639	3
1.72667	3
1.72694	3
1.72722	3
1.7275	3
1.72778	3
1.72806	3
1.72833	3
1.72861	3
1.72889	3
1.72917	3
1.72944	3
1.72972	3
1.73	3
1.73028	3
1.73056	3
1.73083	3
1.73111	3
1.73139	3
1.73167	3
1.73194	3
1.73222	3
1.7325	3
1.73278	3
1.73306	3
1.73333	3
1.73361	3
1.73389	3
1.73417	3
1.73444	3
1.73472	3
1.735	3
1.73528	3
1.73556	3
1.73583	3
1.73611	3
1.73639	3
1.73667	3
1.73694	3
1.73722	3
1.7375	3
1.73778	3
1.73806	3
1.73833	3
1.73861	3
1.73889	3
1.73917	3
1.73944	3
1.73972	3
1.74	3
1.74028	3
1.74056	3
1.74083	3
1.74111	3
1.74139	3
1.74167	3
1.74194	3
1.74222	3
1.7425	3
1.74278	3
1.74306	3
1.74333	3
1.74361	3
1.74389	3
1.74417	3
1.74444	3
1.74472	3
1.745	3
1.74528	3
1.74556	3
1.74583	3
1.74611	3
1.74639	3
1.74667	3
1.74694	3
1.74722	3
1.7475	3
1.74778	3
1.74806	3
1.74833	3
1.74861	3
1.74889	3
1.74917	3
1.74944	3
1.74972	3
1.75	3
1.75028	3
1.75056	3
1.75083	3
1.75111	3
1.75139	3
1.75167	3
1.75194	3
1.75222	3
1.7525	3
1.75278	3
1.75306	3
1.75333	3
1.75361	3
1.75389	3
1.75417	3
1.75444	3
1.75472	3
1.755	3
1.75528	3
1.75556	3
1.75583	3
1.75611	3
1.75639	3
1.75667	3
1.75694	3
1.75722	3
1.7575	3
1.75778	3
1.75806	3
1.75833	3
1.75861	3
1.75889	3
1.75917	3
1.75944	3
1.75972	3
1.76	3
1.76028	3
1.76056	3
1.76083	3
1.76111	3
1.76139	3
1.76167	3
1.76194	3
1.76222	3
1.7625	3
1.76278	3
1.76306	3
1.76333	3
1.76361	3
1.76388	3
1.76416	3
1.76444	3
1.76471	3
1.76499	3
1.76526	3
1.76554	3
1.76581	3
1.76609	3
1.76637	3
1.76664	3
1.76692	3
1.76719	3
1.76747	3
1.76774	3
1.76802	3
1.7683	3
1.76857	3
1.76885	3
1.76912	3
1.7694	3
1.76967	3
1.76995	3
1.77023	3
1.7705	3
1.77078	3
1.77105	3
1.77133	3
1.7716	3
1.77188	3
1.77216	3
1.77243	3
1.77271	3
1.77298	3
1.77326	3
1.77353	3
1.77381	3
1.77409	3
1.77436	3
1.77464	3
1.77491	3
1.77519	3
1.77546	3
1.77574	3
1.77602	3
1.77629	3
1.77657	3
1.77684	3
1.77712	3
1.77739	3
1.77767	3
1.77794	3
1.77822	3
1.7785	3
1.77877	3
1.77905	3
1.77932	3
1.7796	3
1.77987	3
1.78015	3
1.78043	3
1.7807	3
1.78098	3
1.78125	3
1.78153	3
1.7818	3
1.78208	3
1.78236	3
1.78263	3
1.78291	3
1.78318	3
1.78346	3
1.78373	3
1.78401	3
1.78429	3
1.78456	3
1.78484	3
1.78511	3
1.78539	3
1.78566	3
1.78594	3
1.78622	3
1.78649	3
1.78677	3
1.78704	3
1.78732	3
1.78759	3
1.78787	3
1.78815	3
1.78842	3
1.7887	3
1.78897	3
1.78925	3
1.78952	3
1.7898	3
1.79008	3
1.79035	3
1.79063	3
1.7909	3
1.79118	3
1.79145	3
1.79173	3
1.79201	3
1.79228	3
1.79256	3
1.79283	3
1.79311	3
1.79338	3
1.79366	3
1.79393	3
1.79421	3
1.79449	3
1.79476	3
1.79504	3
1.79531	3
1.79559	3
1.79586	3
1.79614	3
1.79642	3
1.79669	3
1.79697	3
1.79724	3
1.79752	3
1.79779	3
1.79807	3
1.79835	3
1.79862	3
1.7989	3
1.79917	3
1.79945	3
1.79972	3
1.8	3
1.80028	3
1.80055	3
1.80083	3
1.80111	3
1.80139	3
1.80166	3
1.80194	3
1.80222	3
1.80249	3
1.80277	3
1.80305	3
1.80332	3
1.8036	3
1.80388	3
1.80416	3
1.80443	3
1.80471	3
1.80499	3
1.80526	3
1.80554	3
1.80582	3
1.80609	3
1.80637	3
1.80665	3
1.80693	3
1.8072	3
1.80748	3
1.80776	3
1.80803	3
1.80831	3
1.80859	3
1.80886	3
1.80914	3
1.80942	3
1.8097	3
1.80997	3
1.81025	3
1.81053	3
1.8108	3
1.81108	3
1.81136	3
1.81163	3
1.81191	3
1.81219	3
1.81247	3
1.81274	3
1.81302	3
1.8133	3
1.81357	3
1.81385	3
1.81413	3
1.8144	3
1.81468	3
1.81496	3
1.81524	3
1.81551	3
1.81579	3
1.81607	3
1.81634	3
1.81662	3
1.8169	3
1.81717	3
1.81745	3
1.81773	3
1.81801	3
1.81828	3
1.81856	3
1.81884	3
1.81911	3
1.81939	3
1.81967	3
1.81994	3
1.82022	3
1.8205	3
1.82078	3
1.82105	3
1.82133	3
1.82161	3
1.82188	3
1.82216	3
1.82244	3
1.82271	3
1.82299	3
1.82327	3
1.82355	3
1.82382	3
1.8241	3
1.82438	3
1.82465	3
1.82493	3
1.82521	3
1.82548	3
1.82576	3
1.82604	3
1.82632	3
1.82659	3
1.82687	3
1.82715	3
1.82742	3
1.8277	3
1.82798	3
1.82825	3
1.82853	3
1.82881	3
1.82909	3
1.82936	3
1.82964	3
1.82992	3
1.83019	3
1.83047	3
1.83075	3
1.83102	3
1.8313	3
1.83158	3
1.83186	3
1.83213	3
1.83241	3
1.83269	3
1.83296	3
1.83324	3
1.83352	3
1.8338	3
1.83407	3
1.83435	3
1.83463	3
1.8349	3
1.83518	3
1.83546	3
1.83573	3
1.83601	3
1.83629	3
1.83657	3
1.83684	3
1.83712	3
1.8374	3
1.83767	3
1.83795	3
1.83823	3
1.8385	3
1.83878	3
1.83906	3
1.83934	3
1.83961	3
1.83989	3
1.84017	3
1.84044	3
1.84072	3
1.841	3
1.84127	3
1.84155	3
1.84183	3
1.84211	3
1.84238	3
1.84266	3
1.84294	3
1.84321	3
1.84349	3
1.84377	3
1.84404	3
1.84432	3
1.8446	3
1.84488	3
1.84515	3
1.84543	3
1.84571	3
1.84598	3
1.84626	3
1.84654	3
1.84681	3
1.84709	3
1.84737	3
1.84765	3
1.84792	3
1.8482	3
1.84848	3
1.84875	3
1.84903	3
1.84931	3
1.84958	3
1.84986	3
1.85014	3
1.85042	3
1.85069	3
1.85097	3
1.85125	3
1.85152	3
1.8518	3
1.85208	3
1.85235	3
1.85263	3
1.85291	3
1.85319	3
1.85346	3
1.85374	3
1.85402	3
1.85429	3
1.85457	3
1.85485	3
1.85512	3
1.8554	3
1.85568	3
1.85596	3
1.85623	3
1.85651	3
1.85679	3
1.85706	3
1.85734	3
1.85762	3
1.85789	3
1.85817	4
1.85845	4
1.85873	4
1.859	4
1.85928	4
1.85956	4
1.85983	4
1.86011	4
1.86039	4
1.86066	3
1.86094	4
1.86122	3
1.8615	4
1.86177	3
1.86205	3
1.86233	3
1.8626	3
1.86288	3
1.86316	3
1.86343	3
1.86371	3
1.86399	3
1.86427	3
1.86454	3
1.86482	3
1.8651	3
1.86537	3
1.86565	3
1.86593	3
1.8662	3
1.86648	3
1.86676	3
1.86704	3
1.86731	3
1.86759	3
1.86787	3
1.86814	3
1.86842	3
1.8687	3
1.86898	3
1.86925	3
1.86953	3
1.86981	3
1.87008	3
1.87036	3
1.87064	3
1.87091	3
1.87119	3
1.87147	3
1.87175	3
1.87202	3
1.8723	3
1.87258	3
1.87285	3
1.87313	3
1.87341	3
1.87368	3
1.87396	3
1.87424	3
1.87452	3
1.87479	3
1.87507	3
1.87535	3
1.87562	3
1.8759	3
1.87618	3
1.87645	3
1.87673	3
1.87701	3
1.87729	3
1.87756	3
1.87784	3
1.87812	3
1.87839	3
1.87867	3
1.87895	3
1.87922	3
1.8795	3
1.87978	3
1.88006	3
1.88033	3
1.88061	3
1.88089	3
1.88116	3
1.88144	3
1.88172	3
1.88199	3
1.88227	3
1.88255	3
1.88283	3
1.8831	3
1.88338	3
1.88366	3
1.88393	3
1.88421	3
1.88449	3
1.88476	3
1.88504	3
1.88532	3
1.8856	3
1.88587	3
1.88615	3
1.88643	3
1.8867	3
1.88698	3
1.88726	3
1.88753	3
1.88781	3
1.88809	3
1.88837	3
1.88864	3
1.88892	3
1.8892	3
1.88947	3
1.88975	3
1.89003	3
1.8903	3
1.89058	3
1.89086	3
1.89114	3
1.89141	3
1.89169	3
1.89197	3
1.89224	3
1.89252	3
1.8928	3
1.89307	3
1.89335	3
1.89363	3
1.89391	3
1.89418	3
1.89446	3
1.89474	3
1.89501	3
1.89529	3
1.89557	3
1.89584	3
1.89612	3
1.8964	3
1.89668	3
1.89695	3
1.89723	3
1.89751	3
1.89778	3
1.89806	3
1.89834	3
1.89861	3
1.89889	3
1.89917	3
1.89945	3
1.89972	3
1.9	3
1.90028	3
1.90056	3
1.90083	3
1.90111	3
1.90139	3
1.90167	3
1.90194	3
1.90222	3
1.9025	3
1.90278	3
1.90306	3
1.90333	3
1.90361	3
1.90389	3
1.90417	3
1.90444	3
1.90472	3
1.905	3
1.90528	3
1.90556	3
1.90583	3
1.90611	3
1.90639	3
1.90667	3
1.90694	3
1.90722	3
1.9075	3
1.90778	3
1.90806	3
1.90833	3
1.90861	3
1.90889	3
1.90917	3
1.90944	3
1.90972	3
1.91	4
1.91028	3
1.91056	3
1.91083	3
1.91111	4
1.91139	4
1.91167	4
1.91194	4
1.91222	4
1.9125	4
1.91278	4
1.91306	4
1.91333	4
1.91361	4
1.91389	4
1.91417	4
1.91444	4
1.91472	4
1.915	4
1.91528	4
1.91556	4
1.91583	4
1.91611	4
1.91639	4
1.91667	4
1.91694	4
1.91722	4
1.9175	4
1.91778	4
1.91806	4
1.91833	4
1.91861	4
1.91889	4
1.91917	4
1.91944	4
1.91972	4
1.92	4
1.92028	4
1.92056	4
1.92083	4
1.92111	4
1.92139	4
1.92167	4
1.92194	3
1.92222	3
1.9225	3
1.92278	3
1.92306	3
1.92333	3
1.92361	3
1.92389	3
1.92417	3
1.92444	3
1.92472	3
1.925	3
1.92528	3
1.92556	3
1.92583	3
1.92611	3
1.92639	3
1.92667	3
1.92694	3
1.92722	3
1.9275	3
1.92778	3
1.92806	3
1.92833	3
1.92861	3
1.92889	3
1.92917	3
1.92944	3
1.92972	3
1.93	3
1.93028	3
1.93056	3
1.93083	3
1.93111	3
1.93139	3
1.93167	3
1.93194	3
1.93222	3
1.9325	3
1.93278	3
1.93306	3
1.93333	3
1.93361	3
1.93389	3
1.93417	3
1.93444	3
1.93472	3
1.935	3
1.93528	3
1.93556	3
1.93583	3
1.93611	3
1.93639	3
1.93667	3
1.93694	3
1.93722	3
1.9375	3
1.93778	3
1.93806	3
1.93833	3
1.93861	3
1.93889	3
1.93917	3
1.93944	3
1.93972	3
1.94	3
1.94028	3
1.94056	3
1.94083	3
1.94111	3
1.94139	3
1.94167	3
1.94194	3
1.94222	3
1.9425	3
1.94278	3
1.94306	3
1.94333	3
1.94361	3
1.94389	3
1.94417	3
1.94444	3
1.94472	3
1.945	3
1.94528	3
1.94556	3
1.94583	3
1.94611	3
1.94639	3
1.94667	3
1.94694	3
1.94722	3
1.9475	3
1.94778	3
1.94806	3
1.94833	3
1.94861	3
1.94889	3
1.94917	3
1.94944	3
1.94972	3
1.95	3
1.95028	3
1.95056	3
1.95083	3
1.95111	3
1.95139	3
1.95167	3
1.95194	3
1.95222	3
1.9525	3
1.95278	3
1.95306	3
1.95333	3
1.95361	3
1.95389	3
1.95417	3
1.95444	3
1.95472	3
1.955	3
1.95528	3
1.95556	3
1.95583	3
1.95611	3
1.95639	3
1.95667	3
1.95694	3
1.95722	3
1.9575	3
1.95778	3
1.95806	3
1.95833	3
1.95861	3
1.95889	3
1.95917	3
1.95944	3
1.95972	3
1.96	3
1.96028	3
1.96056	3
1.96083	3
1.96111	3
1.96139	3
1.96167	3
1.96194	3
1.96222	3
1.9625	3
1.96278	3
1.96306	3
1.96333	3
1.96361	3
1.96389	3
1.96417	3
1.96444	3
1.96472	3
1.965	3
1.96528	3
1.96556	3
1.96583	3
1.96611	3
1.96639	3
1.96667	3
1.96694	3
1.96722	3
1.9675	3
1.96778	3
1.96806	3
1.96833	3
1.96861	3
1.96889	3
1.96917	3
1.96944	3
1.96972	3
1.97	3
1.97028	3
1.97056	3
1.97083	3
1.97111	3
1.97139	3
1.97167	3
1.97194	3
1.97222	3
1.9725	3
1.97278	3
1.97306	3
1.97333	3
1.97361	3
1.97389	3
1.97417	3
1.97444	3
1.97472	3
1.975	3
1.97528	3
1.97556	3
1.97583	3
1.97611	3
1.97639	3
1.97667	3
1.97694	3
1.97722	3
1.9775	3
1.97778	3
1.97806	3
1.97833	3
1.97861	3
1.97889	3
1.97917	3
1.97944	3
1.97972	3
1.98	3
1.98028	3
1.98056	3
1.98083	3
1.98111	3
1.98139	3
1.98167	3
1.98194	3
1.98222	3
1.9825	3
1.98278	3
1.98306	3
1.98333	3
1.98361	3
1.98389	3
1.98417	3
1.98444	3
1.98472	3
1.985	3
1.98528	3
1.98556	3
1.98583	3
1.98611	3
1.98639	3
1.98667	3
1.98694	3
1.98722	3
1.9875	3
1.98778	3
1.98806	3
1.98833	3
1.98861	3
1.98889	3
1.98917	3
1.98944	3
1.98972	3
1.99	3
1.99028	3
1.99056	3
1.99083	3
1.99111	3
1.99139	3
1.99167	3
1.99194	3
1.99222	3
1.9925	3
1.99278	3
1.99306	3
1.99333	3
1.99361	3
1.99389	3
1.99417	3
1.99444	3
1.99472	3
1.995	3
1.99528	3
1.99556	3
1.99583	3
1.99611	3
1.99639	3
1.99667	3
1.99694	3
1.99722	3
1.9975	3
1.99778	3
1.99806	3
1.99833	3
1.99861	3
1.99889	3
1.99917	3
1.99944	3
1.99972	3
2	3
