	2
0.000210526	10
0.000415433	7
0.000620762	6
0.000827802	5
0.00103836	5
0.0012521	4
0.00146865	4
0.0016881	5
0.00191002	5
0.00213448	4
0.00236102	4
0.00258969	4
0.00281997	4
0.00305135	4
0.0032844	4
0.00351858	3
0.00375333	3
0.00398923	3
0.00422571	3
0.00446277	4
0.00470043	4
0.00493867	3
0.00517752	4
0.00541637	3
0.00565522	3
0.00589467	3
0.00613412	3
0.00637358	3
0.00661303	2
0.00685249	3
0.00709194	2
0.00733139	2
0.00757085	2
0.00780968	2
0.00804852	2
0.00828735	2
0.00852619	2
0.00876502	2
0.00900386	2
0.00924269	2
0.00948153	2
0.00972036	2
0.0099592	2
0.010198	2
0.0104369	2
0.0106757	2
0.0109145	2
0.0111534	2
0.0113922	2
0.011631	2
0.0118699	2
0.0121094	2
0.0123488	2
0.0125883	2
0.0128278	2
0.0130673	2
0.0133068	2
0.0135463	2
0.0137857	2
0.0140252	2
0.0142647	2
0.0145042	2
0.0147444	2
0.0149845	2
0.0152247	2
0.0154648	2
0.015705	2
0.0159451	2
0.0161853	2
0.0164255	2
0.0166663	2
0.0169072	2
0.017148	2
0.0173889	2
0.0176297	2
0.0178705	2
0.0181114	1
0.018353	2
0.0185945	2
0.0188361	2
0.0190776	1
0.0193192	2
0.0195608	1
0.019803	2
0.0200453	1
0.0202876	1
0.0205299	1
0.0207722	1
0.0210145	1
0.0212575	2
0.0215005	2
0.0217436	1
0.0219866	1
0.0222296	1
0.0224727	1
0.0227165	1
0.0229603	1
0.0232041	1
0.0234479	1
0.0236917	1
0.0239362	1
0.0241808	1
0.0244254	1
0.02467	1
0.0249153	1
0.0251607	1
0.0254061	1
0.0256515	1
0.0258977	1
0.0261438	1
0.02639	1
0.026637	1
0.0268841	1
0.0271311	1
0.0273789	1
0.0276268	1
0.0278746	1
0.0281233	1
0.028372	1
0.0286216	1
0.0288712	1
0.0291216	1
0.0293721	1
0.0296234	1
0.0298748	1
0.0301261	1
0.0303784	1
0.0306316	1
0.0308847	1
0.0311388	1
0.0313929	1
0.031648	1
0.031903	1
0.032159	1
0.032416	1
0.032673	1
0.0329309	1
0.0331889	1
0.0334478	1
0.0337078	1
0.0339678	1
0.0342288	1
0.0344908	1
0.0347528	1
0.0350159	1
0.0352801	1
0.0355443	1
0.0358095	1
0.0360748	1
0.0363411	1
0.0366086	1
0.0368761	1
0.0371447	1
0.0374144	1
0.0376842	1
0.0379552	1
0.0382261	1
0.0384982	1
0.0387716	1
0.0390449	1
0.0393195	1
0.039594	1
0.0398699	1
0.040147	1
0.0404241	1
0.0407025	1
0.0409809	1
0.0412606	1
0.0415403	1
0.0418213	1
0.0421024	1
0.0423848	1
0.0426672	1
0.0429497	1
0.0432335	1
0.0435173	1
0.0438026	1
0.0440879	1
0.0443746	1
0.0446613	1
0.0449481	1
0.0452363	1
0.0455245	1
0.0458127	1
0.0461025	1
0.0463923	1
0.0466821	1
0.0469718	1
0.0472632	1
0.0475546	1
0.0478459	1
0.0481373	1
0.0484303	1
0.0487233	1
0.0490163	1
0.0493093	1
0.0496023	1
0.0498971	1
0.0501918	1
0.0504865	1
0.0507812	1
0.051076	1
0.0513707	1
0.0516672	1
0.0519637	1
0.0522602	1
0.0525568	1
0.0528533	1
0.0531498	1
0.0534463	1
0.0537428	1
0.0540394	1
0.0543359	1
0.0546343	1
0.0549328	1
0.0552313	1
0.0555297	1
0.0558282	1
0.0561266	1
0.0564251	1
0.0567235	1
0.057022	1
0.0573205	1
0.0576189	1
0.0579174	1
0.0582158	1
0.0585143	1
0.0588128	1
0.0591112	1
0.0594097	1
0.0597081	1
0.0600066	1
0.060305	1
0.0606035	1
0.060902	1
0.0612004	1
0.0614989	1
0.0617973	1
0.0620958	1
0.0623943	1
0.0626927	1
0.0629912	1
0.0632896	1
0.0635881	1
0.0638865	1
0.064185	1
0.0644835	1
0.0647819	1
0.0650804	1
0.0653788	1
0.0656773	1
0.0659758	1
0.0662742	1
0.0665727	1
0.0668711	1
0.0671696	1
0.067468	1
0.0677665	1
0.068065	1
0.0683634	1
0.0686619	1
0.0689603	1
0.0692588	1
0.0695573	1
0.0698557	1
0.0701542	1
0.0704526	1
0.0707511	1
0.0710495	1
0.071348	1
0.0716465	1
0.0719449	1
0.0722434	1
0.0725418	1
0.0728403	1
0.0731388	1
0.0734372	1
0.0737357	1
0.0740341	1
0.0743326	1
0.074631	1
0.0749295	1
0.075228	1
0.0755264	1
0.0758249	1
0.0761233	1
0.0764218	1
0.0767203	1
0.0770187	1
0.0773172	1
0.0776156	1
0.0779141	1
0.0782125	1
0.078511	1
0.0788095	1
0.0791079	1
0.0794064	1
0.0797048	1
0.0800033	1
0.0803018	1
0.0806002	1
0.0808987	1
0.0811971	1
0.0814956	1
0.081794	1
0.0820925	1
0.082391	1
0.0826894	1
0.0829879	1
0.0832863	1
0.0835848	1
0.0838833	1
0.0841817	1
0.0844802	1
0.0847786	1
0.0850771	1
0.0853755	1
0.085674	1
0.0859725	1
0.0862709	1
0.0865694	1
0.0868678	1
0.0871663	1
0.0874648	1
0.0877632	1
0.0880617	1
0.0883601	1
0.0886586	1
0.088957	1
0.0892555	1
0.089554	1
0.0898524	1
0.0901509	1
0.0904493	1
0.0907478	1
0.0910463	1
0.0913447	1
0.0916432	1
0.0919416	1
0.0922401	1
0.0925385	1
0.092837	1
0.0931355	1
0.0934339	1
0.0937324	1
0.0940308	1
0.0943293	1
0.0946278	1
0.0949262	1
0.0952247	1
0.0955231	1
0.0958216	1
0.09612	1
0.0964185	1
0.096717	1
0.0970154	1
0.0973139	1
0.0976123	1
0.0979108	1
0.0982093	1
0.0985077	1
0.0988062	1
0.0991046	1
0.0994031	1
0.0997015	1
0.1	1
0.100299	1
0.100597	1
0.100896	1
0.101194	1
0.101493	1
0.101791	1
0.10209	1
0.102388	1
0.102687	1
0.102985	1
0.103284	1
0.103582	1
0.103881	1
0.104179	1
0.104478	1
0.104776	1
0.105075	1
0.105373	1
0.105672	1
0.10597	1
0.106269	1
0.106567	1
0.106866	1
0.107164	1
0.107463	1
0.107761	1
0.10806	1
0.108358	1
0.108657	1
0.108955	1
0.109254	1
0.109552	1
0.109851	1
0.110149	1
0.110448	1
0.110746	1
0.111045	1
0.111343	1
0.111641	1
0.111938	1
0.112236	1
0.112533	1
0.112831	1
0.113128	1
0.113426	1
0.113723	1
0.114021	1
0.114318	1
0.114616	1
0.114913	1
0.115211	1
0.115507	1
0.115804	1
0.1161	1
0.116397	1
0.116693	1
0.11699	1
0.117286	1
0.117583	1
0.117879	1
0.118176	1
0.118472	1
0.118768	1
0.119064	1
0.119359	1
0.119655	1
0.11995	1
0.120245	1
0.120541	1
0.120836	1
0.121132	1
0.121427	1
0.121722	1
0.122018	1
0.122313	1
0.122608	1
0.122904	1
0.123198	1
0.123492	1
0.123787	1
0.124081	1
0.124375	1
0.124669	1
0.124964	1
0.125258	1
0.125552	1
0.125846	1
0.126141	1
0.126435	1
0.126729	1
0.127024	1
0.127318	1
0.127612	1
0.127905	1
0.128198	1
0.128491	1
0.128784	1
0.129077	1
0.12937	1
0.129664	1
0.129957	1
0.13025	1
0.130543	1
0.130836	1
0.131129	1
0.131422	1
0.131715	1
0.132008	1
0.132301	1
0.132594	1
0.132887	1
0.13318	1
0.133472	1
0.133764	1
0.134056	1
0.134347	1
0.134639	1
0.134931	1
0.135223	1
0.135515	1
0.135806	1
0.136098	1
0.13639	1
0.136682	1
0.136974	1
0.137265	1
0.137557	1
0.137849	1
0.138141	1
0.138433	1
0.138724	1
0.139016	1
0.139308	1
0.1396	1
0.139891	1
0.140182	1
0.140472	1
0.140763	1
0.141053	1
0.141343	1
0.141634	1
0.141924	1
0.142215	1
0.142505	1
0.142795	1
0.143086	1
0.143376	1
0.143666	1
0.143957	1
0.144247	1
0.144538	1
0.144828	1
0.145118	1
0.145409	1
0.145699	1
0.145989	1
0.14628	1
0.14657	1
0.146861	1
0.147151	1
0.147441	1
0.147732	1
0.148022	1
0.148312	1
0.148603	1
0.148892	1
0.14918	1
0.149469	1
0.149758	1
0.150047	1
0.150335	1
0.150624	1
0.150913	1
0.151202	1
0.15149	1
0.151779	1
0.152068	1
0.152357	1
0.152645	1
0.152934	1
0.153223	1
0.153512	1
0.1538	1
0.154089	1
0.154378	1
0.154667	1
0.154955	1
0.155244	1
0.155533	1
0.155822	1
0.15611	1
0.156399	1
0.156688	1
0.156977	1
0.157265	1
0.157554	1
0.157843	1
0.158132	1
0.15842	1
0.158709	1
0.158998	1
0.159285	1
0.159571	1
0.159858	1
0.160145	1
0.160431	1
0.160718	1
0.161005	1
0.161292	1
0.161578	1
0.161865	1
0.162152	1
0.162439	1
0.162725	1
0.163012	1
0.163299	1
0.163585	1
0.163872	1
0.164159	1
0.164446	1
0.164732	1
0.165019	1
0.165306	1
0.165593	1
0.165879	1
0.166166	1
0.166453	1
0.166739	1
0.167026	1
0.167313	1
0.1676	1
0.167886	1
0.168173	1
0.16846	1
0.168747	1
0.169033	1
0.16932	1
0.169607	1
0.169893	1
0.17018	1
0.170467	1
0.170754	1
0.17104	1
0.171327	1
0.171614	1
0.171901	1
0.172187	1
0.172474	1
0.172761	1
0.173047	1
0.173334	1
0.173621	1
0.173905	1
0.174188	1
0.174472	1
0.174756	1
0.175039	1
0.175323	1
0.175606	1
0.17589	1
0.176174	1
0.176457	1
0.176741	1
0.177025	1
0.177308	1
0.177592	1
0.177876	1
0.178159	1
0.178443	1
0.178727	1
0.17901	1
0.179294	1
0.179578	1
0.179861	1
0.180145	1
0.180428	1
0.180712	1
0.180996	1
0.181279	1
0.181563	1
0.181847	1
0.18213	1
0.182414	1
0.182698	1
0.182981	1
0.183265	1
0.183549	1
0.183832	1
0.184116	1
0.184399	1
0.184683	1
0.184967	1
0.18525	1
0.185534	1
0.185818	1
0.186101	1
0.186385	1
0.186669	1
0.186952	1
0.187236	1
0.18752	1
0.187803	1
0.188087	1
0.188371	1
0.188654	1
0.188938	1
0.189221	1
0.189505	1
0.189789	1
0.190072	1
0.190356	1
0.19064	1
0.190923	1
0.191207	1
0.191491	1
0.191774	1
0.192058	1
0.192342	1
0.192625	1
0.192909	1
0.193193	1
0.193476	1
0.19376	1
0.194043	1
0.194327	1
0.194611	1
0.194894	1
0.195178	1
0.195462	1
0.195745	1
0.196029	1
0.196313	1
0.196596	1
0.19688	1
0.197164	1
0.197447	1
0.197731	1
0.198014	1
0.198298	1
0.198582	1
0.198865	1
0.199149	1
0.199433	1
0.199716	1
0.2	1
0.200283	1
0.200567	1
0.20085	1
0.201133	1
0.201416	1
0.2017	1
0.201983	1
0.202266	1
0.20255	1
0.202833	1
0.203116	1
0.203399	1
0.203683	1
0.203966	1
0.204249	1
0.204533	1
0.204816	1
0.205099	1
0.205382	1
0.205666	1
0.205949	1
0.206231	1
0.206514	1
0.206796	1
0.207079	1
0.207361	1
0.207644	1
0.207926	1
0.208208	1
0.208491	1
0.208773	1
0.209056	1
0.209338	1
0.209621	1
0.209903	1
0.210186	1
0.210468	1
0.21075	1
0.211033	1
0.211315	1
0.211598	1
0.21188	1
0.212163	1
0.212445	1
0.212727	1
0.21301	1
0.213292	1
0.213575	1
0.213857	1
0.21414	1
0.214422	1
0.214705	1
0.214987	1
0.215269	1
0.215552	1
0.215834	1
0.216117	1
0.216399	1
0.216681	1
0.216962	1
0.217244	1
0.217525	1
0.217807	1
0.218088	1
0.21837	1
0.218651	1
0.218932	1
0.219214	1
0.219495	1
0.219777	1
0.220058	1
0.22034	1
0.220621	1
0.220903	1
0.221184	1
0.221466	1
0.221747	1
0.222029	1
0.22231	1
0.222592	1
0.222873	1
0.223155	1
0.223436	1
0.223718	1
0.223999	1
0.224281	1
0.224562	1
0.224844	1
0.225125	1
0.225407	1
0.225688	1
0.22597	1
0.226251	1
0.226533	1
0.226814	1
0.227096	1
0.227377	1
0.227658	1
0.22794	1
0.228221	1
0.228503	1
0.228784	1
0.229066	1
0.229347	1
0.229629	1
0.22991	1
0.230191	1
0.230471	1
0.230751	1
0.231032	1
0.231312	1
0.231593	1
0.231873	1
0.232153	1
0.232434	1
0.232714	1
0.232994	1
0.233275	1
0.233555	1
0.233835	1
0.234116	1
0.234396	1
0.234676	1
0.234957	1
0.235237	1
0.235518	1
0.235798	1
0.236078	1
0.236359	1
0.236639	1
0.236919	1
0.2372	1
0.23748	1
0.23776	1
0.238041	1
0.238321	1
0.238601	1
0.238882	1
0.239162	1
0.239443	1
0.239723	1
0.240003	1
0.240284	1
0.240564	1
0.240844	1
0.241125	1
0.241405	1
0.241685	1
0.241966	1
0.242246	1
0.242527	1
0.242807	1
0.243087	1
0.243368	1
0.243648	1
0.243928	1
0.244209	1
0.244489	1
0.244769	1
0.24505	1
0.24533	1
0.24561	1
0.245891	1
0.246171	1
0.246452	1
0.246732	1
0.247012	1
0.247293	1
0.247573	1
0.247853	1
0.248134	1
0.248414	1
0.248694	1
0.248975	1
0.249255	1
0.249534	1
0.249813	1
0.250092	1
0.25037	1
0.250649	1
0.250928	1
0.251207	1
0.251486	1
0.251764	1
0.252043	1
0.252322	1
0.252601	1
0.25288	1
0.253159	1
0.253437	1
0.253716	1
0.253995	1
0.254274	1
0.254553	1
0.254831	1
0.25511	1
0.255389	1
0.255668	1
0.255947	1
0.256226	1
0.256504	1
0.256783	1
0.257062	1
0.257341	1
0.25762	1
0.257898	1
0.258177	1
0.258456	1
0.258735	1
0.259014	1
0.259293	1
0.259571	1
0.25985	1
0.260129	1
0.260408	1
0.260687	1
0.260965	1
0.261244	1
0.261523	1
0.261802	1
0.262081	1
0.26236	1
0.262638	1
0.262917	1
0.263196	1
0.263475	1
0.263754	1
0.264032	1
0.264311	1
0.26459	1
0.264869	1
0.265148	1
0.265427	1
0.265705	1
0.265984	1
0.266263	1
0.266542	1
0.266821	1
0.267099	1
0.267378	1
0.267657	1
0.267936	1
0.268215	1
0.268494	1
0.268772	1
0.269051	1
0.26933	1
0.269609	1
0.269888	1
0.270166	1
0.270445	1
0.270724	1
0.271003	1
0.271282	1
0.271561	1
0.271839	1
0.272118	1
0.272397	1
0.272676	1
0.272955	1
0.273233	1
0.273512	1
0.273791	1
0.27407	1
0.274349	1
0.274628	1
0.274906	1
0.275185	1
0.275464	1
0.275743	1
0.276022	1
0.2763	1
0.276579	1
0.276858	1
0.277137	1
0.277416	1
0.277695	1
0.277973	1
0.278252	1
0.278531	1
0.27881	1
0.279089	1
0.279367	1
0.279646	1
0.279925	1
0.280204	1
0.280483	1
0.280762	1
0.28104	1
0.281319	1
0.281598	1
0.281877	1
0.282156	1
0.282434	1
0.282713	1
0.282992	1
0.283271	1
0.28355	1
0.283829	1
0.284107	1
0.284386	1
0.284665	1
0.284944	1
0.285223	1
0.285501	1
0.28578	1
0.286059	1
0.286338	1
0.286617	1
0.286896	1
0.287174	1
0.287453	1
0.287726	2
0.287999	1
0.288271	1
0.288544	1
0.288817	1
0.28909	1
0.289362	1
0.289635	1
0.289908	1
0.290181	1
0.290454	1
0.290726	1
0.290999	1
0.291272	1
0.291545	1
0.291817	1
0.29209	1
0.292363	1
0.292636	1
0.292908	1
0.293181	1
0.293454	1
0.293727	1
0.293999	1
0.294272	1
0.294545	1
0.294818	1
0.29509	1
0.295363	1
0.295636	1
0.295909	1
0.296181	1
0.296454	1
0.296727	1
0.297	1
0.297272	1
0.297545	1
0.297818	1
0.298091	1
0.298363	1
0.298636	1
0.298909	1
0.299182	1
0.299454	1
0.299727	1
0.3	1
0.300278	2
0.300556	1
0.300833	1
0.301111	1
0.301389	1
0.301667	1
0.301944	1
0.302222	1
0.3025	1
0.302778	1
0.303056	1
0.303333	1
0.303611	1
0.303889	1
0.304167	1
0.304444	1
0.304722	1
0.305	1
0.305278	1
0.305556	1
0.305833	1
0.306111	1
0.306389	1
0.306667	1
0.306944	1
0.307222	1
0.3075	1
0.307778	1
0.308056	1
0.308333	1
0.308611	1
0.308889	1
0.309167	1
0.309444	1
0.309722	1
0.31	1
0.310278	1
0.310556	1
0.310833	1
0.311111	1
0.311389	1
0.311667	1
0.311944	1
0.312222	1
0.3125	1
0.312778	1
0.313056	1
0.313333	1
0.313611	1
0.313889	1
0.314167	1
0.314444	1
0.314722	1
0.315	1
0.315278	1
0.315556	1
0.315833	1
0.316111	1
0.316389	1
0.316667	1
0.316944	1
0.317222	1
0.3175	1
0.317778	1
0.318056	1
0.318333	1
0.318611	1
0.318889	1
0.319167	1
0.319444	1
0.319722	1
0.32	1
0.320278	1
0.320556	1
0.320833	1
0.321111	1
0.321389	1
0.321667	1
0.321944	1
0.322222	1
0.3225	1
0.322778	1
0.323056	1
0.323333	1
0.323611	1
0.323889	1
0.324167	1
0.324444	1
0.324722	1
0.325	1
0.325278	1
0.325556	1
0.325832	1
0.326109	1
0.326386	1
0.326663	1
0.326939	1
0.327216	1
0.327493	1
0.32777	1
0.328046	1
0.328323	1
0.3286	1
0.328876	1
0.329153	1
0.32943	1
0.329707	1
0.329983	1
0.33026	1
0.330537	1
0.330814	1
0.33109	1
0.331367	1
0.331644	1
0.331921	1
0.332197	1
0.332474	1
0.332751	1
0.333028	1
0.333304	1
0.333581	1
0.333858	1
0.334135	1
0.334411	1
0.334688	1
0.334965	1
0.335242	1
0.335518	1
0.335795	1
0.336072	1
0.336349	1
0.336625	1
0.336902	1
0.337179	1
0.337456	1
0.337732	1
0.338009	1
0.338286	1
0.338563	1
0.338839	1
0.339116	1
0.339393	1
0.33967	1
0.339946	1
0.340223	1
0.3405	1
0.340777	1
0.341053	1
0.34133	1
0.341607	1
0.341884	1
0.34216	1
0.342437	1
0.342714	1
0.34299	1
0.343267	1
0.343544	1
0.343821	1
0.344097	1
0.344374	1
0.344651	1
0.344928	1
0.345204	1
0.345481	1
0.345758	1
0.346035	1
0.346311	1
0.346588	1
0.346865	1
0.347142	1
0.347418	1
0.347695	1
0.347972	1
0.348249	1
0.348525	1
0.348802	1
0.349079	1
0.349356	1
0.349632	1
0.349909	1
0.350186	1
0.350463	1
0.350739	1
0.351016	1
0.351293	1
0.35157	1
0.351846	1
0.352123	1
0.3524	1
0.352677	1
0.352953	1
0.35323	1
0.353507	1
0.353784	1
0.35406	1
0.354337	1
0.354614	1
0.354891	1
0.355167	1
0.355444	1
0.355721	1
0.355998	1
0.356274	1
0.356551	1
0.356828	1
0.357105	1
0.357381	1
0.357658	1
0.357935	1
0.358211	1
0.358488	1
0.358765	1
0.359042	1
0.359318	1
0.359595	1
0.359872	1
0.360149	1
0.360425	1
0.360702	1
0.360979	1
0.361256	1
0.361532	1
0.361809	1
0.362086	1
0.362363	1
0.362639	1
0.362916	1
0.363193	1
0.36347	1
0.363746	1
0.364023	1
0.3643	1
0.364577	1
0.364853	1
0.36513	1
0.365407	1
0.365684	1
0.36596	1
0.366237	1
0.366514	1
0.366791	1
0.367067	1
0.367344	1
0.367621	1
0.367898	1
0.368174	1
0.368451	1
0.368728	1
0.369005	1
0.369281	1
0.369558	1
0.369835	1
0.370112	1
0.370388	1
0.370665	1
0.370942	1
0.371219	1
0.371495	1
0.371769	1
0.372043	1
0.372318	1
0.372592	1
0.372866	1
0.37314	1
0.373414	1
0.373688	1
0.373962	1
0.374236	1
0.37451	1
0.374784	1
0.375058	1
0.375332	1
0.375607	1
0.375881	1
0.376155	1
0.376429	1
0.376703	1
0.376977	1
0.377251	1
0.377525	1
0.377799	1
0.378073	1
0.378347	1
0.378621	1
0.378896	1
0.37917	1
0.379444	1
0.379718	1
0.379992	1
0.380266	1
0.38054	1
0.380814	1
0.381088	1
0.381362	1
0.381636	1
0.38191	1
0.382185	1
0.382459	1
0.382733	1
0.383007	1
0.383281	1
0.383555	1
0.383829	1
0.384103	1
0.384377	1
0.384651	1
0.384925	1
0.385199	1
0.385474	1
0.385748	1
0.386022	1
0.386296	1
0.38657	1
0.386844	1
0.387118	1
0.387392	1
0.387666	1
0.38794	1
0.388214	1
0.388488	1
0.388763	1
0.389037	1
0.389311	1
0.389585	1
0.389859	1
0.390133	1
0.390407	1
0.390681	1
0.390955	1
0.391229	1
0.391503	1
0.391777	1
0.392052	1
0.392326	1
0.3926	1
0.392874	1
0.393148	1
0.393422	1
0.393696	1
0.39397	1
0.394244	1
0.394518	1
0.394792	1
0.395066	1
0.395341	1
0.395615	1
0.395889	1
0.396163	1
0.396437	1
0.396711	1
0.396985	1
0.397259	1
0.397533	1
0.397807	1
0.398081	1
0.398355	1
0.39863	1
0.398904	1
0.399178	1
0.399452	1
0.399726	1
0.4	1
0.400275	1
0.400551	1
0.400826	1
0.401102	1
0.401377	1
0.401653	1
0.401928	1
0.402204	1
0.402479	1
0.402755	1
0.40303	1
0.403306	1
0.403581	1
0.403857	1
0.404132	1
0.404408	1
0.404683	1
0.404959	1
0.405234	1
0.40551	1
0.405785	1
0.406061	1
0.406336	1
0.406612	1
0.406887	1
0.407163	1
0.407438	1
0.407713	1
0.407987	1
0.408262	1
0.408537	1
0.408811	1
0.409086	1
0.409361	1
0.409635	1
0.40991	1
0.410185	1
0.410459	1
0.410734	1
0.411009	1
0.411283	1
0.411558	1
0.411833	1
0.412107	1
0.412382	1
0.412657	1
0.412931	1
0.413206	1
0.413481	1
0.413755	1
0.41403	1
0.414305	1
0.414579	1
0.414854	1
0.415129	1
0.415403	1
0.415678	1
0.415953	1
0.416227	1
0.416502	1
0.416777	1
0.417051	1
0.417326	1
0.417601	1
0.417875	1
0.41815	1
0.418425	1
0.418699	1
0.418974	1
0.419249	1
0.419523	1
0.419798	1
0.420073	1
0.420347	1
0.420622	1
0.420897	1
0.421171	1
0.421446	1
0.421721	1
0.421995	1
0.42227	1
0.422545	1
0.422819	1
0.423094	1
0.423369	1
0.423643	1
0.423918	1
0.424193	1
0.424467	1
0.424742	1
0.425017	1
0.425291	1
0.425566	1
0.42584	1
0.426113	1
0.426387	1
0.426661	1
0.426934	1
0.427208	1
0.427481	1
0.427755	1
0.428029	1
0.428302	1
0.428576	1
0.42885	1
0.429123	1
0.429397	1
0.429671	1
0.429944	1
0.430218	1
0.430492	1
0.430765	1
0.431039	1
0.431313	1
0.431586	1
0.43186	1
0.432134	1
0.432407	1
0.432681	1
0.432955	1
0.433228	1
0.433502	1
0.433776	1
0.434049	1
0.434323	1
0.434596	1
0.43487	1
0.435144	1
0.435417	1
0.435691	1
0.435965	1
0.436238	1
0.436512	1
0.436786	1
0.437059	1
0.437333	1
0.437607	1
0.43788	1
0.438154	1
0.438428	1
0.438701	1
0.438975	1
0.439249	1
0.439522	1
0.439796	1
0.44007	1
0.440343	1
0.440617	1
0.440891	1
0.441164	1
0.441438	1
0.441712	1
0.441985	1
0.442259	1
0.442532	1
0.442806	1
0.44308	1
0.443353	1
0.443627	1
0.443901	1
0.444174	1
0.444448	1
0.444722	1
0.444995	1
0.445269	1
0.445543	1
0.445816	1
0.44609	1
0.446364	1
0.446637	1
0.446911	1
0.447185	1
0.447458	1
0.447732	1
0.448006	1
0.448279	1
0.448553	1
0.448827	1
0.4491	1
0.449374	1
0.449648	1
0.449921	1
0.450195	1
0.450468	1
0.450742	1
0.451016	1
0.451289	1
0.451563	1
0.451837	1
0.45211	1
0.452384	1
0.452658	1
0.452931	1
0.453205	1
0.453479	1
0.453752	1
0.454026	1
0.4543	1
0.454573	1
0.454847	1
0.455121	1
0.455394	1
0.455668	1
0.455942	1
0.456215	1
0.456489	1
0.456763	1
0.457036	1
0.45731	1
0.457583	1
0.457857	1
0.458131	1
0.458404	1
0.458678	1
0.458952	1
0.459225	1
0.459499	1
0.459773	1
0.460046	1
0.46032	1
0.460594	1
0.460867	1
0.461141	1
0.461415	1
0.461688	1
0.461962	1
0.462236	1
0.462509	1
0.462783	1
0.463057	1
0.46333	1
0.463604	1
0.463878	1
0.464151	1
0.464425	1
0.464699	1
0.464972	1
0.465246	1
0.465519	1
0.465793	1
0.466067	1
0.46634	1
0.466614	1
0.466888	1
0.467161	1
0.467435	1
0.467709	1
0.467982	1
0.468256	1
0.46853	1
0.468803	1
0.469077	1
0.469351	1
0.469624	1
0.469898	1
0.470172	1
0.470445	1
0.470719	1
0.470993	1
0.471266	1
0.47154	1
0.471814	1
0.472087	1
0.472361	1
0.472635	1
0.472908	1
0.473182	1
0.473455	1
0.473729	1
0.474003	1
0.474276	1
0.47455	1
0.474824	1
0.475097	1
0.475371	1
0.475645	1
0.475918	1
0.476192	1
0.476466	1
0.476739	1
0.477013	1
0.477287	1
0.47756	1
0.477834	1
0.478108	1
0.478381	1
0.478655	1
0.478929	1
0.479202	1
0.479476	1
0.47975	1
0.480023	1
0.480297	1
0.480571	1
0.480844	1
0.481118	1
0.481391	1
0.481665	1
0.481939	1
0.482212	1
0.482486	1
0.48276	1
0.483033	1
0.483307	1
0.483581	1
0.483854	1
0.484128	1
0.484402	1
0.484675	1
0.484949	1
0.485223	1
0.485496	1
0.48577	1
0.486044	1
0.486317	1
0.486591	1
0.486865	1
0.487138	1
0.487412	1
0.487686	1
0.487959	1
0.488233	1
0.488506	1
0.48878	1
0.489054	1
0.489327	1
0.489601	1
0.489875	1
0.490148	1
0.490422	1
0.490696	1
0.490969	1
0.491243	1
0.491517	1
0.49179	1
0.492064	1
0.492338	1
0.492611	1
0.492885	1
0.493159	1
0.493432	1
0.493706	1
0.49398	1
0.494253	1
0.494527	1
0.494801	1
0.495074	1
0.495348	1
0.495622	1
0.495895	1
0.496169	1
0.496442	1
0.496716	1
0.49699	1
0.497263	1
0.497537	1
0.497811	1
0.498084	1
0.498358	1
0.498632	1
0.498905	1
0.499179	1
0.499453	1
0.499726	1
0.5	1
0.500278	1
0.500556	1
0.500833	1
0.501111	1
0.501389	1
0.501667	1
0.501946	1
0.502225	1
0.502503	1
0.502782	1
0.50306	1
0.503339	1
0.503617	1
0.503896	1
0.504175	1
0.504453	1
0.504732	1
0.50501	1
0.505289	1
0.505567	1
0.505846	1
0.506124	1
0.506403	1
0.506682	1
0.50696	1
0.507239	1
0.507517	1
0.507796	1
0.508075	1
0.508355	1
0.508634	1
0.508913	1
0.509193	1
0.509472	1
0.509752	1
0.510031	1
0.51031	1
0.51059	1
0.510869	1
0.511149	1
0.511428	1
0.511708	1
0.511987	1
0.512266	1
0.512546	1
0.512825	1
0.513105	1
0.513384	1
0.513663	1
0.513943	1
0.514222	1
0.514502	1
0.514781	1
0.515061	1
0.515342	1
0.515622	1
0.515902	1
0.516183	1
0.516463	1
0.516743	1
0.517024	1
0.517304	1
0.517584	1
0.517865	1
0.518145	1
0.518425	1
0.518706	1
0.518986	1
0.519266	1
0.519547	1
0.519827	1
0.520107	1
0.520388	1
0.520668	1
0.520948	1
0.521228	1
0.521509	1
0.521789	1
0.522069	1
0.52235	1
0.52263	1
0.52291	1
0.523191	1
0.523471	1
0.523752	1
0.524034	1
0.524315	1
0.524597	1
0.524878	1
0.525159	1
0.525441	1
0.525722	1
0.526003	1
0.526285	1
0.526566	1
0.526847	1
0.527129	1
0.52741	1
0.527691	1
0.527973	1
0.528254	1
0.528535	1
0.528817	1
0.529098	1
0.52938	1
0.529661	1
0.529942	1
0.530224	1
0.530505	1
0.530786	1
0.531068	1
0.531349	1
0.53163	1
0.531912	1
0.532193	1
0.532474	1
0.532756	1
0.533037	1
0.533319	1
0.5336	1
0.533881	1
0.534163	1
0.534444	1
0.534725	1
0.535007	1
0.535288	1
0.535569	1
0.535851	1
0.536132	1
0.536415	1
0.536697	1
0.53698	1
0.537263	1
0.537545	1
0.537828	1
0.53811	1
0.538393	1
0.538676	1
0.538958	1
0.539241	1
0.539523	1
0.539806	1
0.540089	1
0.540371	1
0.540654	1
0.540936	1
0.541219	1
0.541502	1
0.541784	1
0.542067	1
0.542349	1
0.542632	1
0.542915	1
0.543197	1
0.54348	1
0.543762	1
0.544045	1
0.544328	1
0.54461	1
0.544893	1
0.545175	1
0.545458	1
0.545741	1
0.546023	1
0.546306	1
0.546588	1
0.546871	1
0.547154	1
0.547436	1
0.547719	1
0.548001	1
0.548284	1
0.548567	1
0.548849	1
0.549132	1
0.549414	1
0.549697	1
0.54998	1
0.550262	1
0.550545	1
0.550827	1
0.55111	1
0.551393	1
0.551675	1
0.551958	1
0.55224	1
0.552523	1
0.552806	1
0.553088	1
0.553371	1
0.553653	1
0.553936	1
0.554219	1
0.554501	1
0.554784	1
0.555066	1
0.555349	1
0.555632	1
0.555914	1
0.556197	1
0.556479	1
0.556762	1
0.557045	1
0.557327	1
0.55761	1
0.557892	1
0.558175	1
0.558458	1
0.55874	1
0.559023	1
0.559305	1
0.559588	1
0.559871	1
0.560153	1
0.560436	1
0.560718	1
0.561001	1
0.561284	1
0.561566	1
0.561849	1
0.562131	1
0.562414	1
0.562697	1
0.562979	1
0.563262	1
0.563544	1
0.563827	1
0.56411	1
0.564392	1
0.564675	1
0.564957	1
0.56524	1
0.565523	1
0.565805	1
0.566088	1
0.56637	1
0.566653	1
0.566936	1
0.567218	1
0.567501	1
0.567783	1
0.568066	1
0.568349	1
0.568631	1
0.568914	1
0.569196	1
0.569479	1
0.569762	1
0.570044	1
0.570327	1
0.570609	1
0.570892	1
0.571175	1
0.571457	1
0.57174	1
0.572022	1
0.572305	1
0.572588	1
0.57287	1
0.573153	1
0.573435	1
0.573718	1
0.574001	1
0.574283	1
0.574566	1
0.574848	1
0.575131	1
0.575414	1
0.575696	1
0.575979	1
0.576261	1
0.576544	1
0.576827	1
0.577109	1
0.577392	1
0.577675	1
0.577957	1
0.57824	1
0.578522	1
0.578805	1
0.579088	1
0.57937	1
0.579653	1
0.579935	1
0.580218	1
0.580501	1
0.580783	1
0.581066	1
0.581348	1
0.581631	1
0.581914	1
0.582196	1
0.582479	1
0.582761	1
0.583044	1
0.583327	1
0.583609	1
0.583892	1
0.584174	1
0.584457	1
0.58474	1
0.585022	1
0.585305	1
0.585587	1
0.58587	1
0.586153	1
0.586435	1
0.586718	1
0.587	1
0.587283	1
0.587566	1
0.587848	1
0.588131	1
0.588413	1
0.588696	1
0.588979	1
0.589261	1
0.589544	1
0.589826	1
0.590109	1
0.590392	1
0.590674	1
0.590957	1
0.591239	1
0.591522	1
0.591805	1
0.592087	1
0.59237	1
0.592652	1
0.592935	1
0.593218	1
0.5935	1
0.593783	1
0.594065	1
0.594348	1
0.594631	1
0.594913	1
0.595196	1
0.595478	1
0.595761	1
0.596044	1
0.596326	1
0.596609	1
0.596891	1
0.597174	1
0.597457	1
0.597739	1
0.598022	1
0.598304	1
0.598587	1
0.59887	1
0.599152	1
0.599435	1
0.599717	1
0.6	1
0.600285	1
0.60057	1
0.600855	1
0.60114	1
0.601425	1
0.601709	1
0.601994	1
0.602279	1
0.602564	1
0.602849	1
0.603134	1
0.603419	1
0.603704	1
0.603989	1
0.604274	1
0.604558	1
0.604843	1
0.605128	1
0.605413	1
0.605698	1
0.605983	1
0.606268	1
0.606553	1
0.606838	1
0.607123	1
0.607407	1
0.607692	1
0.607977	1
0.608262	1
0.608547	1
0.608832	1
0.609117	1
0.609402	1
0.609687	1
0.609972	1
0.610256	1
0.610541	1
0.610826	1
0.611111	1
0.611396	1
0.611681	1
0.611966	1
0.612251	1
0.612536	1
0.612821	1
0.613105	1
0.61339	1
0.613675	1
0.61396	1
0.614245	1
0.61453	1
0.614815	1
0.6151	1
0.615385	1
0.61567	1
0.615954	1
0.616239	1
0.616524	1
0.616809	1
0.617094	1
0.617379	1
0.617664	1
0.617949	1
0.618234	1
0.618519	1
0.618803	1
0.619088	1
0.619373	1
0.619658	1
0.619943	1
0.620228	1
0.620513	1
0.620798	1
0.621083	1
0.621368	1
0.621652	1
0.621937	1
0.622222	1
0.622507	1
0.622792	1
0.623077	1
0.623362	1
0.623647	1
0.623932	1
0.624217	1
0.624501	1
0.624786	1
0.62507	1
0.625354	1
0.625638	1
0.625922	1
0.626205	1
0.626489	1
0.626773	1
0.627057	1
0.627341	1
0.627625	1
0.627908	1
0.628192	1
0.628476	1
0.62876	1
0.629044	1
0.629328	1
0.629611	1
0.629895	1
0.630179	1
0.630463	1
0.630747	1
0.63103	1
0.631314	1
0.631598	1
0.631882	1
0.632166	1
0.63245	1
0.632733	1
0.633017	1
0.633301	1
0.633585	1
0.633869	1
0.634153	1
0.634436	1
0.63472	1
0.635004	1
0.635288	1
0.635572	1
0.635856	1
0.636139	1
0.636423	1
0.636707	1
0.636991	1
0.637275	1
0.637558	1
0.637842	1
0.638126	1
0.63841	1
0.638694	1
0.638978	1
0.639261	1
0.639545	1
0.639829	1
0.640113	1
0.640397	1
0.640681	1
0.640964	1
0.641248	1
0.641532	1
0.641816	1
0.6421	1
0.642383	1
0.642667	1
0.642951	1
0.643235	1
0.643519	1
0.643803	1
0.644086	1
0.64437	1
0.644654	1
0.644938	1
0.645222	1
0.645506	1
0.645789	1
0.646073	1
0.646357	1
0.646641	1
0.646925	1
0.647209	1
0.647492	1
0.647775	1
0.648057	1
0.648339	1
0.648622	1
0.648904	1
0.649186	1
0.649468	1
0.649751	1
0.650033	1
0.650315	1
0.650598	1
0.65088	1
0.651162	1
0.651445	1
0.651727	1
0.652009	1
0.652291	1
0.652574	1
0.652856	1
0.653138	1
0.653421	1
0.653703	1
0.653985	1
0.654268	1
0.65455	1
0.654832	1
0.655114	1
0.655397	1
0.655679	1
0.655961	1
0.656244	1
0.656526	1
0.656808	1
0.657091	1
0.657373	1
0.657655	1
0.657937	1
0.65822	1
0.658502	1
0.658784	1
0.659067	1
0.659349	1
0.659631	1
0.659914	1
0.660196	1
0.660478	1
0.66076	1
0.661043	1
0.661325	1
0.661607	1
0.66189	1
0.662172	1
0.662454	1
0.662736	1
0.663019	1
0.663301	1
0.663583	1
0.663866	1
0.664148	1
0.66443	1
0.664713	1
0.664995	1
0.665277	1
0.665559	1
0.665842	1
0.666124	1
0.666406	1
0.666689	1
0.666971	1
0.667253	1
0.667536	1
0.667818	1
0.6681	1
0.668382	1
0.668665	1
0.668947	1
0.669229	1
0.669512	1
0.669794	1
0.670076	1
0.670359	1
0.670641	1
0.670923	1
0.671205	1
0.671488	1
0.67177	1
0.672052	1
0.672335	1
0.672617	1
0.672899	1
0.673182	1
0.673464	1
0.673746	1
0.674028	1
0.674311	1
0.674593	1
0.674875	1
0.675158	1
0.67544	1
0.675722	1
0.676005	1
0.676287	1
0.676569	1
0.676851	1
0.677134	1
0.677416	1
0.677698	1
0.677981	1
0.678263	1
0.678545	1
0.678828	1
0.67911	1
0.679392	1
0.679674	1
0.679957	1
0.680239	1
0.680521	1
0.680804	1
0.681086	1
0.681368	1
0.681651	1
0.681933	1
0.682215	1
0.682497	1
0.68278	1
0.683062	1
0.683344	1
0.683627	1
0.683909	1
0.684191	1
0.684474	1
0.684756	1
0.685038	1
0.68532	1
0.685603	1
0.685885	1
0.686167	1
0.68645	1
0.686732	1
0.687014	1
0.687297	1
0.687579	1
0.687861	1
0.688143	1
0.688426	1
0.688708	1
0.68899	1
0.689273	1
0.689555	1
0.689837	1
0.69012	1
0.690402	1
0.690684	1
0.690966	1
0.691249	1
0.691531	1
0.691813	1
0.692096	1
0.692378	1
0.69266	1
0.692943	1
0.693225	1
0.693507	1
0.693789	1
0.694072	1
0.694354	1
0.694636	1
0.694919	1
0.695201	1
0.695483	1
0.695766	1
0.696048	1
0.69633	1
0.696612	1
0.696895	1
0.697177	1
0.697459	1
0.697742	1
0.698024	1
0.698306	1
0.698589	1
0.698871	1
0.699153	1
0.699435	1
0.699718	1
0.7	1
0.700283	1
0.700567	1
0.70085	1
0.701133	1
0.701416	1
0.7017	1
0.701983	1
0.702266	1
0.70255	1
0.702833	1
0.703116	1
0.703399	1
0.703683	1
0.703966	1
0.704249	1
0.704533	1
0.704816	1
0.705099	1
0.705382	1
0.705666	1
0.705949	1
0.706232	1
0.706516	1
0.706799	1
0.707082	1
0.707365	1
0.707649	1
0.707932	1
0.708215	1
0.708499	1
0.708782	1
0.709065	1
0.709348	1
0.709632	1
0.709915	1
0.710198	1
0.710482	1
0.710765	1
0.711048	1
0.711331	1
0.711615	1
0.711898	1
0.712181	1
0.712465	1
0.712748	1
0.713031	1
0.713314	1
0.713598	1
0.713881	1
0.714164	1
0.714448	1
0.714731	1
0.715014	1
0.715297	1
0.715581	1
0.715864	1
0.716147	1
0.716431	1
0.716714	1
0.716997	1
0.71728	1
0.717564	1
0.717847	1
0.71813	1
0.718414	1
0.718697	1
0.71898	1
0.719263	1
0.719547	1
0.71983	1
0.720113	1
0.720397	1
0.72068	1
0.720963	1
0.721246	1
0.72153	1
0.721813	1
0.722096	1
0.72238	1
0.722663	1
0.722946	1
0.723229	1
0.723513	1
0.723796	1
0.724079	1
0.724363	1
0.724646	1
0.724929	1
0.725212	1
0.725496	1
0.725779	1
0.726062	1
0.726346	1
0.726629	1
0.726912	1
0.727195	1
0.727479	1
0.727762	1
0.728045	1
0.728329	1
0.728612	1
0.728895	1
0.729178	1
0.729462	1
0.729745	1
0.730028	1
0.730312	1
0.730595	1
0.730878	1
0.731161	1
0.731445	1
0.731728	1
0.732011	1
0.732295	1
0.732578	1
0.732861	1
0.733144	1
0.733428	1
0.733711	1
0.733994	1
0.734278	1
0.734561	1
0.734844	1
0.735127	1
0.735411	1
0.735694	1
0.735977	1
0.736261	1
0.736544	1
0.736827	1
0.73711	1
0.737394	1
0.737677	1
0.73796	1
0.738244	1
0.738527	1
0.73881	1
0.739093	1
0.739377	1
0.73966	1
0.739943	1
0.740227	1
0.74051	1
0.740793	1
0.741076	1
0.74136	1
0.741643	1
0.741926	1
0.74221	1
0.742493	1
0.742776	1
0.743059	1
0.743343	1
0.743626	1
0.743909	1
0.744193	1
0.744476	1
0.744759	1
0.745042	1
0.745326	1
0.745609	1
0.745892	1
0.746176	1
0.746459	1
0.746742	1
0.747025	1
0.747309	1
0.747592	1
0.747875	1
0.748159	1
0.748442	1
0.748725	1
0.749008	1
0.749292	1
0.749575	1
0.749858	1
0.750142	1
0.750425	1
0.750708	1
0.750992	1
0.751275	1
0.751558	1
0.751841	1
0.752125	1
0.752408	1
0.752691	1
0.752975	1
0.753258	1
0.753541	1
0.753824	1
0.754108	1
0.754391	1
0.754674	1
0.754958	1
0.755241	1
0.755524	1
0.755807	1
0.756091	1
0.756374	1
0.756657	1
0.756941	1
0.757224	1
0.757507	1
0.75779	1
0.758074	1
0.758357	1
0.75864	1
0.758924	1
0.759207	1
0.75949	1
0.759773	1
0.760057	1
0.76034	1
0.760623	1
0.760907	1
0.76119	1
0.761473	1
0.761756	1
0.76204	1
0.762323	1
0.762606	1
0.76289	1
0.763173	1
0.763456	1
0.763739	1
0.764023	1
0.764306	1
0.764589	1
0.764873	1
0.765156	1
0.765439	1
0.765722	1
0.766006	1
0.766289	1
0.766572	1
0.766856	1
0.767139	1
0.767422	1
0.767705	1
0.767989	1
0.768272	1
0.768555	1
0.768839	1
0.769122	1
0.769405	1
0.769688	1
0.769972	1
0.770255	1
0.770538	1
0.770822	1
0.771105	1
0.771388	1
0.771671	1
0.771955	1
0.772238	1
0.772521	1
0.772805	1
0.773088	1
0.773371	1
0.773654	1
0.773938	1
0.774221	1
0.774504	1
0.774788	1
0.775071	1
0.775354	1
0.775637	1
0.775921	1
0.776204	1
0.776487	1
0.776771	1
0.777054	1
0.777337	1
0.77762	1
0.777904	1
0.778187	1
0.77847	1
0.778754	1
0.779037	1
0.77932	1
0.779603	1
0.779887	1
0.78017	1
0.780453	1
0.780737	1
0.78102	1
0.781303	1
0.781586	1
0.78187	1
0.782153	1
0.782436	1
0.78272	1
0.783003	1
0.783286	1
0.783569	1
0.783853	1
0.784136	1
0.784419	1
0.784703	1
0.784986	1
0.785269	1
0.785552	1
0.785836	1
0.786119	1
0.786402	1
0.786686	1
0.786969	1
0.787252	1
0.787535	1
0.787819	1
0.788102	1
0.788385	1
0.788669	1
0.788952	1
0.789235	1
0.789518	1
0.789802	1
0.790085	1
0.790368	1
0.790652	1
0.790935	1
0.791218	1
0.791501	1
0.791785	1
0.792068	1
0.792351	1
0.792635	1
0.792918	1
0.793201	1
0.793484	1
0.793768	1
0.794051	1
0.794334	1
0.794618	1
0.794901	1
0.795184	1
0.795467	1
0.795751	1
0.796034	1
0.796317	1
0.796601	1
0.796884	1
0.797167	1
0.79745	1
0.797734	1
0.798017	1
0.7983	1
0.798584	1
0.798867	1
0.79915	1
0.799433	1
0.799717	1
0.8	1
0.800283	1
0.800567	1
0.80085	1
0.801133	1
0.801416	1
0.8017	1
0.801983	1
0.802266	1
0.80255	1
0.802833	1
0.803116	1
0.803399	1
0.803683	1
0.803966	1
0.804249	1
0.804533	1
0.804816	1
0.805099	1
0.805382	1
0.805666	1
0.805949	1
0.806232	1
0.806516	1
0.806799	1
0.807082	1
0.807365	1
0.807649	1
0.807932	1
0.808215	1
0.808499	1
0.808782	1
0.809065	1
0.809348	1
0.809632	1
0.809915	1
0.810198	1
0.810482	1
0.810765	1
0.811048	1
0.811331	1
0.811615	1
0.811898	1
0.812181	1
0.812465	1
0.812748	1
0.813031	1
0.813314	1
0.813598	1
0.813881	1
0.814164	1
0.814448	1
0.814731	1
0.815014	1
0.815297	1
0.815581	1
0.815864	1
0.816147	1
0.816431	1
0.816714	1
0.816997	1
0.81728	1
0.817564	1
0.817847	1
0.81813	1
0.818414	1
0.818697	1
0.81898	1
0.819263	1
0.819547	1
0.81983	1
0.820113	1
0.820397	1
0.82068	1
0.820963	1
0.821246	1
0.82153	1
0.821813	1
0.822096	1
0.82238	1
0.822663	1
0.822946	1
0.823229	1
0.823513	1
0.823796	1
0.824079	1
0.824363	1
0.824646	1
0.824929	1
0.825212	1
0.825496	1
0.825779	1
0.826062	1
0.826346	1
0.826629	1
0.826912	1
0.827195	1
0.827479	1
0.827762	1
0.828045	1
0.828329	1
0.828612	1
0.828895	1
0.829178	1
0.829462	1
0.829745	1
0.830028	1
0.830312	1
0.830595	1
0.830878	1
0.831161	1
0.831445	1
0.831728	1
0.832011	1
0.832295	1
0.832578	1
0.832861	1
0.833144	1
0.833428	1
0.833711	1
0.833994	1
0.834276	1
0.834558	1
0.834841	1
0.835123	1
0.835405	1
0.835687	1
0.835969	1
0.836251	1
0.836533	1
0.836815	1
0.837097	1
0.837379	1
0.837661	1
0.837943	1
0.838225	1
0.838508	1
0.83879	1
0.839072	1
0.839354	1
0.839636	1
0.839918	1
0.8402	1
0.840482	1
0.840764	1
0.841046	1
0.841328	1
0.84161	1
0.841892	1
0.842175	1
0.842457	1
0.842739	1
0.843021	1
0.843303	1
0.843585	1
0.843867	1
0.844149	1
0.844431	1
0.844713	1
0.844995	1
0.845277	1
0.845559	1
0.845842	1
0.846124	1
0.846406	1
0.846688	1
0.84697	1
0.847252	1
0.847534	1
0.847816	1
0.848098	1
0.84838	1
0.848662	1
0.848944	1
0.849226	1
0.849508	1
0.849791	1
0.850073	1
0.850355	1
0.850637	1
0.850919	1
0.851201	1
0.851483	1
0.851765	1
0.852047	1
0.852329	1
0.852611	1
0.852893	1
0.853175	1
0.853458	1
0.85374	1
0.854022	1
0.854304	1
0.854586	1
0.854868	1
0.85515	1
0.855432	1
0.855714	1
0.855996	1
0.856278	1
0.85656	1
0.856842	1
0.857125	1
0.857407	1
0.857689	1
0.857971	1
0.858253	1
0.858535	1
0.858817	1
0.859099	1
0.859381	1
0.859663	1
0.859945	1
0.860227	1
0.860509	1
0.860792	1
0.861074	1
0.861356	1
0.861638	1
0.86192	1
0.862202	1
0.862484	1
0.862766	1
0.863048	1
0.86333	1
0.863612	1
0.863894	1
0.864176	1
0.864458	1
0.864741	1
0.865023	1
0.865305	1
0.865587	1
0.865869	1
0.866151	1
0.866433	1
0.866715	1
0.866997	1
0.867279	1
0.867561	1
0.867843	1
0.868125	1
0.868408	1
0.86869	1
0.868972	1
0.869254	1
0.869536	1
0.869818	1
0.8701	1
0.870382	1
0.870664	1
0.870946	1
0.871228	1
0.87151	1
0.871792	1
0.872075	1
0.872357	1
0.872639	1
0.872921	1
0.873203	1
0.873485	1
0.873767	1
0.874049	1
0.874331	1
0.874613	1
0.874895	1
0.875177	1
0.875459	1
0.875742	1
0.876024	1
0.876306	1
0.876588	1
0.87687	1
0.877152	1
0.877434	1
0.877716	1
0.877998	1
0.87828	1
0.878562	1
0.878844	1
0.879126	1
0.879408	1
0.879691	1
0.879973	1
0.880255	1
0.880537	1
0.880819	1
0.881101	1
0.881383	1
0.881665	1
0.881947	1
0.882229	1
0.882511	1
0.882793	1
0.883075	1
0.883358	1
0.88364	1
0.883922	1
0.884204	1
0.884486	1
0.884768	1
0.88505	1
0.885332	1
0.885614	1
0.885896	1
0.886178	1
0.88646	1
0.886742	1
0.887025	1
0.887307	1
0.887589	1
0.887871	1
0.888153	1
0.888435	1
0.888717	1
0.888999	1
0.889281	1
0.889563	1
0.889845	1
0.890127	1
0.890409	1
0.890692	1
0.890974	1
0.891256	1
0.891538	1
0.89182	1
0.892102	1
0.892384	1
0.892666	1
0.892948	1
0.89323	1
0.893512	1
0.893794	1
0.894076	1
0.894358	1
0.894641	1
0.894923	1
0.895205	1
0.895487	1
0.895769	1
0.896051	1
0.896333	1
0.896615	1
0.896897	1
0.897179	1
0.897461	1
0.897743	1
0.898025	1
0.898308	1
0.89859	1
0.898872	1
0.899154	1
0.899436	1
0.899718	1
0.9	1
0.900282	1
0.900565	1
0.900847	1
0.90113	1
0.901412	1
0.901695	1
0.901977	1
0.90226	1
0.902542	1
0.902825	1
0.903107	1
0.90339	1
0.903672	1
0.903955	1
0.904237	1
0.90452	1
0.904802	1
0.905085	1
0.905367	1
0.90565	1
0.905932	1
0.906215	1
0.906497	1
0.90678	1
0.907062	1
0.907345	1
0.907627	1
0.90791	1
0.908192	1
0.908475	1
0.908757	1
0.90904	1
0.909322	1
0.909605	1
0.909887	1
0.910169	1
0.910452	1
0.910734	1
0.911017	1
0.911299	1
0.911582	1
0.911864	1
0.912147	1
0.912429	1
0.912712	1
0.912994	1
0.913277	1
0.913559	1
0.913842	1
0.914124	1
0.914407	1
0.914689	1
0.914972	1
0.915254	1
0.915537	1
0.915819	1
0.916102	1
0.916384	1
0.916667	1
0.916949	1
0.917232	1
0.917514	1
0.917797	1
0.918079	1
0.918362	1
0.918644	1
0.918927	1
0.919209	1
0.919492	1
0.919774	1
0.920056	1
0.920339	1
0.920621	1
0.920904	1
0.921186	1
0.921469	1
0.921751	1
0.922034	1
0.922316	1
0.922599	1
0.922881	1
0.923164	1
0.923446	1
0.923729	1
0.924011	1
0.924294	1
0.924576	1
0.924859	1
0.925141	1
0.925424	1
0.925706	1
0.925989	1
0.926271	1
0.926554	1
0.926836	1
0.927119	1
0.927401	1
0.927684	1
0.927966	1
0.928249	1
0.928531	1
0.928814	1
0.929096	1
0.929379	1
0.929661	1
0.929944	1
0.930226	1
0.930508	1
0.930791	1
0.931073	1
0.931356	1
0.931638	1
0.931921	1
0.932203	1
0.932486	1
0.932768	1
0.933051	1
0.933333	1
0.933616	1
0.933898	1
0.934181	1
0.934463	1
0.934746	1
0.935028	1
0.935311	1
0.935593	1
0.935876	1
0.936158	1
0.936441	1
0.936723	1
0.937006	1
0.937288	1
0.937571	1
0.937853	1
0.938136	1
0.938418	1
0.938701	1
0.938983	1
0.939266	1
0.939548	1
0.939831	1
0.940113	1
0.940395	1
0.940678	1
0.94096	1
0.941243	1
0.941525	1
0.941808	1
0.94209	1
0.942373	1
0.942655	1
0.942938	1
0.94322	1
0.943503	1
0.943785	1
0.944068	1
0.94435	1
0.944633	1
0.944915	1
0.945198	1
0.94548	1
0.945763	1
0.946045	1
0.946328	1
0.94661	1
0.946893	1
0.947175	1
0.947458	1
0.94774	1
0.948023	1
0.948305	1
0.948588	1
0.94887	1
0.949153	1
0.949435	1
0.949718	1
0.95	1
0.950282	1
0.950565	1
0.950847	1
0.95113	1
0.951412	1
0.951695	1
0.951977	1
0.95226	1
0.952542	1
0.952825	1
0.953107	1
0.95339	1
0.953672	1
0.953955	1
0.954237	1
0.95452	1
0.954802	1
0.955085	1
0.955367	1
0.95565	1
0.955932	1
0.956215	1
0.956497	1
0.95678	1
0.957062	1
0.957345	1
0.957627	1
0.95791	1
0.958192	1
0.958475	1
0.958757	1
0.95904	1
0.959322	1
0.959605	1
0.959887	1
0.960169	1
0.960452	1
0.960734	1
0.961017	1
0.961299	1
0.961582	1
0.961864	1
0.962147	1
0.962429	1
0.962712	1
0.962994	1
0.963277	1
0.963559	1
0.963842	1
0.964124	1
0.964407	1
0.964689	1
0.964972	1
0.965254	1
0.965537	1
0.965819	1
0.966102	1
0.966384	1
0.966667	1
0.966949	1
0.967232	1
0.967514	1
0.967797	1
0.968079	1
0.968362	1
0.968644	1
0.968927	1
0.969209	1
0.969492	1
0.969774	1
0.970056	1
0.970339	1
0.970621	1
0.970904	1
0.971186	1
0.971469	1
0.971751	1
0.972034	1
0.972316	1
0.972599	1
0.972881	1
0.973164	1
0.973446	1
0.973729	1
0.974011	1
0.974294	1
0.974576	1
0.974859	1
0.975141	1
0.975424	1
0.975706	1
0.975989	1
0.976271	1
0.976554	1
0.976836	1
0.977119	1
0.977401	1
0.977684	1
0.977963	1
0.978242	1
0.97852	1
0.978799	1
0.979078	1
0.979357	1
0.979636	1
0.979915	1
0.980194	1
0.980473	1
0.980752	1
0.981031	1
0.98131	1
0.981589	1
0.981868	1
0.982147	1
0.982426	1
0.982705	1
0.982984	1
0.983263	1
0.983542	1
0.983821	1
0.9841	1
0.984379	1
0.984657	1
0.984936	1
0.985215	1
0.985494	1
0.985773	1
0.986052	1
0.986331	1
0.98661	1
0.986889	1
0.987168	1
0.987447	1
0.987726	1
0.988005	1
0.988284	1
0.988563	1
0.988842	1
0.989121	1
0.9894	1
0.989679	1
0.989958	1
0.990237	1
0.990516	1
0.990794	1
0.991073	1
0.991352	1
0.991631	1
0.99191	1
0.992189	1
0.992468	1
0.992747	1
0.993026	1
0.993305	1
0.993584	1
0.993863	1
0.994142	1
0.994421	1
0.9947	1
0.994979	1
0.995258	1
0.995537	1
0.995816	1
0.996095	1
0.996374	1
0.996653	1
0.996931	1
0.99721	1
0.997489	1
0.997768	1
0.998047	1
0.998326	1
0.998605	1
0.998884	1
0.999163	1
0.999442	1
0.999721	1
1	1
1.00028	1
1.00056	1
1.00085	1
1.00113	1
1.00141	1
1.00169	1
1.00197	1
1.00225	1
1.00254	1
1.00282	1
1.0031	1
1.00338	1
1.00366	1
1.00394	1
1.00423	1
1.00451	1
1.00479	1
1.00507	1
1.00535	1
1.00563	1
1.00592	1
1.0062	1
1.00648	1
1.00676	1
1.00704	1
1.00732	1
1.00761	1
1.00789	1
1.00817	1
1.00845	1
1.00873	1
1.00901	1
1.0093	1
1.00958	1
1.00986	1
1.01014	1
1.01042	1
1.0107	1
1.01099	1
1.01127	1
1.01155	1
1.01183	1
1.01211	1
1.01239	1
1.01268	1
1.01296	1
1.01324	1
1.01352	1
1.0138	1
1.01408	1
1.01437	1
1.01465	1
1.01493	1
1.01521	1
1.01549	1
1.01577	1
1.01606	1
1.01634	1
1.01662	1
1.0169	1
1.01718	1
1.01746	1
1.01775	1
1.01803	1
1.01831	1
1.01859	1
1.01887	1
1.01915	1
1.01944	1
1.01972	1
1.02	1
1.02028	1
1.02056	1
1.02085	1
1.02113	1
1.02141	1
1.02169	1
1.02197	1
1.02225	1
1.02254	1
1.02282	1
1.0231	1
1.02338	1
1.02366	1
1.02394	1
1.02423	1
1.02451	1
1.02479	1
1.02507	1
1.02535	1
1.02563	1
1.02592	1
1.0262	1
1.02648	1
1.02676	1
1.02704	1
1.02732	1
1.02761	1
1.02789	1
1.02817	1
1.02845	1
1.02873	1
1.02901	1
1.0293	1
1.02958	1
1.02986	1
1.03014	1
1.03042	1
1.0307	1
1.03099	1
1.03127	1
1.03155	1
1.03183	1
1.03211	1
1.03239	1
1.03268	1
1.03296	1
1.03324	1
1.03352	1
1.0338	1
1.03408	1
1.03437	1
1.03465	1
1.03493	1
1.03521	1
1.03549	1
1.03577	1
1.03606	1
1.03634	1
1.03662	1
1.0369	1
1.03718	1
1.03746	1
1.03775	1
1.03803	1
1.03831	1
1.03859	1
1.03887	1
1.03915	1
1.03943	1
1.03971	1
1.03999	1
1.04028	1
1.04056	1
1.04084	1
1.04112	1
1.0414	1
1.04168	1
1.04196	1
1.04224	1
1.04252	1
1.0428	1
1.04308	1
1.04336	1
1.04364	1
1.04392	1
1.0442	1
1.04448	1
1.04476	1
1.04504	1
1.04532	1
1.0456	1
1.04588	1
1.04616	1
1.04644	1
1.04672	1
1.047	1
1.04729	1
1.04757	1
1.04785	1
1.04813	1
1.04841	1
1.04869	1
1.04897	1
1.04925	1
1.04953	1
1.04981	1
1.05009	1
1.05037	1
1.05065	1
1.05093	1
1.05121	1
1.05149	1
1.05177	1
1.05205	1
1.05233	1
1.05261	1
1.05289	1
1.05317	1
1.05345	1
1.05373	1
1.05401	1
1.0543	1
1.05458	1
1.05486	1
1.05514	1
1.05542	1
1.0557	1
1.05598	1
1.05626	1
1.05654	1
1.05682	1
1.0571	1
1.05738	1
1.05766	1
1.05794	1
1.05822	1
1.0585	1
1.05878	1
1.05906	1
1.05934	1
1.05962	1
1.0599	1
1.06018	1
1.06046	1
1.06074	1
1.06102	1
1.06131	1
1.06159	1
1.06187	1
1.06215	1
1.06243	1
1.06271	1
1.06299	1
1.06327	1
1.06355	1
1.06383	1
1.06411	1
1.06439	1
1.06467	1
1.06495	1
1.06523	1
1.06551	1
1.06579	1
1.06607	1
1.06635	1
1.06663	1
1.06691	1
1.06719	1
1.06747	1
1.06775	1
1.06803	1
1.06832	1
1.0686	1
1.06888	1
1.06916	1
1.06944	1
1.06972	1
1.07	1
1.07028	1
1.07056	1
1.07084	1
1.07112	1
1.0714	1
1.07168	1
1.07196	1
1.07224	1
1.07252	1
1.0728	1
1.07308	1
1.07336	1
1.07364	1
1.07392	1
1.0742	1
1.07448	1
1.07476	1
1.07504	1
1.07532	1
1.07561	1
1.07589	1
1.07617	1
1.07645	1
1.07673	1
1.07701	1
1.07729	1
1.07757	1
1.07785	1
1.07813	1
1.07841	1
1.07869	1
1.07897	1
1.07925	1
1.07953	1
1.07981	1
1.08009	1
1.08037	1
1.08065	1
1.08093	1
1.08121	1
1.08149	1
1.08177	1
1.08205	1
1.08233	1
1.08262	1
1.0829	1
1.08318	1
1.08346	1
1.08374	1
1.08402	1
1.0843	1
1.08458	1
1.08486	1
1.08514	1
1.08542	1
1.0857	1
1.08598	1
1.08626	1
1.08654	1
1.08682	1
1.0871	1
1.08738	1
1.08766	1
1.08794	1
1.08822	1
1.0885	1
1.08878	1
1.08906	1
1.08934	1
1.08963	1
1.08991	1
1.09019	1
1.09047	1
1.09075	1
1.09103	1
1.09131	1
1.09159	1
1.09187	1
1.09215	1
1.09243	1
1.09271	1
1.09299	1
1.09327	1
1.09355	1
1.09383	1
1.09411	1
1.09439	1
1.09467	1
1.09495	1
1.09523	1
1.09551	1
1.09579	1
1.09607	1
1.09635	1
1.09664	1
1.09692	1
1.0972	1
1.09748	1
1.09776	1
1.09804	1
1.09832	1
1.0986	1
1.09888	1
1.09916	1
1.09944	1
1.09972	1
1.1	1
1.10028	1
1.10056	1
1.10084	1
1.10112	1
1.1014	1
1.10169	1
1.10197	1
1.10225	1
1.10253	1
1.10281	1
1.10309	1
1.10337	1
1.10365	1
1.10393	1
1.10421	1
1.10449	1
1.10478	1
1.10506	1
1.10534	1
1.10562	1
1.1059	1
1.10618	1
1.10646	1
1.10674	1
1.10702	1
1.1073	1
1.10758	1
1.10787	1
1.10815	1
1.10843	1
1.10871	1
1.10899	1
1.10927	1
1.10955	1
1.10983	1
1.11011	1
1.11039	1
1.11067	1
1.11096	1
1.11124	1
1.11152	1
1.1118	1
1.11208	1
1.11236	1
1.11264	1
1.11292	1
1.1132	1
1.11348	1
1.11376	1
1.11404	1
1.11433	1
1.11461	1
1.11489	1
1.11517	1
1.11545	1
1.11573	1
1.11601	1
1.11629	1
1.11657	1
1.11685	1
1.11713	1
1.11742	1
1.1177	1
1.11798	1
1.11826	1
1.11854	1
1.11882	1
1.1191	1
1.11938	1
1.11966	1
1.11994	1
1.12022	1
1.12051	1
1.12079	1
1.12107	1
1.12135	1
1.12163	1
1.12191	1
1.12219	1
1.12247	1
1.12275	1
1.12303	1
1.12331	1
1.1236	1
1.12388	1
1.12416	1
1.12444	1
1.12472	1
1.125	1
1.12528	1
1.12556	1
1.12584	1
1.12612	1
1.1264	1
1.12669	1
1.12697	1
1.12725	1
1.12753	1
1.12781	1
1.12809	1
1.12837	1
1.12865	1
1.12893	1
1.12921	1
1.12949	1
1.12978	1
1.13006	1
1.13034	1
1.13062	1
1.1309	1
1.13118	1
1.13146	1
1.13174	1
1.13202	1
1.1323	1
1.13258	1
1.13287	1
1.13315	1
1.13343	1
1.13371	1
1.13399	1
1.13427	1
1.13455	1
1.13483	1
1.13511	1
1.13539	1
1.13567	1
1.13596	1
1.13624	1
1.13652	1
1.1368	1
1.13708	1
1.13736	1
1.13764	1
1.13792	1
1.1382	1
1.13848	1
1.13876	1
1.13904	1
1.13933	1
1.13961	1
1.13989	1
1.14017	1
1.14045	1
1.14073	1
1.14101	1
1.14129	1
1.14157	1
1.14185	1
1.14213	1
1.14242	1
1.1427	1
1.14298	1
1.14326	1
1.14354	1
1.14382	1
1.1441	1
1.14438	1
1.14466	1
1.14494	1
1.14522	1
1.14551	1
1.14579	1
1.14607	1
1.14635	1
1.14663	1
1.14691	1
1.14719	1
1.14747	1
1.14775	1
1.14803	1
1.14831	1
1.1486	1
1.14888	1
1.14916	1
1.14944	1
1.14972	1
1.15	1
1.15028	1
1.15056	1
1.15084	1
1.15112	1
1.1514	1
1.15169	1
1.15197	1
1.15225	1
1.15253	1
1.15281	1
1.15309	1
1.15337	1
1.15365	1
1.15393	1
1.15421	1
1.15449	1
1.15478	1
1.15506	1
1.15534	1
1.15562	1
1.1559	1
1.15618	1
1.15646	1
1.15674	1
1.15702	1
1.1573	1
1.15758	1
1.15787	1
1.15815	1
1.15843	1
1.15871	1
1.15899	1
1.15927	1
1.15955	1
1.15983	1
1.16011	1
1.16039	1
1.16067	1
1.16096	1
1.16124	1
1.16152	1
1.1618	1
1.16208	1
1.16236	1
1.16264	1
1.16292	1
1.1632	1
1.16348	1
1.16376	1
1.16404	1
1.16433	1
1.16461	1
1.16489	1
1.16517	1
1.16545	1
1.16573	1
1.16601	1
1.16629	1
1.16657	1
1.16685	1
1.16713	1
1.16742	1
1.1677	1
1.16798	1
1.16826	1
1.16854	1
1.16882	1
1.1691	1
1.16938	1
1.16966	1
1.16994	1
1.17022	1
1.17051	1
1.17079	1
1.17107	1
1.17135	1
1.17163	1
1.17191	1
1.17219	1
1.17247	1
1.17275	1
1.17303	1
1.17331	1
1.1736	1
1.17388	1
1.17416	1
1.17444	1
1.17472	1
1.175	1
1.17528	1
1.17556	1
1.17584	1
1.17612	1
1.1764	1
1.17669	1
1.17697	1
1.17725	1
1.17753	1
1.17781	1
1.17809	1
1.17837	1
1.17865	1
1.17893	1
1.17921	1
1.17949	1
1.17978	1
1.18006	1
1.18034	1
1.18062	1
1.1809	1
1.18118	1
1.18146	1
1.18174	1
1.18202	1
1.1823	1
1.18258	1
1.18287	1
1.18315	1
1.18343	1
1.18371	1
1.18399	1
1.18427	1
1.18455	1
1.18483	1
1.18511	1
1.18539	1
1.18567	1
1.18596	1
1.18624	1
1.18652	1
1.1868	1
1.18708	1
1.18736	1
1.18763	2
1.18791	1
1.18818	1
1.18846	1
1.18873	1
1.18901	1
1.18928	1
1.18956	1
1.18983	1
1.19011	1
1.19038	1
1.19066	1
1.19093	1
1.19121	1
1.19148	1
1.19176	1
1.19203	1
1.19231	1
1.19258	1
1.19286	1
1.19313	1
1.1934	1
1.19368	1
1.19395	1
1.19423	1
1.1945	1
1.19478	1
1.19505	1
1.19533	1
1.1956	1
1.19588	1
1.19615	1
1.19643	1
1.1967	1
1.19698	1
1.19725	1
1.19753	1
1.1978	1
1.19808	1
1.19835	1
1.19863	1
1.1989	1
1.19918	1
1.19945	1
1.19973	1
1.2	1
1.20028	2
1.20056	1
1.20084	1
1.20112	1
1.2014	1
1.20168	1
1.20196	1
1.20224	1
1.20252	1
1.2028	1
1.20308	1
1.20336	1
1.20364	1
1.20392	1
1.2042	1
1.20448	1
1.20476	1
1.20504	1
1.20532	1
1.2056	1
1.20588	1
1.20616	1
1.20644	1
1.20672	1
1.207	1
1.20728	1
1.20756	1
1.20784	1
1.20812	1
1.2084	1
1.20868	1
1.20896	1
1.20924	1
1.20952	1
1.2098	1
1.21008	1
1.21036	1
1.21064	1
1.21092	1
1.2112	1
1.21148	1
1.21176	1
1.21204	1
1.21232	1
1.21261	1
1.21289	1
1.21317	1
1.21345	1
1.21373	1
1.21401	1
1.21429	1
1.21457	1
1.21485	1
1.21513	1
1.21541	1
1.21569	1
1.21597	1
1.21625	1
1.21653	1
1.21681	1
1.21709	1
1.21737	1
1.21765	1
1.21793	1
1.21821	1
1.21849	1
1.21877	1
1.21905	1
1.21933	1
1.21961	1
1.21989	1
1.22017	1
1.22045	1
1.22073	1
1.22101	1
1.22129	1
1.22157	1
1.22185	1
1.22213	1
1.22241	1
1.22269	1
1.22297	1
1.22325	1
1.22353	1
1.22381	1
1.22409	1
1.22437	1
1.22465	1
1.22493	1
1.22521	1
1.22549	1
1.22577	1
1.22605	1
1.22633	1
1.22661	1
1.22689	1
1.22717	1
1.22745	1
1.22773	1
1.22801	1
1.22829	1
1.22857	1
1.22885	1
1.22913	1
1.22941	1
1.22969	1
1.22997	1
1.23025	1
1.23053	1
1.23081	1
1.23109	1
1.23137	1
1.23165	1
1.23193	1
1.23221	1
1.23249	1
1.23277	1
1.23305	1
1.23333	1
1.23361	1
1.23389	1
1.23417	1
1.23445	1
1.23473	1
1.23501	1
1.23529	1
1.23557	1
1.23585	1
1.23613	1
1.23641	1
1.23669	1
1.23697	1
1.23725	1
1.23754	1
1.23782	1
1.2381	1
1.23838	1
1.23866	1
1.23894	1
1.23922	1
1.2395	1
1.23978	1
1.24006	1
1.24034	1
1.24062	1
1.2409	1
1.24118	1
1.24146	1
1.24174	1
1.24202	1
1.2423	1
1.24258	1
1.24286	1
1.24314	1
1.24342	1
1.2437	1
1.24398	1
1.24426	1
1.24454	1
1.24482	1
1.2451	1
1.24538	1
1.24566	1
1.24594	1
1.24622	1
1.2465	1
1.24678	1
1.24706	1
1.24734	1
1.24762	1
1.2479	1
1.24818	1
1.24846	1
1.24874	1
1.24902	1
1.2493	1
1.24958	1
1.24986	1
1.25014	1
1.25042	1
1.2507	1
1.25098	1
1.25126	1
1.25154	1
1.25182	1
1.2521	1
1.25238	1
1.25266	1
1.25294	1
1.25322	1
1.2535	1
1.25378	1
1.25406	1
1.25434	1
1.25462	1
1.2549	1
1.25518	1
1.25546	1
1.25574	1
1.25602	1
1.2563	1
1.25658	1
1.25686	1
1.25714	1
1.25742	1
1.2577	1
1.25798	1
1.25826	1
1.25854	1
1.25882	1
1.2591	1
1.25938	1
1.25966	1
1.25994	1
1.26022	1
1.2605	1
1.26078	1
1.26106	1
1.26134	1
1.26162	1
1.2619	1
1.26218	1
1.26246	1
1.26275	1
1.26303	1
1.26331	1
1.26359	1
1.26387	1
1.26415	1
1.26443	1
1.26471	1
1.26499	1
1.26527	1
1.26555	1
1.26583	1
1.26611	1
1.26639	1
1.26667	1
1.26695	1
1.26723	1
1.26751	1
1.26779	1
1.26807	1
1.26835	1
1.26863	1
1.26891	1
1.26919	1
1.26947	1
1.26975	1
1.27003	1
1.27031	1
1.27059	1
1.27087	1
1.27115	1
1.27143	1
1.27171	1
1.27199	1
1.27227	1
1.27255	1
1.27283	1
1.27311	1
1.27339	1
1.27367	1
1.27395	1
1.27423	1
1.27451	1
1.27479	1
1.27507	1
1.27535	1
1.27563	1
1.27591	1
1.27619	1
1.27647	1
1.27675	1
1.27703	1
1.27731	1
1.27759	1
1.27787	1
1.27815	1
1.27843	1
1.27871	1
1.27899	1
1.27927	1
1.27955	1
1.27983	1
1.28011	1
1.28039	1
1.28067	1
1.28095	1
1.28123	1
1.28151	1
1.28179	1
1.28207	1
1.28235	1
1.28263	1
1.28291	1
1.28319	1
1.28347	1
1.28375	1
1.28403	1
1.28431	1
1.28459	1
1.28487	1
1.28515	1
1.28543	1
1.28571	1
1.28599	1
1.28627	1
1.28655	1
1.28683	1
1.28711	1
1.28739	1
1.28768	1
1.28796	1
1.28824	1
1.28852	1
1.2888	1
1.28908	1
1.28936	1
1.28964	1
1.28992	1
1.2902	1
1.29048	1
1.29076	1
1.29104	1
1.29132	1
1.2916	1
1.29188	1
1.29216	1
1.29244	1
1.29272	1
1.293	1
1.29328	1
1.29356	1
1.29384	1
1.29412	1
1.2944	1
1.29468	1
1.29496	1
1.29524	1
1.29552	1
1.2958	1
1.29608	1
1.29636	1
1.29664	1
1.29692	1
1.2972	1
1.29748	1
1.29776	1
1.29804	1
1.29832	1
1.2986	1
1.29888	1
1.29916	1
1.29944	1
1.29972	1
1.3	1
1.30028	1
1.30056	1
1.30084	1
1.30112	1
1.3014	1
1.30169	1
1.30197	1
1.30225	1
1.30253	1
1.30281	1
1.30309	1
1.30337	1
1.30365	1
1.30393	1
1.30421	1
1.30449	1
1.30478	1
1.30506	1
1.30534	1
1.30562	1
1.3059	1
1.30618	1
1.30646	1
1.30674	1
1.30702	1
1.3073	1
1.30758	1
1.30787	1
1.30815	1
1.30843	1
1.30871	1
1.30899	1
1.30927	1
1.30955	1
1.30983	1
1.31011	1
1.31039	1
1.31067	1
1.31096	1
1.31124	1
1.31152	1
1.3118	1
1.31208	1
1.31236	1
1.31264	1
1.31292	1
1.3132	1
1.31348	1
1.31376	1
1.31404	1
1.31433	1
1.31461	1
1.31489	1
1.31517	1
1.31545	1
1.31573	1
1.31601	1
1.31629	1
1.31657	1
1.31685	1
1.31713	1
1.31742	1
1.3177	1
1.31798	1
1.31826	1
1.31854	1
1.31882	1
1.3191	1
1.31938	1
1.31966	1
1.31994	1
1.32022	1
1.32051	1
1.32079	1
1.32107	1
1.32135	1
1.32163	1
1.32191	1
1.32219	1
1.32247	1
1.32275	1
1.32303	1
1.32331	1
1.3236	1
1.32388	1
1.32416	1
1.32444	1
1.32472	1
1.325	1
1.32528	1
1.32556	1
1.32584	1
1.32612	1
1.3264	1
1.32669	1
1.32697	1
1.32725	1
1.32753	1
1.32781	1
1.32809	1
1.32837	1
1.32865	1
1.32893	1
1.32921	1
1.32949	1
1.32978	1
1.33006	1
1.33034	1
1.33062	1
1.3309	1
1.33118	1
1.33146	1
1.33174	1
1.33202	1
1.3323	1
1.33258	1
1.33287	1
1.33315	1
1.33343	1
1.33371	1
1.33399	1
1.33427	1
1.33455	1
1.33483	1
1.33511	1
1.33539	1
1.33567	1
1.33596	1
1.33624	1
1.33652	1
1.3368	1
1.33708	1
1.33736	1
1.33764	1
1.33792	1
1.3382	1
1.33848	1
1.33876	1
1.33904	1
1.33933	1
1.33961	1
1.33989	1
1.34017	1
1.34045	1
1.34073	1
1.34101	1
1.34129	1
1.34157	1
1.34185	1
1.34213	1
1.34241	1
1.34269	1
1.34297	1
1.34325	1
1.34352	1
1.3438	1
1.34408	1
1.34436	1
1.34464	1
1.34492	1
1.3452	1
1.34548	1
1.34576	1
1.34604	1
1.34632	1
1.3466	1
1.34688	1
1.34716	1
1.34744	1
1.34772	1
1.348	1
1.34828	1
1.34856	1
1.34884	1
1.34912	1
1.3494	1
1.34968	1
1.34996	1
1.35023	1
1.35051	1
1.35079	1
1.35107	1
1.35135	1
1.35163	1
1.35191	1
1.35219	1
1.35247	1
1.35275	1
1.35303	1
1.35331	1
1.35359	1
1.35387	1
1.35415	1
1.35443	1
1.35471	1
1.35499	1
1.35527	1
1.35555	1
1.35583	1
1.35611	1
1.35639	1
1.35667	1
1.35694	1
1.35722	1
1.3575	1
1.35778	1
1.35806	1
1.35834	1
1.35862	1
1.3589	1
1.35918	1
1.35946	1
1.35974	1
1.36002	1
1.3603	1
1.36058	1
1.36086	1
1.36114	1
1.36142	1
1.3617	1
1.36198	1
1.36226	1
1.36254	1
1.36282	1
1.3631	1
1.36338	1
1.36365	1
1.36393	1
1.36421	1
1.36449	1
1.36477	1
1.36505	1
1.36533	1
1.36561	1
1.36589	1
1.36617	1
1.36645	1
1.36673	1
1.36701	1
1.36729	1
1.36757	1
1.36785	1
1.36813	1
1.36841	1
1.36869	1
1.36897	1
1.36925	1
1.36953	1
1.36981	1
1.37008	1
1.37036	1
1.37064	1
1.37092	1
1.3712	1
1.37148	1
1.37176	1
1.37204	1
1.37232	1
1.3726	1
1.37288	1
1.37316	1
1.37344	1
1.37372	1
1.374	1
1.37428	1
1.37456	1
1.37484	1
1.37512	1
1.3754	1
1.37568	1
1.37596	1
1.37624	1
1.37652	1
1.37679	1
1.37707	1
1.37735	1
1.37763	1
1.37791	1
1.37819	1
1.37847	1
1.37875	1
1.37903	1
1.37931	1
1.37959	1
1.37987	1
1.38015	1
1.38043	1
1.38071	1
1.38099	1
1.38127	1
1.38155	1
1.38183	1
1.38211	1
1.38239	1
1.38267	1
1.38295	1
1.38323	1
1.3835	1
1.38378	1
1.38406	1
1.38434	1
1.38462	1
1.3849	1
1.38518	1
1.38546	1
1.38574	1
1.38602	1
1.3863	1
1.38658	1
1.38686	1
1.38714	1
1.38742	1
1.3877	1
1.38798	1
1.38826	1
1.38854	1
1.38882	1
1.3891	1
1.38938	1
1.38966	1
1.38994	1
1.39021	1
1.39049	1
1.39077	1
1.39105	1
1.39133	1
1.39161	1
1.39189	1
1.39217	1
1.39245	1
1.39273	1
1.39301	1
1.39329	1
1.39357	1
1.39385	1
1.39413	1
1.39441	1
1.39469	1
1.39497	1
1.39525	1
1.39553	1
1.39581	1
1.39609	1
1.39637	1
1.39665	1
1.39692	1
1.3972	1
1.39748	1
1.39776	1
1.39804	1
1.39832	1
1.3986	1
1.39888	1
1.39916	1
1.39944	1
1.39972	1
1.4	1
1.40028	1
1.40056	1
1.40084	1
1.40112	1
1.4014	1
1.40168	1
1.40196	1
1.40224	1
1.40252	1
1.4028	1
1.40308	1
1.40336	1
1.40364	1
1.40392	1
1.4042	1
1.40448	1
1.40475	1
1.40503	1
1.40531	1
1.40559	1
1.40587	1
1.40615	1
1.40643	1
1.40671	1
1.40699	1
1.40727	1
1.40755	1
1.40783	1
1.40811	1
1.40839	1
1.40867	1
1.40894	1
1.40922	1
1.4095	1
1.40978	1
1.41006	1
1.41034	1
1.41062	1
1.4109	1
1.41118	1
1.41146	1
1.41174	1
1.41202	1
1.4123	1
1.41258	1
1.41285	1
1.41313	1
1.41341	1
1.41369	1
1.41397	1
1.41425	1
1.41453	1
1.41481	1
1.41509	1
1.41537	1
1.41565	1
1.41593	1
1.41621	1
1.41649	1
1.41677	1
1.41704	1
1.41732	1
1.4176	1
1.41788	1
1.41816	1
1.41844	1
1.41872	1
1.419	1
1.41928	1
1.41956	1
1.41984	1
1.42012	1
1.4204	1
1.42068	1
1.42095	1
1.42123	1
1.42151	1
1.42179	1
1.42207	1
1.42235	1
1.42263	1
1.42291	1
1.42319	1
1.42347	1
1.42375	1
1.42403	1
1.42431	1
1.42459	1
1.42487	1
1.42514	1
1.42542	1
1.4257	1
1.42598	1
1.42626	1
1.42654	1
1.42682	1
1.4271	1
1.42738	1
1.42766	1
1.42794	1
1.42822	1
1.4285	1
1.42878	1
1.42905	1
1.42933	1
1.42961	1
1.42989	1
1.43017	1
1.43045	1
1.43073	1
1.43101	1
1.43129	1
1.43157	1
1.43185	1
1.43213	1
1.43241	1
1.43269	1
1.43297	1
1.43324	1
1.43352	1
1.4338	1
1.43408	1
1.43436	1
1.43464	1
1.43492	1
1.4352	1
1.43548	1
1.43576	1
1.43604	1
1.43632	1
1.4366	1
1.43688	1
1.43715	1
1.43743	1
1.43771	1
1.43799	1
1.43827	1
1.43855	1
1.43883	1
1.43911	1
1.43939	1
1.43967	1
1.43995	1
1.44023	1
1.44051	1
1.44079	1
1.44107	1
1.44134	1
1.44162	1
1.4419	1
1.44218	1
1.44246	1
1.44274	1
1.44302	1
1.4433	1
1.44358	1
1.44386	1
1.44414	1
1.44442	1
1.4447	1
1.44498	1
1.44525	1
1.44553	1
1.44581	1
1.44609	1
1.44637	1
1.44665	1
1.44693	1
1.44721	1
1.44749	1
1.44777	1
1.44805	1
1.44833	1
1.44861	1
1.44889	1
1.44917	1
1.44944	1
1.44972	1
1.45	1
1.45028	1
1.45056	1
1.45084	1
1.45112	1
1.4514	1
1.45168	1
1.45196	1
1.45224	1
1.45252	1
1.4528	1
1.45308	1
1.45335	1
1.45363	1
1.45391	1
1.45419	1
1.45447	1
1.45475	1
1.45503	1
1.45531	1
1.45559	1
1.45587	1
1.45615	1
1.45643	1
1.45671	1
1.45699	1
1.45727	1
1.45754	1
1.45782	1
1.4581	1
1.45838	1
1.45866	1
1.45894	1
1.45922	1
1.4595	1
1.45978	1
1.46006	1
1.46034	1
1.46062	1
1.4609	1
1.46118	1
1.46145	1
1.46173	1
1.46201	1
1.46229	1
1.46257	1
1.46285	1
1.46313	1
1.46341	1
1.46369	1
1.46397	1
1.46425	1
1.46453	1
1.46481	1
1.46509	1
1.46537	1
1.46564	1
1.46592	1
1.4662	1
1.46648	1
1.46676	1
1.46704	1
1.46732	1
1.4676	1
1.46788	1
1.46816	1
1.46844	1
1.46872	1
1.469	1
1.46928	1
1.46956	1
1.46983	1
1.47011	1
1.47039	1
1.47067	1
1.47095	1
1.47123	1
1.47151	1
1.47179	1
1.47207	1
1.47235	1
1.47263	1
1.47291	1
1.47319	1
1.47347	1
1.47374	1
1.47402	1
1.4743	1
1.47458	1
1.47486	1
1.47514	1
1.47542	1
1.4757	1
1.47598	1
1.47626	1
1.47654	1
1.47682	1
1.4771	1
1.47738	1
1.47766	1
1.47793	1
1.47821	1
1.47849	1
1.47877	1
1.47905	1
1.47933	1
1.47961	1
1.47989	1
1.48017	1
1.48045	1
1.48073	1
1.48101	1
1.48129	1
1.48157	1
1.48184	1
1.48212	1
1.4824	1
1.48268	1
1.48296	1
1.48324	1
1.48352	1
1.4838	1
1.48408	1
1.48436	1
1.48464	1
1.48492	1
1.4852	1
1.48548	1
1.48575	2
1.48602	1
1.4863	1
1.48657	1
1.48685	1
1.48712	1
1.48739	1
1.48767	1
1.48794	1
1.48822	1
1.48849	1
1.48876	1
1.48904	1
1.48931	1
1.48959	1
1.48986	1
1.49013	1
1.49041	1
1.49068	1
1.49096	1
1.49123	1
1.4915	1
1.49178	1
1.49205	1
1.49233	1
1.4926	1
1.49287	1
1.49315	1
1.49342	1
1.4937	1
1.49397	1
1.49425	1
1.49452	1
1.49479	1
1.49507	1
1.49534	1
1.49562	1
1.49589	1
1.49616	1
1.49644	1
1.49671	1
1.49699	1
1.49726	1
1.49753	1
1.49781	1
1.49808	1
1.49836	1
1.49863	1
1.4989	1
1.49918	1
1.49945	1
1.49973	1
1.5	1
1.50028	1
1.50056	1
1.50084	1
1.50111	1
1.50139	1
1.50167	1
1.50195	1
1.50223	1
1.50251	1
1.50279	1
1.50306	1
1.50334	1
1.50362	1
1.5039	1
1.50418	1
1.50446	1
1.50474	1
1.50501	1
1.50529	1
1.50557	1
1.50585	1
1.50613	1
1.50641	1
1.50669	1
1.50696	1
1.50724	1
1.50752	1
1.5078	1
1.50808	1
1.50836	1
1.50864	1
1.50891	1
1.50919	1
1.50947	1
1.50975	1
1.51003	1
1.51031	1
1.51058	1
1.51086	1
1.51114	1
1.51142	1
1.5117	1
1.51198	1
1.51226	1
1.51253	1
1.51281	1
1.51309	1
1.51337	1
1.51365	1
1.51393	1
1.51421	1
1.51448	1
1.51476	1
1.51504	1
1.51532	1
1.5156	1
1.51588	1
1.51616	1
1.51643	1
1.51671	1
1.51699	1
1.51727	1
1.51755	1
1.51783	1
1.51811	1
1.51838	1
1.51866	1
1.51894	1
1.51922	1
1.5195	1
1.51978	1
1.52006	1
1.52033	1
1.52061	1
1.52089	1
1.52117	1
1.52145	1
1.52173	1
1.52201	1
1.52228	1
1.52256	1
1.52284	1
1.52312	1
1.5234	1
1.52368	1
1.52396	1
1.52423	1
1.52451	1
1.52479	1
1.52507	1
1.52535	1
1.52563	1
1.52591	1
1.52618	1
1.52646	1
1.52674	1
1.52702	1
1.5273	1
1.52758	1
1.52786	1
1.52813	1
1.52841	1
1.52869	1
1.52897	1
1.52925	1
1.52953	1
1.52981	1
1.53008	1
1.53036	1
1.53064	1
1.53092	1
1.5312	1
1.53148	1
1.53175	1
1.53203	1
1.53231	1
1.53259	1
1.53287	1
1.53315	1
1.53343	1
1.5337	1
1.53398	1
1.53426	1
1.53454	1
1.53482	1
1.5351	1
1.53538	1
1.53565	1
1.53593	1
1.53621	1
1.53649	1
1.53677	1
1.53705	1
1.53733	1
1.5376	1
1.53788	1
1.53816	1
1.53844	1
1.53872	1
1.539	1
1.53928	1
1.53955	1
1.53983	1
1.54011	1
1.54039	1
1.54067	1
1.54095	1
1.54123	1
1.5415	1
1.54178	1
1.54206	1
1.54234	1
1.54262	1
1.5429	1
1.54318	1
1.54345	1
1.54373	1
1.54401	1
1.54429	1
1.54457	1
1.54485	1
1.54513	1
1.5454	1
1.54568	1
1.54596	1
1.54624	1
1.54652	1
1.5468	1
1.54708	1
1.54735	1
1.54763	1
1.54791	1
1.54819	1
1.54847	1
1.54875	1
1.54903	1
1.5493	1
1.54958	1
1.54986	1
1.55014	1
1.55042	1
1.5507	1
1.55097	1
1.55125	1
1.55153	1
1.55181	1
1.55209	1
1.55237	1
1.55265	1
1.55292	1
1.5532	1
1.55348	1
1.55376	1
1.55404	1
1.55432	1
1.5546	1
1.55487	1
1.55515	1
1.55543	1
1.55571	1
1.55599	1
1.55627	1
1.55655	1
1.55682	1
1.5571	1
1.55738	1
1.55766	1
1.55794	1
1.55822	1
1.5585	1
1.55877	1
1.55905	1
1.55933	1
1.55961	1
1.55989	1
1.56017	1
1.56045	1
1.56072	1
1.561	1
1.56128	1
1.56156	1
1.56184	1
1.56212	1
1.5624	1
1.56267	1
1.56295	1
1.56323	1
1.56351	1
1.56379	1
1.56407	1
1.56435	1
1.56462	1
1.5649	1
1.56518	1
1.56546	1
1.56574	1
1.56602	1
1.5663	1
1.56657	1
1.56685	1
1.56713	1
1.56741	1
1.56769	1
1.56797	1
1.56825	1
1.56852	1
1.5688	1
1.56908	1
1.56936	1
1.56964	1
1.56992	1
1.57019	1
1.57047	1
1.57075	1
1.57103	1
1.57131	1
1.57159	1
1.57187	1
1.57214	1
1.57242	1
1.5727	1
1.57298	1
1.57326	1
1.57354	1
1.57382	1
1.57409	1
1.57437	1
1.57465	1
1.57493	1
1.57521	1
1.57549	1
1.57577	1
1.57604	1
1.57632	1
1.5766	1
1.57688	1
1.57716	1
1.57744	1
1.57772	1
1.57799	1
1.57827	1
1.57855	1
1.57883	1
1.57911	1
1.57939	1
1.57967	1
1.57994	1
1.58022	1
1.5805	1
1.58078	1
1.58106	1
1.58134	1
1.58162	1
1.58189	1
1.58217	1
1.58245	1
1.58273	1
1.58301	1
1.58329	1
1.58357	1
1.58384	1
1.58412	1
1.5844	1
1.58468	1
1.58496	1
1.58524	1
1.58552	1
1.58579	1
1.58607	1
1.58635	1
1.58663	1
1.58691	1
1.58719	1
1.58747	1
1.58774	1
1.58802	1
1.5883	1
1.58858	1
1.58886	1
1.58914	1
1.58942	1
1.58969	1
1.58997	1
1.59025	1
1.59053	1
1.59081	1
1.59109	1
1.59136	1
1.59164	1
1.59192	1
1.5922	1
1.59248	1
1.59276	1
1.59304	1
1.59331	1
1.59359	1
1.59387	1
1.59415	1
1.59443	1
1.59471	1
1.59499	1
1.59526	1
1.59554	1
1.59582	1
1.5961	1
1.59638	1
1.59666	1
1.59694	1
1.59721	1
1.59749	1
1.59777	1
1.59805	1
1.59833	1
1.59861	1
1.59889	1
1.59916	1
1.59944	1
1.59972	1
1.6	1
1.60028	1
1.60056	1
1.60084	1
1.60111	1
1.60139	1
1.60167	1
1.60195	1
1.60223	1
1.60251	1
1.60279	1
1.60306	1
1.60334	1
1.60362	1
1.6039	1
1.60418	1
1.60446	1
1.60474	1
1.60501	1
1.60529	1
1.60557	1
1.60585	1
1.60613	1
1.60641	1
1.60669	1
1.60696	1
1.60724	1
1.60752	1
1.6078	1
1.60808	1
1.60836	1
1.60864	1
1.60891	1
1.60919	1
1.60947	1
1.60975	1
1.61003	1
1.61031	1
1.61058	1
1.61086	1
1.61114	1
1.61142	1
1.6117	1
1.61198	1
1.61226	1
1.61253	1
1.61281	1
1.61309	1
1.61337	1
1.61365	1
1.61393	1
1.61421	1
1.61448	1
1.61476	1
1.61504	1
1.61532	1
1.6156	1
1.61588	1
1.61616	1
1.61643	1
1.61671	1
1.61699	1
1.61727	1
1.61755	1
1.61783	1
1.61811	1
1.61838	1
1.61866	1
1.61894	1
1.61922	1
1.6195	1
1.61978	1
1.62006	1
1.62033	1
1.62061	1
1.62089	1
1.62117	1
1.62145	1
1.62173	1
1.62201	1
1.62228	1
1.62256	1
1.62284	1
1.62312	1
1.6234	1
1.62368	1
1.62396	1
1.62423	1
1.62451	1
1.62479	1
1.62507	1
1.62535	1
1.62562	1
1.6259	1
1.62618	1
1.62646	1
1.62673	1
1.62701	1
1.62729	1
1.62757	1
1.62784	1
1.62812	1
1.6284	1
1.62868	1
1.62895	1
1.62923	1
1.62951	1
1.62979	1
1.63006	1
1.63034	1
1.63062	1
1.6309	1
1.63117	1
1.63145	1
1.63173	1
1.63201	1
1.63228	1
1.63256	1
1.63284	1
1.63312	1
1.63339	1
1.63367	1
1.63395	1
1.63423	1
1.6345	1
1.63478	1
1.63506	1
1.63534	1
1.63561	1
1.63589	1
1.63617	1
1.63645	1
1.63672	1
1.637	1
1.63728	1
1.63756	1
1.63783	1
1.63811	1
1.63839	1
1.63867	1
1.63894	1
1.63922	1
1.6395	1
1.63978	1
1.64005	1
1.64033	1
1.64061	1
1.64089	1
1.64116	1
1.64144	1
1.64172	1
1.642	1
1.64227	1
1.64255	1
1.64283	1
1.64311	1
1.64338	1
1.64366	1
1.64394	1
1.64422	1
1.64449	1
1.64477	1
1.64505	1
1.64533	1
1.6456	1
1.64588	1
1.64616	1
1.64644	1
1.64671	1
1.64699	1
1.64727	1
1.64755	1
1.64782	1
1.6481	1
1.64838	1
1.64866	1
1.64893	1
1.64921	1
1.64949	1
1.64977	1
1.65005	1
1.65032	1
1.6506	1
1.65088	1
1.65116	1
1.65143	1
1.65171	1
1.65199	1
1.65227	1
1.65254	1
1.65282	1
1.6531	1
1.65338	1
1.65365	1
1.65393	1
1.65421	1
1.65449	1
1.65476	1
1.65504	1
1.65532	1
1.6556	1
1.65587	1
1.65615	1
1.65643	1
1.65671	1
1.65698	1
1.65726	1
1.65754	1
1.65782	1
1.65809	1
1.65837	1
1.65865	1
1.65893	1
1.6592	1
1.65948	1
1.65976	1
1.66004	1
1.66031	1
1.66059	1
1.66087	1
1.66115	1
1.66142	1
1.6617	1
1.66198	1
1.66226	1
1.66253	1
1.66281	1
1.66309	1
1.66337	1
1.66364	1
1.66392	1
1.6642	1
1.66448	1
1.66475	1
1.66503	1
1.66531	1
1.66559	1
1.66586	1
1.66614	1
1.66642	1
1.6667	1
1.66697	1
1.66725	1
1.66753	1
1.66781	1
1.66808	1
1.66836	1
1.66864	1
1.66892	1
1.66919	1
1.66947	1
1.66975	1
1.67003	1
1.6703	1
1.67058	1
1.67086	1
1.67114	1
1.67141	1
1.67169	1
1.67197	1
1.67225	1
1.67252	1
1.6728	1
1.67308	1
1.67336	1
1.67363	1
1.67391	1
1.67419	1
1.67447	1
1.67475	1
1.67502	1
1.6753	1
1.67558	1
1.67586	1
1.67613	1
1.67641	1
1.67669	1
1.67697	1
1.67724	1
1.67752	1
1.6778	1
1.67808	1
1.67835	1
1.67863	1
1.67891	1
1.67919	1
1.67946	1
1.67974	1
1.68002	1
1.6803	1
1.68057	1
1.68085	1
1.68113	1
1.68141	1
1.68168	1
1.68196	1
1.68224	1
1.68252	1
1.68279	1
1.68307	1
1.68335	1
1.68363	1
1.6839	1
1.68418	1
1.68446	1
1.68474	1
1.68501	1
1.68529	1
1.68557	1
1.68585	1
1.68612	1
1.6864	1
1.68668	1
1.68696	1
1.68723	1
1.68751	1
1.68779	1
1.68807	1
1.68834	1
1.68862	1
1.6889	1
1.68918	1
1.68945	1
1.68973	1
1.69001	1
1.69029	1
1.69056	1
1.69084	1
1.69112	1
1.6914	1
1.69167	1
1.69195	1
1.69223	1
1.69251	1
1.69278	1
1.69306	1
1.69334	1
1.69362	1
1.69389	1
1.69417	1
1.69445	1
1.69473	1
1.695	1
1.69528	1
1.69556	1
1.69584	1
1.69611	1
1.69639	1
1.69667	1
1.69695	1
1.69722	1
1.6975	1
1.69778	1
1.69806	1
1.69833	1
1.69861	1
1.69889	1
1.69917	1
1.69944	1
1.69972	1
1.7	1
1.70028	1
1.70056	1
1.70083	1
1.70111	1
1.70139	1
1.70167	1
1.70194	1
1.70222	1
1.7025	1
1.70278	1
1.70306	1
1.70333	1
1.70361	1
1.70389	1
1.70417	1
1.70444	1
1.70472	1
1.705	1
1.70528	1
1.70556	1
1.70583	1
1.70611	1
1.70639	1
1.70667	1
1.70694	1
1.70722	1
1.7075	1
1.70778	1
1.70806	1
1.70833	1
1.70861	1
1.70889	1
1.70917	1
1.70944	1
1.70972	1
1.71	1
1.71028	1
1.71056	1
1.71083	1
1.71111	1
1.71139	1
1.71167	1
1.71194	1
1.71222	1
1.7125	1
1.71278	1
1.71306	1
1.71333	1
1.71361	1
1.71389	1
1.71417	1
1.71444	1
1.71472	1
1.715	1
1.71528	1
1.71556	1
1.71583	1
1.71611	1
1.71639	1
1.71667	1
1.71694	1
1.71722	1
1.7175	1
1.71778	1
1.71806	1
1.71833	1
1.71861	1
1.71889	1
1.71917	1
1.71944	1
1.71972	1
1.72	1
1.72028	1
1.72056	1
1.72083	1
1.72111	1
1.72139	1
1.72167	1
1.72194	1
1.72222	1
1.7225	1
1.72278	1
1.72306	1
1.72333	1
1.72361	1
1.72389	1
1.72417	1
1.72444	1
1.72472	1
1.725	1
1.72528	1
1.72556	1
1.72583	1
1.72611	1
1.72639	1
1.72667	1
1.72694	1
1.72722	1
1.7275	1
1.72778	1
1.72806	1
1.72833	1
1.72861	1
1.72889	1
1.72917	1
1.72944	1
1.72972	1
1.73	1
1.73028	1
1.73056	1
1.73083	1
1.73111	1
1.73139	1
1.73167	1
1.73194	1
1.73222	1
1.7325	1
1.73278	1
1.73306	1
1.73333	1
1.73361	1
1.73389	1
1.73417	1
1.73444	1
1.73472	1
1.735	1
1.73528	1
1.73556	1
1.73583	1
1.73611	1
1.73639	1
1.73667	1
1.73694	1
1.73722	1
1.7375	1
1.73778	1
1.73806	1
1.73833	1
1.73861	1
1.73889	1
1.73917	1
1.73944	1
1.73972	1
1.74	1
1.74028	1
1.74056	1
1.74083	1
1.74111	1
1.74139	1
1.74167	1
1.74194	1
1.74222	1
1.7425	1
1.74278	1
1.74306	1
1.74333	1
1.74361	1
1.74389	1
1.74417	1
1.74444	1
1.74472	1
1.745	1
1.74528	1
1.74556	1
1.74583	1
1.74611	1
1.74639	1
1.74667	1
1.74694	1
1.74722	1
1.7475	1
1.74778	1
1.74806	1
1.74833	1
1.74861	1
1.74889	1
1.74917	1
1.74944	1
1.74972	1
1.75	1
1.75028	1
1.75056	1
1.75083	1
1.75111	1
1.75139	1
1.75167	1
1.75194	1
1.75222	1
1.7525	1
1.75278	1
1.75306	1
1.75333	1
1.75361	1
1.75389	1
1.75417	1
1.75444	1
1.75472	1
1.755	1
1.75528	1
1.75556	1
1.75583	1
1.75611	1
1.75639	1
1.75667	1
1.75694	1
1.75722	1
1.7575	1
1.75778	1
1.75806	1
1.75833	1
1.75861	1
1.75889	1
1.75917	1
1.75944	1
1.75972	1
1.76	1
1.76028	1
1.76056	1
1.76083	1
1.76111	1
1.76139	1
1.76167	1
1.76194	1
1.76222	1
1.7625	1
1.76278	1
1.76306	1
1.76333	1
1.76361	1
1.76388	1
1.76416	1
1.76444	1
1.76471	1
1.76499	1
1.76526	1
1.76554	1
1.76581	1
1.76609	1
1.76637	1
1.76664	1
1.76692	1
1.76719	1
1.76747	1
1.76774	1
1.76802	1
1.7683	1
1.76857	1
1.76885	1
1.76912	1
1.7694	1
1.76967	1
1.76995	1
1.77023	1
1.7705	1
1.77078	1
1.77105	1
1.77133	1
1.7716	1
1.77188	1
1.77216	1
1.77243	1
1.77271	1
1.77298	1
1.77326	1
1.77353	1
1.77381	1
1.77409	1
1.77436	1
1.77464	1
1.77491	1
1.77519	1
1.77546	1
1.77574	1
1.77602	1
1.77629	1
1.77657	1
1.77684	1
1.77712	1
1.77739	1
1.77767	1
1.77794	1
1.77822	1
1.7785	1
1.77877	1
1.77905	1
1.77932	1
1.7796	1
1.77987	1
1.78015	1
1.78043	1
1.7807	1
1.78098	1
1.78125	1
1.78153	1
1.7818	1
1.78208	1
1.78236	1
1.78263	1
1.78291	1
1.78318	1
1.78346	1
1.78373	1
1.78401	1
1.78429	1
1.78456	1
1.78484	1
1.78511	1
1.78539	1
1.78566	1
1.78594	1
1.78622	1
1.78649	1
1.78677	1
1.78704	1
1.78732	1
1.78759	1
1.78787	1
1.78815	1
1.78842	1
1.7887	1
1.78897	1
1.78925	1
1.78952	1
1.7898	1
1.79008	1
1.79035	1
1.79063	1
1.7909	1
1.79118	1
1.79145	1
1.79173	1
1.79201	1
1.79228	1
1.79256	1
1.79283	1
1.79311	1
1.79338	1
1.79366	1
1.79393	1
1.79421	1
1.79449	1
1.79476	1
1.79504	1
1.79531	1
1.79559	1
1.79586	1
1.79614	1
1.79642	1
1.79669	1
1.79697	1
1.79724	1
1.79752	1
1.79779	1
1.79807	1
1.79835	1
1.79862	1
1.7989	1
1.79917	1
1.79945	1
1.79972	1
1.8	1
1.80028	1
1.80055	1
1.80083	1
1.80111	1
1.80139	1
1.80166	1
1.80194	1
1.80222	1
1.80249	1
1.80277	1
1.80305	1
1.80332	1
1.8036	1
1.80388	1
1.80416	1
1.80443	1
1.80471	1
1.80499	1
1.80526	1
1.80554	1
1.80582	1
1.80609	1
1.80637	1
1.80665	1
1.80693	1
1.8072	1
1.80748	1
1.80776	1
1.80803	1
1.80831	1
1.80859	1
1.80886	1
1.80914	1
1.80942	1
1.8097	1
1.80997	1
1.81025	1
1.81053	1
1.8108	1
1.81108	1
1.81136	1
1.81163	1
1.81191	1
1.81219	1
1.81247	1
1.81274	1
1.81302	1
1.8133	1
1.81357	1
1.81385	1
1.81413	1
1.8144	1
1.81468	1
1.81496	1
1.81524	1
1.81551	1
1.81579	1
1.81607	1
1.81634	1
1.81662	1
1.8169	1
1.81717	1
1.81745	1
1.81773	1
1.81801	1
1.81828	1
1.81856	1
1.81884	1
1.81911	1
1.81939	1
1.81967	1
1.81994	1
1.82022	1
1.8205	1
1.82078	1
1.82105	1
1.82133	1
1.82161	1
1.82188	1
1.82216	1
1.82244	1
1.82271	1
1.82299	1
1.82327	1
1.82355	1
1.82382	1
1.8241	1
1.82438	1
1.82465	1
1.82493	1
1.82521	1
1.82548	1
1.82576	1
1.82604	1
1.82632	1
1.82659	1
1.82687	1
1.82715	1
1.82742	1
1.8277	1
1.82798	1
1.82825	1
1.82853	1
1.82881	1
1.82909	1
1.82936	1
1.82964	1
1.82992	1
1.83019	1
1.83047	1
1.83075	1
1.83102	1
1.8313	1
1.83158	1
1.83186	1
1.83213	1
1.83241	1
1.83269	1
1.83296	1
1.83324	1
1.83352	1
1.8338	1
1.83407	1
1.83435	1
1.83463	1
1.8349	1
1.83518	1
1.83546	1
1.83573	1
1.83601	1
1.83629	1
1.83657	1
1.83684	1
1.83712	1
1.8374	1
1.83767	1
1.83795	1
1.83823	1
1.8385	1
1.83878	1
1.83906	1
1.83934	1
1.83961	1
1.83989	1
1.84017	1
1.84044	1
1.84072	1
1.841	1
1.84127	1
1.84155	1
1.84183	1
1.84211	1
1.84238	1
1.84266	1
1.84294	1
1.84321	1
1.84349	1
1.84377	1
1.84404	1
1.84432	1
1.8446	1
1.84488	1
1.84515	1
1.84543	1
1.84571	1
1.84598	1
1.84626	1
1.84654	1
1.84681	1
1.84709	1
1.84737	1
1.84765	1
1.84792	1
1.8482	1
1.84848	1
1.84875	1
1.84903	1
1.84931	1
1.84958	1
1.84986	1
1.85014	1
1.85042	1
1.85069	1
1.85097	1
1.85125	1
1.85152	1
1.8518	1
1.85208	1
1.85235	1
1.85263	1
1.85291	1
1.85319	1
1.85346	1
1.85374	1
1.85402	1
1.85429	1
1.85457	1
1.85485	1
1.85512	1
1.8554	1
1.85568	1
1.85596	1
1.85623	1
1.85651	1
1.85679	1
1.85706	1
1.85734	1
1.85762	1
1.85789	1
1.85817	1
1.85845	1
1.85873	1
1.859	1
1.85928	1
1.85956	1
1.85983	1
1.86011	1
1.86039	1
1.86066	1
1.86094	1
1.86122	1
1.8615	1
1.86177	1
1.86205	1
1.86233	1
1.8626	1
1.86288	1
1.86316	1
1.86343	1
1.86371	1
1.86399	1
1.86427	1
1.86454	1
1.86482	1
1.8651	1
1.86537	1
1.86565	1
1.86593	1
1.8662	1
1.86648	1
1.86676	1
1.86704	1
1.86731	1
1.86759	1
1.86787	1
1.86814	1
1.86842	1
1.8687	1
1.86898	1
1.86925	1
1.86953	1
1.86981	1
1.87008	1
1.87036	1
1.87064	1
1.87091	1
1.87119	1
1.87147	1
1.87175	1
1.87202	1
1.8723	1
1.87258	1
1.87285	1
1.87313	1
1.87341	1
1.87368	1
1.87396	1
1.87424	1
1.87452	1
1.87479	1
1.87507	1
1.87535	1
1.87562	1
1.8759	1
1.87618	1
1.87645	1
1.87673	1
1.87701	1
1.87729	1
1.87756	1
1.87784	1
1.87812	1
1.87839	1
1.87867	1
1.87895	1
1.87922	1
1.8795	1
1.87978	1
1.88006	1
1.88033	1
1.88061	1
1.88089	1
1.88116	1
1.88144	1
1.88172	1
1.88199	1
1.88227	1
1.88255	1
1.88283	1
1.8831	1
1.88338	1
1.88366	1
1.88393	1
1.88421	1
1.88449	1
1.88476	1
1.88504	1
1.88532	1
1.8856	1
1.88587	1
1.88615	1
1.88643	1
1.8867	1
1.88698	1
1.88726	1
1.88753	1
1.88781	1
1.88809	1
1.88837	1
1.88864	1
1.88892	1
1.8892	1
1.88947	1
1.88975	1
1.89003	1
1.8903	1
1.89058	1
1.89086	1
1.89114	1
1.89141	1
1.89169	1
1.89197	1
1.89224	1
1.89252	1
1.8928	1
1.89307	1
1.89335	1
1.89363	1
1.89391	1
1.89418	1
1.89446	1
1.89474	1
1.89501	1
1.89529	1
1.89557	1
1.89584	1
1.89612	1
1.8964	1
1.89668	1
1.89695	1
1.89723	1
1.89751	1
1.89778	1
1.89806	1
1.89834	1
1.89861	1
1.89889	1
1.89917	1
1.89945	1
1.89972	1
1.9	1
1.90028	1
1.90056	1
1.90083	1
1.90111	1
1.90139	1
1.90167	1
1.90194	1
1.90222	1
1.9025	1
1.90278	1
1.90306	1
1.90333	1
1.90361	1
1.90389	1
1.90417	1
1.90444	1
1.90472	1
1.905	1
1.90528	1
1.90556	1
1.90583	1
1.90611	1
1.90639	1
1.90667	1
1.90694	1
1.90722	1
1.9075	1
1.90778	1
1.90806	1
1.90833	1
1.90861	1
1.90889	1
1.90917	1
1.90944	1
1.90972	1
1.91	1
1.91028	1
1.91056	1
1.91083	1
1.91111	1
1.91139	1
1.91167	1
1.91194	1
1.91222	1
1.9125	1
1.91278	1
1.91306	1
1.91333	1
1.91361	1
1.91389	1
1.91417	1
1.91444	1
1.91472	1
1.915	1
1.91528	1
1.91556	1
1.91583	1
1.91611	1
1.91639	1
1.91667	1
1.91694	1
1.91722	1
1.9175	1
1.91778	1
1.91806	1
1.91833	1
1.91861	1
1.91889	1
1.91917	1
1.91944	1
1.91972	1
1.92	1
1.92028	1
1.92056	1
1.92083	1
1.92111	1
1.92139	1
1.92167	1
1.92194	1
1.92222	1
1.9225	1
1.92278	1
1.92306	1
1.92333	1
1.92361	1
1.92389	1
1.92417	1
1.92444	1
1.92472	1
1.925	1
1.92528	1
1.92556	1
1.92583	1
1.92611	1
1.92639	1
1.92667	1
1.92694	1
1.92722	1
1.9275	1
1.92778	1
1.92806	1
1.92833	1
1.92861	1
1.92889	1
1.92917	1
1.92944	1
1.92972	1
1.93	1
1.93028	1
1.93056	1
1.93083	1
1.93111	1
1.93139	1
1.93167	1
1.93194	1
1.93222	1
1.9325	1
1.93278	1
1.93306	1
1.93333	1
1.93361	1
1.93389	1
1.93417	1
1.93444	1
1.93472	1
1.935	1
1.93528	1
1.93556	1
1.93583	1
1.93611	1
1.93639	1
1.93667	1
1.93694	1
1.93722	1
1.9375	1
1.93778	1
1.93806	1
1.93833	1
1.93861	1
1.93889	1
1.93917	1
1.93944	1
1.93972	1
1.94	1
1.94028	1
1.94056	1
1.94083	1
1.94111	1
1.94139	1
1.94167	1
1.94194	1
1.94222	1
1.9425	1
1.94278	1
1.94306	1
1.94333	1
1.94361	1
1.94389	1
1.94417	1
1.94444	1
1.94472	1
1.945	1
1.94528	1
1.94556	1
1.94583	1
1.94611	1
1.94639	1
1.94667	1
1.94694	1
1.94722	1
1.9475	1
1.94778	1
1.94806	1
1.94833	1
1.94861	1
1.94889	1
1.94917	1
1.94944	1
1.94972	1
1.95	1
1.95028	1
1.95056	1
1.95083	1
1.95111	1
1.95139	1
1.95167	1
1.95194	1
1.95222	1
1.9525	1
1.95278	1
1.95306	1
1.95333	1
1.95361	1
1.95389	1
1.95417	1
1.95444	1
1.95472	1
1.955	1
1.95528	1
1.95556	1
1.95583	1
1.95611	1
1.95639	1
1.95667	1
1.95694	1
1.95722	1
1.9575	1
1.95778	1
1.95806	1
1.95833	1
1.95861	1
1.95889	1
1.95917	1
1.95944	1
1.95972	1
1.96	1
1.96028	1
1.96056	1
1.96083	1
1.96111	1
1.96139	1
1.96167	1
1.96194	1
1.96222	1
1.9625	1
1.96278	1
1.96306	1
1.96333	1
1.96361	1
1.96389	1
1.96417	1
1.96444	1
1.96472	1
1.965	1
1.96528	1
1.96556	1
1.96583	1
1.96611	1
1.96639	1
1.96667	1
1.96694	1
1.96722	1
1.9675	1
1.96778	1
1.96806	1
1.96833	1
1.96861	1
1.96889	1
1.96917	1
1.96944	1
1.96972	1
1.97	1
1.97028	1
1.97056	1
1.97083	1
1.97111	1
1.97139	1
1.97167	1
1.97194	1
1.97222	1
1.9725	1
1.97278	1
1.97306	1
1.97333	1
1.97361	1
1.97389	1
1.97417	1
1.97444	1
1.97472	1
1.975	1
1.97528	1
1.97556	1
1.97583	1
1.97611	1
1.97639	1
1.97667	1
1.97694	1
1.97722	1
1.9775	1
1.97778	1
1.97806	1
1.97833	1
1.97861	1
1.97889	1
1.97917	1
1.97944	1
1.97972	1
1.98	1
1.98028	1
1.98056	1
1.98083	1
1.98111	1
1.98139	1
1.98167	1
1.98194	1
1.98222	1
1.9825	1
1.98278	1
1.98306	1
1.98333	1
1.98361	1
1.98389	1
1.98417	1
1.98444	1
1.98472	1
1.985	1
1.98528	1
1.98556	1
1.98583	1
1.98611	1
1.98639	1
1.98667	1
1.98694	1
1.98722	1
1.9875	1
1.98778	1
1.98806	1
1.98833	1
1.98861	1
1.98889	1
1.98917	1
1.98944	1
1.98972	1
1.99	1
1.99028	1
1.99056	1
1.99083	1
1.99111	1
1.99139	1
1.99167	1
1.99194	1
1.99222	1
1.9925	1
1.99278	1
1.99306	1
1.99333	1
1.99361	1
1.99389	1
1.99417	1
1.99444	1
1.99472	1
1.995	1
1.99528	1
1.99556	1
1.99583	1
1.99611	1
1.99639	1
1.99667	1
1.99694	1
1.99722	1
1.9975	1
1.99778	1
1.99806	1
1.99833	1
1.99861	1
1.99889	1
1.99917	1
1.99944	1
1.99972	1
2	1
