	3
0.000210526	5
0.000415433	3
0.000620762	4
0.000827802	4
0.00103836	4
0.0012521	4
0.00146865	4
0.0016881	3
0.00191002	3
0.00213448	3
0.00236102	3
0.00258969	3
0.00281997	3
0.00305135	3
0.0032844	3
0.00351858	3
0.00375333	3
0.00398923	3
0.00422571	3
0.00446277	3
0.00470043	3
0.00493867	4
0.00517752	4
0.00541637	3
0.00565522	3
0.00589467	3
0.00613412	3
0.00637358	3
0.00661303	3
0.00685249	4
0.00709194	3
0.00733139	3
0.00757085	4
0.00780968	3
0.00804852	4
0.00828735	3
0.00852619	4
0.00876502	4
0.00900386	4
0.00924269	4
0.00948153	4
0.00972036	4
0.0099592	3
0.010198	3
0.0104369	3
0.0106757	3
0.0109145	4
0.0111534	4
0.0113922	4
0.011631	4
0.0118699	3
0.0121094	3
0.0123488	3
0.0125883	4
0.0128278	4
0.0130673	4
0.0133068	3
0.0135463	4
0.0137857	3
0.0140252	3
0.0142647	3
0.0145042	3
0.0147444	3
0.0149845	3
0.0152247	3
0.0154648	4
0.015705	3
0.0159451	3
0.0161853	3
0.0164255	4
0.0166663	3
0.0169072	4
0.017148	4
0.0173889	4
0.0176297	4
0.0178705	4
0.0181114	4
0.018353	3
0.0185945	4
0.0188361	4
0.0190776	4
0.0193192	4
0.0195608	4
0.019803	4
0.0200453	4
0.0202876	4
0.0205299	4
0.0207722	4
0.0210145	4
0.0212575	4
0.0215005	4
0.0217436	4
0.0219866	4
0.0222296	4
0.0224727	4
0.0227165	4
0.0229603	4
0.0232041	4
0.0234479	4
0.0236917	4
0.0239362	4
0.0241808	4
0.0244254	4
0.02467	4
0.0249153	4
0.0251607	4
0.0254061	4
0.0256515	4
0.0258977	4
0.0261438	4
0.02639	4
0.026637	4
0.0268841	4
0.0271311	4
0.0273789	4
0.0276268	4
0.0278746	4
0.0281233	4
0.028372	4
0.0286216	4
0.0288712	4
0.0291216	4
0.0293721	4
0.0296234	4
0.0298748	4
0.0301261	4
0.0303784	4
0.0306316	4
0.0308847	4
0.0311388	4
0.0313929	4
0.031648	4
0.031903	4
0.032159	4
0.032416	4
0.032673	4
0.0329309	4
0.0331889	4
0.0334478	4
0.0337078	4
0.0339678	4
0.0342288	4
0.0344908	4
0.0347528	4
0.0350159	4
0.0352801	4
0.0355443	4
0.0358095	4
0.0360748	4
0.0363411	4
0.0366086	4
0.0368761	4
0.0371447	4
0.0374144	4
0.0376842	4
0.0379552	4
0.0382261	4
0.0384982	4
0.0387716	4
0.0390449	4
0.0393195	4
0.039594	4
0.0398699	4
0.040147	4
0.0404241	4
0.0407025	4
0.0409809	4
0.0412606	4
0.0415403	4
0.0418213	4
0.0421024	4
0.0423848	4
0.0426672	4
0.0429497	4
0.0432335	4
0.0435173	4
0.0438026	4
0.0440879	4
0.0443746	4
0.0446613	4
0.0449481	4
0.0452363	4
0.0455245	4
0.0458127	4
0.0461025	4
0.0463923	4
0.0466821	4
0.0469718	4
0.0472632	4
0.0475546	4
0.0478459	4
0.0481373	4
0.0484303	4
0.0487233	4
0.0490163	4
0.0493093	4
0.0496023	4
0.0498971	4
0.0501918	4
0.0504865	4
0.0507812	4
0.051076	4
0.0513707	4
0.0516672	4
0.0519637	4
0.0522602	4
0.0525568	5
0.0528533	5
0.0531498	5
0.0534463	5
0.0537428	5
0.0540394	5
0.0543359	5
0.0546343	4
0.0549328	5
0.0552313	5
0.0555297	5
0.0558282	5
0.0561266	5
0.0564251	5
0.0567235	5
0.057022	5
0.0573205	5
0.0576189	5
0.0579174	5
0.0582158	5
0.0585143	5
0.0588128	5
0.0591112	5
0.0594097	5
0.0597081	5
0.0600066	5
0.060305	5
0.0606035	5
0.060902	5
0.0612004	5
0.0614989	5
0.0617973	5
0.0620958	5
0.0623943	5
0.0626927	5
0.0629912	5
0.0632896	5
0.0635881	5
0.0638865	5
0.064185	5
0.0644835	5
0.0647819	5
0.0650804	5
0.0653788	5
0.0656773	5
0.0659758	5
0.0662742	5
0.0665727	5
0.0668711	5
0.0671696	5
0.067468	5
0.0677665	5
0.068065	5
0.0683634	5
0.0686619	5
0.0689603	5
0.0692588	5
0.0695573	5
0.0698557	5
0.0701542	5
0.0704526	5
0.0707511	5
0.0710495	5
0.071348	5
0.0716465	5
0.0719449	5
0.0722434	5
0.0725418	5
0.0728403	5
0.0731388	5
0.0734372	5
0.0737357	5
0.0740341	5
0.0743326	5
0.074631	5
0.0749295	5
0.075228	5
0.0755264	5
0.0758249	5
0.0761233	5
0.0764218	5
0.0767203	5
0.0770187	5
0.0773172	5
0.0776156	5
0.0779141	5
0.0782125	5
0.078511	5
0.0788095	5
0.0791079	5
0.0794064	5
0.0797048	5
0.0800033	5
0.0803018	5
0.0806002	5
0.0808987	5
0.0811971	5
0.0814956	5
0.081794	5
0.0820925	5
0.082391	5
0.0826894	5
0.0829879	5
0.0832863	5
0.0835848	5
0.0838833	5
0.0841817	5
0.0844802	5
0.0847786	5
0.0850771	5
0.0853755	5
0.085674	5
0.0859725	5
0.0862709	5
0.0865694	5
0.0868678	5
0.0871663	5
0.0874648	5
0.0877632	5
0.0880617	5
0.0883601	5
0.0886586	5
0.088957	5
0.0892555	5
0.089554	5
0.0898524	5
0.0901509	5
0.0904493	5
0.0907478	5
0.0910463	5
0.0913447	5
0.0916432	5
0.0919416	5
0.0922401	5
0.0925385	5
0.092837	5
0.0931355	5
0.0934339	5
0.0937324	5
0.0940308	5
0.0943293	5
0.0946278	5
0.0949262	5
0.0952247	5
0.0955231	5
0.0958216	5
0.09612	5
0.0964185	5
0.096717	5
0.0970154	5
0.0973139	5
0.0976123	5
0.0979108	5
0.0982093	5
0.0985077	5
0.0988062	5
0.0991046	5
0.0994031	5
0.0997015	5
0.1	5
0.100299	5
0.100597	5
0.100896	5
0.101194	5
0.101493	5
0.101791	5
0.10209	5
0.102388	5
0.102687	5
0.102985	5
0.103284	5
0.103582	5
0.103881	5
0.104179	5
0.104478	5
0.104776	5
0.105075	5
0.105373	5
0.105672	5
0.10597	5
0.106269	5
0.106567	5
0.106866	5
0.107164	5
0.107463	5
0.107761	5
0.10806	5
0.108358	5
0.108657	5
0.108955	5
0.109254	5
0.109552	5
0.109851	5
0.110149	5
0.110448	5
0.110746	5
0.111045	5
0.111343	5
0.111641	5
0.111938	5
0.112236	5
0.112533	5
0.112831	5
0.113128	5
0.113426	5
0.113723	5
0.114021	5
0.114318	5
0.114616	5
0.114913	5
0.115211	5
0.115507	5
0.115804	5
0.1161	5
0.116397	5
0.116693	5
0.11699	5
0.117286	5
0.117583	5
0.117879	5
0.118176	5
0.118472	5
0.118768	5
0.119064	5
0.119359	5
0.119655	5
0.11995	5
0.120245	5
0.120541	5
0.120836	5
0.121132	5
0.121427	5
0.121722	5
0.122018	5
0.122313	5
0.122608	5
0.122904	5
0.123198	5
0.123492	5
0.123787	5
0.124081	5
0.124375	5
0.124669	5
0.124964	5
0.125258	5
0.125552	5
0.125846	5
0.126141	5
0.126435	5
0.126729	5
0.127024	5
0.127318	5
0.127612	5
0.127905	5
0.128198	5
0.128491	5
0.128784	5
0.129077	5
0.12937	5
0.129664	5
0.129957	5
0.13025	5
0.130543	5
0.130836	5
0.131129	5
0.131422	5
0.131715	5
0.132008	5
0.132301	5
0.132594	5
0.132887	5
0.13318	5
0.133472	5
0.133764	5
0.134056	5
0.134347	5
0.134639	5
0.134931	5
0.135223	5
0.135515	5
0.135806	5
0.136098	5
0.13639	5
0.136682	5
0.136974	5
0.137265	5
0.137557	5
0.137849	5
0.138141	5
0.138433	5
0.138724	5
0.139016	5
0.139308	5
0.1396	5
0.139891	5
0.140182	5
0.140472	4
0.140763	5
0.141053	5
0.141343	5
0.141634	5
0.141924	5
0.142215	5
0.142505	5
0.142795	5
0.143086	5
0.143376	4
0.143666	4
0.143957	4
0.144247	4
0.144538	4
0.144828	4
0.145118	4
0.145409	4
0.145699	4
0.145989	4
0.14628	4
0.14657	4
0.146861	4
0.147151	4
0.147441	4
0.147732	4
0.148022	4
0.148312	4
0.148603	4
0.148892	4
0.14918	4
0.149469	4
0.149758	4
0.150047	4
0.150335	4
0.150624	4
0.150913	4
0.151202	4
0.15149	4
0.151779	4
0.152068	4
0.152357	4
0.152645	4
0.152934	4
0.153223	4
0.153512	4
0.1538	4
0.154089	4
0.154378	4
0.154667	4
0.154955	4
0.155244	4
0.155533	4
0.155822	4
0.15611	4
0.156399	4
0.156688	4
0.156977	4
0.157265	4
0.157554	4
0.157843	4
0.158132	4
0.15842	4
0.158709	4
0.158998	4
0.159285	4
0.159571	4
0.159858	4
0.160145	4
0.160431	4
0.160718	4
0.161005	4
0.161292	4
0.161578	4
0.161865	4
0.162152	4
0.162439	4
0.162725	4
0.163012	4
0.163299	4
0.163585	4
0.163872	4
0.164159	4
0.164446	4
0.164732	4
0.165019	4
0.165306	4
0.165593	4
0.165879	4
0.166166	4
0.166453	4
0.166739	4
0.167026	4
0.167313	4
0.1676	4
0.167886	4
0.168173	4
0.16846	4
0.168747	4
0.169033	4
0.16932	4
0.169607	4
0.169893	4
0.17018	4
0.170467	4
0.170754	4
0.17104	4
0.171327	4
0.171614	4
0.171901	4
0.172187	4
0.172474	4
0.172761	4
0.173047	4
0.173334	4
0.173621	4
0.173905	3
0.174188	4
0.174472	4
0.174756	4
0.175039	4
0.175323	4
0.175606	4
0.17589	4
0.176174	4
0.176457	4
0.176741	4
0.177025	4
0.177308	4
0.177592	4
0.177876	4
0.178159	4
0.178443	4
0.178727	4
0.17901	4
0.179294	4
0.179578	4
0.179861	4
0.180145	4
0.180428	4
0.180712	4
0.180996	4
0.181279	4
0.181563	4
0.181847	4
0.18213	4
0.182414	4
0.182698	4
0.182981	4
0.183265	4
0.183549	4
0.183832	4
0.184116	4
0.184399	4
0.184683	4
0.184967	4
0.18525	4
0.185534	4
0.185818	4
0.186101	4
0.186385	4
0.186669	4
0.186952	4
0.187236	4
0.18752	4
0.187803	4
0.188087	4
0.188371	4
0.188654	4
0.188938	4
0.189221	4
0.189505	4
0.189789	4
0.190072	4
0.190356	4
0.19064	4
0.190923	4
0.191207	4
0.191491	4
0.191774	4
0.192058	4
0.192342	4
0.192625	4
0.192909	4
0.193193	4
0.193476	4
0.19376	4
0.194043	4
0.194327	4
0.194611	4
0.194894	4
0.195178	4
0.195462	4
0.195745	4
0.196029	4
0.196313	4
0.196596	4
0.19688	4
0.197164	4
0.197447	4
0.197731	4
0.198014	4
0.198298	4
0.198582	4
0.198865	4
0.199149	4
0.199433	4
0.199716	4
0.2	4
0.200283	4
0.200567	4
0.20085	4
0.201133	4
0.201416	4
0.2017	4
0.201983	4
0.202266	4
0.20255	4
0.202833	4
0.203116	4
0.203399	4
0.203683	4
0.203966	4
0.204249	4
0.204533	4
0.204816	4
0.205099	4
0.205382	4
0.205666	4
0.205949	4
0.206231	3
0.206514	4
0.206796	4
0.207079	4
0.207361	4
0.207644	4
0.207926	4
0.208208	4
0.208491	4
0.208773	4
0.209056	4
0.209338	4
0.209621	4
0.209903	4
0.210186	4
0.210468	4
0.21075	4
0.211033	4
0.211315	4
0.211598	4
0.21188	4
0.212163	4
0.212445	4
0.212727	4
0.21301	4
0.213292	4
0.213575	4
0.213857	4
0.21414	4
0.214422	4
0.214705	4
0.214987	4
0.215269	4
0.215552	4
0.215834	4
0.216117	4
0.216399	4
0.216681	3
0.216962	3
0.217244	4
0.217525	4
0.217807	4
0.218088	4
0.21837	4
0.218651	4
0.218932	4
0.219214	4
0.219495	4
0.219777	3
0.220058	4
0.22034	3
0.220621	4
0.220903	3
0.221184	3
0.221466	3
0.221747	4
0.222029	3
0.22231	4
0.222592	3
0.222873	4
0.223155	3
0.223436	4
0.223718	3
0.223999	4
0.224281	4
0.224562	4
0.224844	3
0.225125	4
0.225407	3
0.225688	4
0.22597	3
0.226251	4
0.226533	3
0.226814	4
0.227096	3
0.227377	4
0.227658	3
0.22794	4
0.228221	3
0.228503	4
0.228784	3
0.229066	4
0.229347	3
0.229629	4
0.22991	3
0.230191	3
0.230471	3
0.230751	3
0.231032	3
0.231312	4
0.231593	3
0.231873	3
0.232153	3
0.232434	4
0.232714	3
0.232994	4
0.233275	3
0.233555	4
0.233835	3
0.234116	3
0.234396	3
0.234676	3
0.234957	3
0.235237	3
0.235518	3
0.235798	3
0.236078	3
0.236359	3
0.236639	3
0.236919	3
0.2372	3
0.23748	3
0.23776	3
0.238041	3
0.238321	3
0.238601	3
0.238882	3
0.239162	3
0.239443	3
0.239723	3
0.240003	3
0.240284	3
0.240564	3
0.240844	3
0.241125	3
0.241405	3
0.241685	3
0.241966	3
0.242246	3
0.242527	3
0.242807	3
0.243087	3
0.243368	3
0.243648	3
0.243928	3
0.244209	4
0.244489	3
0.244769	3
0.24505	3
0.24533	3
0.24561	3
0.245891	3
0.246171	3
0.246452	3
0.246732	3
0.247012	3
0.247293	3
0.247573	3
0.247853	3
0.248134	3
0.248414	3
0.248694	3
0.248975	3
0.249255	3
0.249534	3
0.249813	3
0.250092	3
0.25037	3
0.250649	3
0.250928	3
0.251207	3
0.251486	3
0.251764	3
0.252043	3
0.252322	3
0.252601	3
0.25288	3
0.253159	3
0.253437	3
0.253716	3
0.253995	4
0.254274	3
0.254553	4
0.254831	3
0.25511	3
0.255389	3
0.255668	3
0.255947	3
0.256226	4
0.256504	3
0.256783	3
0.257062	3
0.257341	3
0.25762	3
0.257898	3
0.258177	3
0.258456	4
0.258735	3
0.259014	4
0.259293	3
0.259571	4
0.25985	3
0.260129	4
0.260408	4
0.260687	4
0.260965	3
0.261244	4
0.261523	4
0.261802	4
0.262081	4
0.26236	4
0.262638	4
0.262917	4
0.263196	4
0.263475	4
0.263754	4
0.264032	4
0.264311	4
0.26459	4
0.264869	4
0.265148	4
0.265427	4
0.265705	4
0.265984	4
0.266263	4
0.266542	4
0.266821	4
0.267099	4
0.267378	4
0.267657	4
0.267936	4
0.268215	4
0.268494	4
0.268772	4
0.269051	4
0.26933	4
0.269609	4
0.269888	4
0.270166	4
0.270445	4
0.270724	4
0.271003	4
0.271282	4
0.271561	4
0.271839	4
0.272118	4
0.272397	4
0.272676	4
0.272955	4
0.273233	4
0.273512	4
0.273791	4
0.27407	4
0.274349	4
0.274628	4
0.274906	4
0.275185	4
0.275464	4
0.275743	4
0.276022	4
0.2763	4
0.276579	4
0.276858	4
0.277137	4
0.277416	4
0.277695	4
0.277973	4
0.278252	4
0.278531	4
0.27881	4
0.279089	4
0.279367	4
0.279646	4
0.279925	4
0.280204	4
0.280483	4
0.280762	4
0.28104	4
0.281319	4
0.281598	4
0.281877	4
0.282156	4
0.282434	4
0.282713	4
0.282992	4
0.283271	4
0.28355	4
0.283829	4
0.284107	4
0.284386	4
0.284665	4
0.284944	4
0.285223	4
0.285501	4
0.28578	4
0.286059	4
0.286338	4
0.286617	4
0.286896	4
0.287174	4
0.287453	4
0.287726	3
0.287999	3
0.288271	3
0.288544	3
0.288817	3
0.28909	3
0.289362	4
0.289635	4
0.289908	4
0.290181	4
0.290454	4
0.290726	4
0.290999	4
0.291272	4
0.291545	4
0.291817	4
0.29209	4
0.292363	4
0.292636	4
0.292908	4
0.293181	4
0.293454	4
0.293727	4
0.293999	4
0.294272	4
0.294545	4
0.294818	4
0.29509	4
0.295363	4
0.295636	4
0.295909	4
0.296181	3
0.296454	4
0.296727	4
0.297	4
0.297272	4
0.297545	4
0.297818	4
0.298091	4
0.298363	4
0.298636	4
0.298909	4
0.299182	4
0.299454	4
0.299727	4
0.3	4
0.300278	3
0.300556	3
0.300833	3
0.301111	3
0.301389	3
0.301667	4
0.301944	3
0.302222	4
0.3025	3
0.302778	4
0.303056	3
0.303333	3
0.303611	4
0.303889	4
0.304167	3
0.304444	3
0.304722	3
0.305	3
0.305278	4
0.305556	3
0.305833	3
0.306111	3
0.306389	3
0.306667	4
0.306944	3
0.307222	3
0.3075	3
0.307778	3
0.308056	3
0.308333	4
0.308611	3
0.308889	4
0.309167	3
0.309444	3
0.309722	3
0.31	3
0.310278	3
0.310556	3
0.310833	3
0.311111	3
0.311389	3
0.311667	3
0.311944	3
0.312222	3
0.3125	3
0.312778	4
0.313056	4
0.313333	4
0.313611	3
0.313889	3
0.314167	3
0.314444	3
0.314722	3
0.315	3
0.315278	3
0.315556	4
0.315833	3
0.316111	3
0.316389	3
0.316667	4
0.316944	3
0.317222	3
0.3175	3
0.317778	4
0.318056	3
0.318333	4
0.318611	3
0.318889	3
0.319167	3
0.319444	3
0.319722	3
0.32	3
0.320278	4
0.320556	4
0.320833	4
0.321111	3
0.321389	3
0.321667	3
0.321944	3
0.322222	3
0.3225	3
0.322778	3
0.323056	3
0.323333	3
0.323611	4
0.323889	4
0.324167	4
0.324444	3
0.324722	3
0.325	3
0.325278	4
0.325556	4
0.325832	3
0.326109	3
0.326386	3
0.326663	3
0.326939	4
0.327216	3
0.327493	3
0.32777	4
0.328046	3
0.328323	4
0.3286	3
0.328876	4
0.329153	4
0.32943	4
0.329707	4
0.329983	4
0.33026	4
0.330537	4
0.330814	4
0.33109	4
0.331367	3
0.331644	4
0.331921	3
0.332197	4
0.332474	4
0.332751	4
0.333028	4
0.333304	4
0.333581	4
0.333858	4
0.334135	4
0.334411	4
0.334688	3
0.334965	4
0.335242	4
0.335518	4
0.335795	4
0.336072	4
0.336349	4
0.336625	4
0.336902	3
0.337179	4
0.337456	4
0.337732	4
0.338009	4
0.338286	4
0.338563	4
0.338839	4
0.339116	3
0.339393	3
0.33967	3
0.339946	4
0.340223	3
0.3405	4
0.340777	4
0.341053	4
0.34133	4
0.341607	4
0.341884	3
0.34216	4
0.342437	3
0.342714	4
0.34299	3
0.343267	4
0.343544	3
0.343821	4
0.344097	3
0.344374	3
0.344651	3
0.344928	4
0.345204	3
0.345481	3
0.345758	3
0.346035	3
0.346311	4
0.346588	4
0.346865	3
0.347142	3
0.347418	3
0.347695	3
0.347972	3
0.348249	3
0.348525	3
0.348802	3
0.349079	3
0.349356	3
0.349632	3
0.349909	4
0.350186	3
0.350463	3
0.350739	3
0.351016	3
0.351293	3
0.35157	3
0.351846	3
0.352123	4
0.3524	3
0.352677	4
0.352953	3
0.35323	4
0.353507	3
0.353784	4
0.35406	3
0.354337	4
0.354614	3
0.354891	3
0.355167	3
0.355444	4
0.355721	3
0.355998	4
0.356274	3
0.356551	4
0.356828	3
0.357105	3
0.357381	3
0.357658	4
0.357935	3
0.358211	4
0.358488	3
0.358765	3
0.359042	3
0.359318	3
0.359595	3
0.359872	3
0.360149	3
0.360425	3
0.360702	3
0.360979	3
0.361256	3
0.361532	4
0.361809	3
0.362086	4
0.362363	3
0.362639	3
0.362916	3
0.363193	3
0.36347	3
0.363746	3
0.364023	3
0.3643	3
0.364577	3
0.364853	3
0.36513	3
0.365407	3
0.365684	3
0.36596	3
0.366237	3
0.366514	3
0.366791	3
0.367067	3
0.367344	3
0.367621	3
0.367898	3
0.368174	4
0.368451	3
0.368728	3
0.369005	3
0.369281	3
0.369558	3
0.369835	3
0.370112	3
0.370388	3
0.370665	3
0.370942	3
0.371219	3
0.371495	4
0.371769	3
0.372043	3
0.372318	3
0.372592	3
0.372866	3
0.37314	3
0.373414	3
0.373688	3
0.373962	3
0.374236	3
0.37451	3
0.374784	3
0.375058	3
0.375332	3
0.375607	3
0.375881	3
0.376155	3
0.376429	3
0.376703	3
0.376977	4
0.377251	3
0.377525	4
0.377799	3
0.378073	3
0.378347	3
0.378621	4
0.378896	4
0.37917	4
0.379444	3
0.379718	3
0.379992	3
0.380266	4
0.38054	4
0.380814	4
0.381088	3
0.381362	4
0.381636	3
0.38191	3
0.382185	3
0.382459	3
0.382733	3
0.383007	3
0.383281	3
0.383555	3
0.383829	3
0.384103	3
0.384377	3
0.384651	4
0.384925	3
0.385199	3
0.385474	3
0.385748	4
0.386022	3
0.386296	3
0.38657	3
0.386844	3
0.387118	3
0.387392	4
0.387666	3
0.38794	3
0.388214	3
0.388488	3
0.388763	3
0.389037	4
0.389311	3
0.389585	3
0.389859	3
0.390133	3
0.390407	3
0.390681	3
0.390955	3
0.391229	4
0.391503	3
0.391777	3
0.392052	3
0.392326	3
0.3926	3
0.392874	3
0.393148	3
0.393422	3
0.393696	3
0.39397	3
0.394244	3
0.394518	3
0.394792	3
0.395066	3
0.395341	3
0.395615	3
0.395889	3
0.396163	3
0.396437	3
0.396711	3
0.396985	3
0.397259	3
0.397533	3
0.397807	3
0.398081	3
0.398355	3
0.39863	3
0.398904	3
0.399178	3
0.399452	3
0.399726	3
0.4	3
0.400275	3
0.400551	3
0.400826	3
0.401102	3
0.401377	3
0.401653	3
0.401928	3
0.402204	3
0.402479	3
0.402755	3
0.40303	3
0.403306	3
0.403581	3
0.403857	3
0.404132	3
0.404408	3
0.404683	3
0.404959	3
0.405234	3
0.40551	3
0.405785	3
0.406061	3
0.406336	3
0.406612	3
0.406887	3
0.407163	3
0.407438	3
0.407713	3
0.407987	3
0.408262	3
0.408537	3
0.408811	3
0.409086	3
0.409361	3
0.409635	3
0.40991	3
0.410185	3
0.410459	3
0.410734	3
0.411009	3
0.411283	3
0.411558	3
0.411833	3
0.412107	3
0.412382	3
0.412657	3
0.412931	3
0.413206	3
0.413481	3
0.413755	3
0.41403	3
0.414305	3
0.414579	3
0.414854	3
0.415129	3
0.415403	3
0.415678	3
0.415953	3
0.416227	3
0.416502	3
0.416777	3
0.417051	3
0.417326	3
0.417601	3
0.417875	3
0.41815	3
0.418425	3
0.418699	3
0.418974	3
0.419249	3
0.419523	3
0.419798	3
0.420073	3
0.420347	3
0.420622	3
0.420897	3
0.421171	3
0.421446	3
0.421721	3
0.421995	3
0.42227	3
0.422545	3
0.422819	3
0.423094	3
0.423369	3
0.423643	3
0.423918	3
0.424193	3
0.424467	3
0.424742	3
0.425017	3
0.425291	3
0.425566	3
0.42584	3
0.426113	3
0.426387	3
0.426661	3
0.426934	3
0.427208	3
0.427481	3
0.427755	3
0.428029	3
0.428302	3
0.428576	3
0.42885	3
0.429123	3
0.429397	3
0.429671	3
0.429944	3
0.430218	3
0.430492	3
0.430765	3
0.431039	3
0.431313	3
0.431586	3
0.43186	3
0.432134	3
0.432407	3
0.432681	3
0.432955	3
0.433228	3
0.433502	3
0.433776	3
0.434049	3
0.434323	3
0.434596	3
0.43487	3
0.435144	3
0.435417	3
0.435691	3
0.435965	3
0.436238	3
0.436512	3
0.436786	3
0.437059	3
0.437333	3
0.437607	3
0.43788	3
0.438154	3
0.438428	3
0.438701	3
0.438975	3
0.439249	3
0.439522	3
0.439796	3
0.44007	3
0.440343	3
0.440617	3
0.440891	3
0.441164	3
0.441438	3
0.441712	3
0.441985	3
0.442259	3
0.442532	3
0.442806	3
0.44308	3
0.443353	3
0.443627	3
0.443901	3
0.444174	3
0.444448	3
0.444722	3
0.444995	3
0.445269	3
0.445543	3
0.445816	3
0.44609	3
0.446364	3
0.446637	3
0.446911	3
0.447185	3
0.447458	3
0.447732	3
0.448006	3
0.448279	3
0.448553	3
0.448827	3
0.4491	3
0.449374	3
0.449648	3
0.449921	3
0.450195	3
0.450468	3
0.450742	3
0.451016	3
0.451289	3
0.451563	3
0.451837	3
0.45211	3
0.452384	3
0.452658	3
0.452931	3
0.453205	3
0.453479	3
0.453752	3
0.454026	3
0.4543	3
0.454573	3
0.454847	3
0.455121	3
0.455394	3
0.455668	3
0.455942	3
0.456215	3
0.456489	3
0.456763	3
0.457036	3
0.45731	3
0.457583	3
0.457857	3
0.458131	3
0.458404	3
0.458678	3
0.458952	3
0.459225	3
0.459499	3
0.459773	3
0.460046	3
0.46032	3
0.460594	3
0.460867	3
0.461141	3
0.461415	3
0.461688	3
0.461962	3
0.462236	3
0.462509	3
0.462783	3
0.463057	3
0.46333	3
0.463604	3
0.463878	3
0.464151	3
0.464425	3
0.464699	3
0.464972	3
0.465246	3
0.465519	3
0.465793	3
0.466067	3
0.46634	3
0.466614	3
0.466888	3
0.467161	3
0.467435	3
0.467709	3
0.467982	3
0.468256	3
0.46853	3
0.468803	3
0.469077	3
0.469351	3
0.469624	3
0.469898	3
0.470172	3
0.470445	3
0.470719	3
0.470993	3
0.471266	3
0.47154	3
0.471814	3
0.472087	3
0.472361	3
0.472635	3
0.472908	3
0.473182	3
0.473455	3
0.473729	3
0.474003	3
0.474276	3
0.47455	3
0.474824	3
0.475097	3
0.475371	3
0.475645	3
0.475918	3
0.476192	3
0.476466	3
0.476739	3
0.477013	3
0.477287	3
0.47756	3
0.477834	3
0.478108	3
0.478381	3
0.478655	3
0.478929	3
0.479202	3
0.479476	3
0.47975	3
0.480023	3
0.480297	3
0.480571	3
0.480844	3
0.481118	3
0.481391	3
0.481665	3
0.481939	3
0.482212	3
0.482486	3
0.48276	3
0.483033	3
0.483307	3
0.483581	3
0.483854	3
0.484128	3
0.484402	3
0.484675	3
0.484949	3
0.485223	3
0.485496	3
0.48577	3
0.486044	3
0.486317	3
0.486591	3
0.486865	3
0.487138	3
0.487412	3
0.487686	3
0.487959	3
0.488233	3
0.488506	3
0.48878	3
0.489054	3
0.489327	3
0.489601	3
0.489875	3
0.490148	3
0.490422	3
0.490696	3
0.490969	3
0.491243	3
0.491517	3
0.49179	3
0.492064	3
0.492338	3
0.492611	3
0.492885	3
0.493159	3
0.493432	3
0.493706	3
0.49398	3
0.494253	3
0.494527	3
0.494801	3
0.495074	3
0.495348	3
0.495622	3
0.495895	3
0.496169	3
0.496442	3
0.496716	3
0.49699	3
0.497263	3
0.497537	3
0.497811	3
0.498084	3
0.498358	3
0.498632	3
0.498905	3
0.499179	3
0.499453	3
0.499726	3
0.5	3
0.500278	3
0.500556	3
0.500833	3
0.501111	3
0.501389	3
0.501667	3
0.501946	3
0.502225	3
0.502503	3
0.502782	3
0.50306	3
0.503339	3
0.503617	3
0.503896	3
0.504175	3
0.504453	3
0.504732	3
0.50501	3
0.505289	3
0.505567	3
0.505846	3
0.506124	3
0.506403	3
0.506682	3
0.50696	3
0.507239	3
0.507517	3
0.507796	3
0.508075	3
0.508355	3
0.508634	3
0.508913	3
0.509193	3
0.509472	3
0.509752	3
0.510031	3
0.51031	3
0.51059	3
0.510869	3
0.511149	3
0.511428	3
0.511708	3
0.511987	3
0.512266	3
0.512546	3
0.512825	3
0.513105	3
0.513384	3
0.513663	3
0.513943	3
0.514222	3
0.514502	3
0.514781	3
0.515061	3
0.515342	3
0.515622	3
0.515902	3
0.516183	3
0.516463	3
0.516743	3
0.517024	3
0.517304	3
0.517584	3
0.517865	3
0.518145	3
0.518425	3
0.518706	3
0.518986	3
0.519266	3
0.519547	3
0.519827	3
0.520107	3
0.520388	3
0.520668	3
0.520948	3
0.521228	3
0.521509	3
0.521789	3
0.522069	3
0.52235	3
0.52263	3
0.52291	3
0.523191	3
0.523471	3
0.523752	3
0.524034	3
0.524315	3
0.524597	3
0.524878	3
0.525159	3
0.525441	3
0.525722	3
0.526003	3
0.526285	3
0.526566	3
0.526847	3
0.527129	3
0.52741	3
0.527691	3
0.527973	3
0.528254	3
0.528535	3
0.528817	3
0.529098	3
0.52938	3
0.529661	3
0.529942	3
0.530224	3
0.530505	3
0.530786	3
0.531068	3
0.531349	3
0.53163	3
0.531912	3
0.532193	3
0.532474	3
0.532756	3
0.533037	3
0.533319	3
0.5336	3
0.533881	3
0.534163	3
0.534444	3
0.534725	3
0.535007	3
0.535288	3
0.535569	3
0.535851	3
0.536132	3
0.536415	3
0.536697	3
0.53698	3
0.537263	3
0.537545	3
0.537828	3
0.53811	3
0.538393	3
0.538676	3
0.538958	3
0.539241	3
0.539523	3
0.539806	3
0.540089	3
0.540371	3
0.540654	3
0.540936	3
0.541219	3
0.541502	3
0.541784	3
0.542067	3
0.542349	3
0.542632	3
0.542915	3
0.543197	3
0.54348	3
0.543762	3
0.544045	3
0.544328	3
0.54461	3
0.544893	3
0.545175	3
0.545458	3
0.545741	3
0.546023	3
0.546306	3
0.546588	3
0.546871	3
0.547154	3
0.547436	3
0.547719	3
0.548001	3
0.548284	3
0.548567	3
0.548849	3
0.549132	3
0.549414	3
0.549697	3
0.54998	3
0.550262	3
0.550545	3
0.550827	3
0.55111	3
0.551393	3
0.551675	3
0.551958	3
0.55224	3
0.552523	3
0.552806	3
0.553088	3
0.553371	3
0.553653	3
0.553936	3
0.554219	3
0.554501	3
0.554784	3
0.555066	3
0.555349	3
0.555632	3
0.555914	3
0.556197	3
0.556479	3
0.556762	3
0.557045	3
0.557327	3
0.55761	3
0.557892	3
0.558175	3
0.558458	3
0.55874	3
0.559023	3
0.559305	3
0.559588	3
0.559871	3
0.560153	3
0.560436	3
0.560718	3
0.561001	3
0.561284	3
0.561566	3
0.561849	3
0.562131	3
0.562414	3
0.562697	3
0.562979	3
0.563262	3
0.563544	3
0.563827	3
0.56411	3
0.564392	3
0.564675	3
0.564957	3
0.56524	3
0.565523	3
0.565805	3
0.566088	3
0.56637	3
0.566653	3
0.566936	3
0.567218	3
0.567501	3
0.567783	3
0.568066	3
0.568349	3
0.568631	3
0.568914	3
0.569196	3
0.569479	3
0.569762	3
0.570044	3
0.570327	3
0.570609	3
0.570892	3
0.571175	3
0.571457	3
0.57174	3
0.572022	3
0.572305	3
0.572588	3
0.57287	3
0.573153	3
0.573435	3
0.573718	3
0.574001	3
0.574283	3
0.574566	3
0.574848	3
0.575131	3
0.575414	3
0.575696	3
0.575979	3
0.576261	3
0.576544	3
0.576827	3
0.577109	3
0.577392	3
0.577675	3
0.577957	3
0.57824	3
0.578522	3
0.578805	3
0.579088	3
0.57937	3
0.579653	3
0.579935	3
0.580218	3
0.580501	3
0.580783	3
0.581066	4
0.581348	3
0.581631	3
0.581914	3
0.582196	3
0.582479	3
0.582761	3
0.583044	3
0.583327	3
0.583609	3
0.583892	3
0.584174	3
0.584457	3
0.58474	3
0.585022	3
0.585305	3
0.585587	3
0.58587	3
0.586153	3
0.586435	3
0.586718	3
0.587	3
0.587283	3
0.587566	3
0.587848	3
0.588131	3
0.588413	3
0.588696	4
0.588979	3
0.589261	3
0.589544	3
0.589826	4
0.590109	3
0.590392	4
0.590674	3
0.590957	4
0.591239	3
0.591522	4
0.591805	3
0.592087	3
0.59237	3
0.592652	4
0.592935	3
0.593218	3
0.5935	3
0.593783	3
0.594065	3
0.594348	3
0.594631	3
0.594913	3
0.595196	3
0.595478	3
0.595761	3
0.596044	3
0.596326	3
0.596609	3
0.596891	3
0.597174	3
0.597457	3
0.597739	3
0.598022	3
0.598304	3
0.598587	3
0.59887	3
0.599152	3
0.599435	3
0.599717	3
0.6	3
0.600285	3
0.60057	3
0.600855	3
0.60114	3
0.601425	3
0.601709	3
0.601994	3
0.602279	3
0.602564	3
0.602849	3
0.603134	3
0.603419	3
0.603704	3
0.603989	3
0.604274	3
0.604558	3
0.604843	3
0.605128	3
0.605413	3
0.605698	3
0.605983	3
0.606268	3
0.606553	3
0.606838	3
0.607123	3
0.607407	3
0.607692	3
0.607977	3
0.608262	3
0.608547	3
0.608832	3
0.609117	3
0.609402	3
0.609687	3
0.609972	3
0.610256	3
0.610541	3
0.610826	3
0.611111	3
0.611396	3
0.611681	3
0.611966	3
0.612251	3
0.612536	3
0.612821	3
0.613105	3
0.61339	3
0.613675	3
0.61396	3
0.614245	3
0.61453	3
0.614815	3
0.6151	3
0.615385	3
0.61567	3
0.615954	3
0.616239	3
0.616524	3
0.616809	3
0.617094	3
0.617379	3
0.617664	3
0.617949	3
0.618234	3
0.618519	3
0.618803	3
0.619088	3
0.619373	3
0.619658	3
0.619943	3
0.620228	3
0.620513	3
0.620798	3
0.621083	3
0.621368	3
0.621652	3
0.621937	3
0.622222	3
0.622507	3
0.622792	3
0.623077	3
0.623362	3
0.623647	3
0.623932	3
0.624217	3
0.624501	3
0.624786	3
0.62507	3
0.625354	3
0.625638	3
0.625922	3
0.626205	3
0.626489	3
0.626773	3
0.627057	3
0.627341	3
0.627625	3
0.627908	3
0.628192	3
0.628476	3
0.62876	3
0.629044	3
0.629328	3
0.629611	3
0.629895	3
0.630179	3
0.630463	3
0.630747	3
0.63103	3
0.631314	3
0.631598	3
0.631882	3
0.632166	3
0.63245	3
0.632733	3
0.633017	3
0.633301	3
0.633585	3
0.633869	3
0.634153	3
0.634436	3
0.63472	3
0.635004	3
0.635288	3
0.635572	3
0.635856	3
0.636139	3
0.636423	3
0.636707	3
0.636991	3
0.637275	3
0.637558	3
0.637842	3
0.638126	3
0.63841	3
0.638694	3
0.638978	3
0.639261	3
0.639545	3
0.639829	3
0.640113	3
0.640397	3
0.640681	3
0.640964	3
0.641248	3
0.641532	3
0.641816	3
0.6421	3
0.642383	3
0.642667	3
0.642951	3
0.643235	3
0.643519	3
0.643803	3
0.644086	3
0.64437	3
0.644654	3
0.644938	3
0.645222	3
0.645506	3
0.645789	3
0.646073	3
0.646357	3
0.646641	3
0.646925	3
0.647209	3
0.647492	3
0.647775	3
0.648057	3
0.648339	3
0.648622	3
0.648904	3
0.649186	3
0.649468	3
0.649751	3
0.650033	3
0.650315	3
0.650598	3
0.65088	3
0.651162	3
0.651445	3
0.651727	3
0.652009	3
0.652291	3
0.652574	3
0.652856	3
0.653138	3
0.653421	3
0.653703	3
0.653985	3
0.654268	3
0.65455	3
0.654832	3
0.655114	3
0.655397	3
0.655679	3
0.655961	3
0.656244	3
0.656526	3
0.656808	3
0.657091	3
0.657373	3
0.657655	3
0.657937	3
0.65822	3
0.658502	3
0.658784	3
0.659067	3
0.659349	3
0.659631	3
0.659914	3
0.660196	3
0.660478	3
0.66076	3
0.661043	3
0.661325	3
0.661607	3
0.66189	3
0.662172	3
0.662454	3
0.662736	3
0.663019	3
0.663301	3
0.663583	3
0.663866	3
0.664148	3
0.66443	3
0.664713	3
0.664995	3
0.665277	3
0.665559	3
0.665842	3
0.666124	3
0.666406	3
0.666689	3
0.666971	3
0.667253	3
0.667536	3
0.667818	3
0.6681	3
0.668382	3
0.668665	3
0.668947	3
0.669229	3
0.669512	3
0.669794	3
0.670076	3
0.670359	3
0.670641	3
0.670923	3
0.671205	3
0.671488	3
0.67177	3
0.672052	3
0.672335	3
0.672617	3
0.672899	3
0.673182	3
0.673464	3
0.673746	3
0.674028	3
0.674311	3
0.674593	3
0.674875	3
0.675158	3
0.67544	3
0.675722	3
0.676005	3
0.676287	3
0.676569	3
0.676851	3
0.677134	3
0.677416	3
0.677698	3
0.677981	3
0.678263	3
0.678545	3
0.678828	3
0.67911	3
0.679392	3
0.679674	3
0.679957	3
0.680239	3
0.680521	3
0.680804	3
0.681086	3
0.681368	3
0.681651	3
0.681933	3
0.682215	3
0.682497	3
0.68278	3
0.683062	3
0.683344	3
0.683627	3
0.683909	3
0.684191	3
0.684474	3
0.684756	3
0.685038	3
0.68532	3
0.685603	3
0.685885	3
0.686167	3
0.68645	3
0.686732	3
0.687014	3
0.687297	3
0.687579	3
0.687861	3
0.688143	3
0.688426	3
0.688708	3
0.68899	3
0.689273	3
0.689555	3
0.689837	4
0.69012	3
0.690402	4
0.690684	3
0.690966	4
0.691249	3
0.691531	4
0.691813	3
0.692096	4
0.692378	3
0.69266	4
0.692943	3
0.693225	4
0.693507	3
0.693789	4
0.694072	3
0.694354	4
0.694636	3
0.694919	4
0.695201	3
0.695483	4
0.695766	3
0.696048	4
0.69633	3
0.696612	4
0.696895	3
0.697177	4
0.697459	3
0.697742	4
0.698024	3
0.698306	4
0.698589	3
0.698871	4
0.699153	3
0.699435	4
0.699718	3
0.7	4
0.700283	3
0.700567	3
0.70085	3
0.701133	4
0.701416	3
0.7017	4
0.701983	3
0.702266	4
0.70255	3
0.702833	4
0.703116	3
0.703399	4
0.703683	3
0.703966	4
0.704249	3
0.704533	4
0.704816	3
0.705099	4
0.705382	3
0.705666	4
0.705949	3
0.706232	4
0.706516	3
0.706799	4
0.707082	3
0.707365	4
0.707649	3
0.707932	4
0.708215	3
0.708499	4
0.708782	3
0.709065	4
0.709348	3
0.709632	4
0.709915	3
0.710198	4
0.710482	3
0.710765	4
0.711048	3
0.711331	4
0.711615	3
0.711898	4
0.712181	3
0.712465	4
0.712748	3
0.713031	4
0.713314	3
0.713598	4
0.713881	3
0.714164	4
0.714448	3
0.714731	4
0.715014	3
0.715297	4
0.715581	3
0.715864	4
0.716147	3
0.716431	4
0.716714	3
0.716997	4
0.71728	3
0.717564	4
0.717847	3
0.71813	4
0.718414	3
0.718697	4
0.71898	3
0.719263	3
0.719547	3
0.71983	3
0.720113	3
0.720397	3
0.72068	3
0.720963	4
0.721246	3
0.72153	4
0.721813	3
0.722096	4
0.72238	3
0.722663	4
0.722946	3
0.723229	4
0.723513	3
0.723796	4
0.724079	3
0.724363	4
0.724646	3
0.724929	4
0.725212	3
0.725496	4
0.725779	3
0.726062	4
0.726346	3
0.726629	4
0.726912	3
0.727195	4
0.727479	3
0.727762	4
0.728045	3
0.728329	4
0.728612	3
0.728895	4
0.729178	3
0.729462	4
0.729745	3
0.730028	4
0.730312	3
0.730595	4
0.730878	3
0.731161	4
0.731445	3
0.731728	4
0.732011	3
0.732295	4
0.732578	3
0.732861	4
0.733144	3
0.733428	4
0.733711	3
0.733994	4
0.734278	3
0.734561	4
0.734844	3
0.735127	4
0.735411	3
0.735694	4
0.735977	3
0.736261	4
0.736544	3
0.736827	4
0.73711	3
0.737394	4
0.737677	3
0.73796	4
0.738244	3
0.738527	4
0.73881	3
0.739093	4
0.739377	4
0.73966	4
0.739943	3
0.740227	4
0.74051	3
0.740793	4
0.741076	3
0.74136	4
0.741643	3
0.741926	4
0.74221	3
0.742493	4
0.742776	3
0.743059	4
0.743343	3
0.743626	3
0.743909	3
0.744193	3
0.744476	3
0.744759	3
0.745042	3
0.745326	3
0.745609	3
0.745892	3
0.746176	3
0.746459	3
0.746742	3
0.747025	3
0.747309	3
0.747592	3
0.747875	3
0.748159	3
0.748442	3
0.748725	3
0.749008	3
0.749292	3
0.749575	3
0.749858	3
0.750142	3
0.750425	3
0.750708	3
0.750992	3
0.751275	3
0.751558	3
0.751841	3
0.752125	3
0.752408	3
0.752691	3
0.752975	3
0.753258	3
0.753541	3
0.753824	3
0.754108	3
0.754391	3
0.754674	3
0.754958	3
0.755241	3
0.755524	3
0.755807	3
0.756091	3
0.756374	3
0.756657	3
0.756941	3
0.757224	3
0.757507	3
0.75779	3
0.758074	3
0.758357	3
0.75864	3
0.758924	3
0.759207	3
0.75949	3
0.759773	3
0.760057	3
0.76034	3
0.760623	3
0.760907	3
0.76119	3
0.761473	3
0.761756	3
0.76204	3
0.762323	3
0.762606	3
0.76289	3
0.763173	3
0.763456	3
0.763739	3
0.764023	3
0.764306	3
0.764589	3
0.764873	3
0.765156	3
0.765439	3
0.765722	3
0.766006	3
0.766289	3
0.766572	3
0.766856	3
0.767139	3
0.767422	3
0.767705	3
0.767989	3
0.768272	3
0.768555	3
0.768839	3
0.769122	3
0.769405	3
0.769688	3
0.769972	3
0.770255	3
0.770538	3
0.770822	3
0.771105	3
0.771388	3
0.771671	3
0.771955	3
0.772238	3
0.772521	3
0.772805	3
0.773088	3
0.773371	3
0.773654	3
0.773938	3
0.774221	3
0.774504	3
0.774788	3
0.775071	3
0.775354	3
0.775637	3
0.775921	3
0.776204	3
0.776487	3
0.776771	3
0.777054	3
0.777337	3
0.77762	3
0.777904	3
0.778187	3
0.77847	3
0.778754	3
0.779037	3
0.77932	3
0.779603	3
0.779887	3
0.78017	3
0.780453	3
0.780737	3
0.78102	3
0.781303	3
0.781586	3
0.78187	3
0.782153	3
0.782436	3
0.78272	3
0.783003	3
0.783286	3
0.783569	3
0.783853	3
0.784136	3
0.784419	3
0.784703	3
0.784986	3
0.785269	3
0.785552	3
0.785836	3
0.786119	3
0.786402	3
0.786686	3
0.786969	3
0.787252	3
0.787535	3
0.787819	3
0.788102	3
0.788385	3
0.788669	3
0.788952	3
0.789235	3
0.789518	3
0.789802	3
0.790085	3
0.790368	3
0.790652	3
0.790935	3
0.791218	3
0.791501	3
0.791785	3
0.792068	3
0.792351	3
0.792635	3
0.792918	3
0.793201	3
0.793484	3
0.793768	3
0.794051	3
0.794334	3
0.794618	3
0.794901	3
0.795184	3
0.795467	3
0.795751	3
0.796034	3
0.796317	3
0.796601	3
0.796884	3
0.797167	3
0.79745	3
0.797734	3
0.798017	3
0.7983	3
0.798584	3
0.798867	3
0.79915	3
0.799433	3
0.799717	3
0.8	3
0.800283	3
0.800567	3
0.80085	3
0.801133	3
0.801416	3
0.8017	3
0.801983	3
0.802266	3
0.80255	3
0.802833	3
0.803116	3
0.803399	3
0.803683	3
0.803966	3
0.804249	3
0.804533	3
0.804816	3
0.805099	3
0.805382	3
0.805666	3
0.805949	3
0.806232	3
0.806516	3
0.806799	3
0.807082	3
0.807365	3
0.807649	3
0.807932	3
0.808215	3
0.808499	3
0.808782	3
0.809065	3
0.809348	3
0.809632	3
0.809915	3
0.810198	3
0.810482	3
0.810765	3
0.811048	3
0.811331	3
0.811615	3
0.811898	3
0.812181	3
0.812465	3
0.812748	3
0.813031	3
0.813314	3
0.813598	3
0.813881	3
0.814164	3
0.814448	3
0.814731	3
0.815014	3
0.815297	3
0.815581	3
0.815864	3
0.816147	3
0.816431	3
0.816714	3
0.816997	3
0.81728	3
0.817564	3
0.817847	3
0.81813	3
0.818414	3
0.818697	3
0.81898	3
0.819263	3
0.819547	3
0.81983	3
0.820113	3
0.820397	3
0.82068	3
0.820963	3
0.821246	3
0.82153	3
0.821813	3
0.822096	3
0.82238	3
0.822663	3
0.822946	3
0.823229	3
0.823513	3
0.823796	3
0.824079	3
0.824363	3
0.824646	3
0.824929	3
0.825212	3
0.825496	3
0.825779	3
0.826062	3
0.826346	3
0.826629	3
0.826912	3
0.827195	3
0.827479	3
0.827762	3
0.828045	3
0.828329	3
0.828612	3
0.828895	3
0.829178	3
0.829462	3
0.829745	3
0.830028	3
0.830312	3
0.830595	3
0.830878	3
0.831161	3
0.831445	3
0.831728	3
0.832011	3
0.832295	3
0.832578	3
0.832861	3
0.833144	3
0.833428	3
0.833711	3
0.833994	3
0.834276	3
0.834558	3
0.834841	3
0.835123	3
0.835405	3
0.835687	3
0.835969	3
0.836251	3
0.836533	3
0.836815	3
0.837097	3
0.837379	3
0.837661	3
0.837943	3
0.838225	3
0.838508	3
0.83879	3
0.839072	3
0.839354	3
0.839636	3
0.839918	3
0.8402	3
0.840482	3
0.840764	3
0.841046	3
0.841328	3
0.84161	3
0.841892	3
0.842175	3
0.842457	3
0.842739	3
0.843021	3
0.843303	3
0.843585	3
0.843867	3
0.844149	3
0.844431	3
0.844713	3
0.844995	3
0.845277	3
0.845559	3
0.845842	3
0.846124	3
0.846406	3
0.846688	3
0.84697	3
0.847252	3
0.847534	3
0.847816	3
0.848098	3
0.84838	3
0.848662	3
0.848944	3
0.849226	3
0.849508	3
0.849791	3
0.850073	3
0.850355	3
0.850637	3
0.850919	3
0.851201	3
0.851483	3
0.851765	3
0.852047	3
0.852329	3
0.852611	3
0.852893	3
0.853175	3
0.853458	3
0.85374	3
0.854022	3
0.854304	3
0.854586	3
0.854868	3
0.85515	3
0.855432	3
0.855714	3
0.855996	3
0.856278	3
0.85656	3
0.856842	3
0.857125	3
0.857407	3
0.857689	3
0.857971	3
0.858253	3
0.858535	3
0.858817	3
0.859099	3
0.859381	3
0.859663	3
0.859945	3
0.860227	3
0.860509	3
0.860792	3
0.861074	3
0.861356	3
0.861638	3
0.86192	3
0.862202	3
0.862484	3
0.862766	3
0.863048	3
0.86333	3
0.863612	3
0.863894	3
0.864176	3
0.864458	3
0.864741	3
0.865023	3
0.865305	3
0.865587	3
0.865869	3
0.866151	3
0.866433	3
0.866715	3
0.866997	3
0.867279	3
0.867561	3
0.867843	3
0.868125	3
0.868408	3
0.86869	3
0.868972	3
0.869254	3
0.869536	3
0.869818	3
0.8701	3
0.870382	3
0.870664	3
0.870946	3
0.871228	3
0.87151	3
0.871792	3
0.872075	3
0.872357	3
0.872639	3
0.872921	3
0.873203	3
0.873485	3
0.873767	3
0.874049	3
0.874331	3
0.874613	3
0.874895	3
0.875177	3
0.875459	3
0.875742	3
0.876024	3
0.876306	3
0.876588	3
0.87687	3
0.877152	3
0.877434	3
0.877716	3
0.877998	3
0.87828	3
0.878562	3
0.878844	3
0.879126	3
0.879408	3
0.879691	3
0.879973	3
0.880255	3
0.880537	3
0.880819	3
0.881101	3
0.881383	3
0.881665	3
0.881947	3
0.882229	3
0.882511	3
0.882793	3
0.883075	3
0.883358	3
0.88364	3
0.883922	3
0.884204	3
0.884486	3
0.884768	3
0.88505	3
0.885332	3
0.885614	3
0.885896	3
0.886178	3
0.88646	3
0.886742	3
0.887025	3
0.887307	3
0.887589	3
0.887871	3
0.888153	3
0.888435	3
0.888717	3
0.888999	3
0.889281	3
0.889563	3
0.889845	3
0.890127	3
0.890409	3
0.890692	3
0.890974	3
0.891256	3
0.891538	3
0.89182	3
0.892102	3
0.892384	3
0.892666	3
0.892948	3
0.89323	3
0.893512	3
0.893794	3
0.894076	3
0.894358	3
0.894641	3
0.894923	3
0.895205	3
0.895487	3
0.895769	3
0.896051	3
0.896333	3
0.896615	3
0.896897	3
0.897179	3
0.897461	3
0.897743	3
0.898025	3
0.898308	3
0.89859	3
0.898872	3
0.899154	3
0.899436	3
0.899718	3
0.9	3
0.900282	3
0.900565	3
0.900847	3
0.90113	3
0.901412	3
0.901695	3
0.901977	3
0.90226	3
0.902542	3
0.902825	3
0.903107	3
0.90339	3
0.903672	3
0.903955	3
0.904237	3
0.90452	3
0.904802	3
0.905085	3
0.905367	3
0.90565	3
0.905932	3
0.906215	3
0.906497	3
0.90678	3
0.907062	3
0.907345	3
0.907627	3
0.90791	3
0.908192	3
0.908475	3
0.908757	3
0.90904	3
0.909322	3
0.909605	3
0.909887	3
0.910169	3
0.910452	3
0.910734	3
0.911017	3
0.911299	3
0.911582	3
0.911864	3
0.912147	3
0.912429	3
0.912712	3
0.912994	3
0.913277	3
0.913559	3
0.913842	3
0.914124	3
0.914407	3
0.914689	3
0.914972	3
0.915254	3
0.915537	3
0.915819	3
0.916102	3
0.916384	3
0.916667	3
0.916949	3
0.917232	3
0.917514	3
0.917797	3
0.918079	3
0.918362	3
0.918644	3
0.918927	3
0.919209	3
0.919492	3
0.919774	3
0.920056	3
0.920339	3
0.920621	3
0.920904	3
0.921186	3
0.921469	3
0.921751	3
0.922034	3
0.922316	3
0.922599	3
0.922881	3
0.923164	3
0.923446	3
0.923729	3
0.924011	3
0.924294	3
0.924576	3
0.924859	3
0.925141	3
0.925424	3
0.925706	3
0.925989	3
0.926271	3
0.926554	3
0.926836	3
0.927119	3
0.927401	3
0.927684	3
0.927966	3
0.928249	3
0.928531	3
0.928814	3
0.929096	3
0.929379	3
0.929661	3
0.929944	3
0.930226	3
0.930508	3
0.930791	3
0.931073	3
0.931356	3
0.931638	3
0.931921	3
0.932203	3
0.932486	3
0.932768	3
0.933051	3
0.933333	3
0.933616	3
0.933898	3
0.934181	3
0.934463	3
0.934746	3
0.935028	3
0.935311	3
0.935593	3
0.935876	3
0.936158	3
0.936441	3
0.936723	3
0.937006	3
0.937288	3
0.937571	3
0.937853	3
0.938136	3
0.938418	3
0.938701	3
0.938983	3
0.939266	3
0.939548	3
0.939831	3
0.940113	3
0.940395	3
0.940678	3
0.94096	3
0.941243	3
0.941525	3
0.941808	3
0.94209	3
0.942373	3
0.942655	3
0.942938	3
0.94322	3
0.943503	3
0.943785	3
0.944068	3
0.94435	3
0.944633	3
0.944915	3
0.945198	3
0.94548	3
0.945763	3
0.946045	3
0.946328	3
0.94661	3
0.946893	3
0.947175	3
0.947458	3
0.94774	3
0.948023	3
0.948305	3
0.948588	3
0.94887	3
0.949153	3
0.949435	3
0.949718	3
0.95	3
0.950282	3
0.950565	3
0.950847	3
0.95113	3
0.951412	3
0.951695	3
0.951977	3
0.95226	3
0.952542	3
0.952825	3
0.953107	3
0.95339	3
0.953672	3
0.953955	3
0.954237	3
0.95452	3
0.954802	3
0.955085	3
0.955367	3
0.95565	3
0.955932	3
0.956215	3
0.956497	3
0.95678	3
0.957062	3
0.957345	3
0.957627	3
0.95791	3
0.958192	3
0.958475	3
0.958757	3
0.95904	3
0.959322	3
0.959605	3
0.959887	3
0.960169	3
0.960452	3
0.960734	3
0.961017	3
0.961299	3
0.961582	3
0.961864	4
0.962147	3
0.962429	4
0.962712	3
0.962994	4
0.963277	3
0.963559	4
0.963842	3
0.964124	4
0.964407	3
0.964689	4
0.964972	4
0.965254	4
0.965537	4
0.965819	4
0.966102	4
0.966384	4
0.966667	4
0.966949	4
0.967232	4
0.967514	4
0.967797	4
0.968079	4
0.968362	4
0.968644	4
0.968927	4
0.969209	4
0.969492	4
0.969774	4
0.970056	4
0.970339	4
0.970621	4
0.970904	4
0.971186	4
0.971469	4
0.971751	4
0.972034	4
0.972316	4
0.972599	4
0.972881	4
0.973164	4
0.973446	4
0.973729	4
0.974011	4
0.974294	4
0.974576	4
0.974859	4
0.975141	4
0.975424	4
0.975706	4
0.975989	4
0.976271	4
0.976554	4
0.976836	4
0.977119	4
0.977401	4
0.977684	4
0.977963	3
0.978242	4
0.97852	4
0.978799	4
0.979078	4
0.979357	4
0.979636	4
0.979915	4
0.980194	4
0.980473	4
0.980752	4
0.981031	4
0.98131	4
0.981589	4
0.981868	4
0.982147	4
0.982426	4
0.982705	4
0.982984	4
0.983263	4
0.983542	4
0.983821	4
0.9841	4
0.984379	4
0.984657	4
0.984936	4
0.985215	4
0.985494	4
0.985773	4
0.986052	4
0.986331	4
0.98661	4
0.986889	4
0.987168	4
0.987447	4
0.987726	4
0.988005	4
0.988284	4
0.988563	4
0.988842	4
0.989121	4
0.9894	4
0.989679	4
0.989958	4
0.990237	4
0.990516	4
0.990794	4
0.991073	4
0.991352	4
0.991631	4
0.99191	4
0.992189	4
0.992468	4
0.992747	4
0.993026	4
0.993305	4
0.993584	4
0.993863	4
0.994142	4
0.994421	4
0.9947	4
0.994979	4
0.995258	4
0.995537	4
0.995816	4
0.996095	4
0.996374	4
0.996653	4
0.996931	4
0.99721	4
0.997489	4
0.997768	4
0.998047	4
0.998326	4
0.998605	4
0.998884	4
0.999163	4
0.999442	4
0.999721	4
1	4
1.00028	3
1.00056	4
1.00085	4
1.00113	4
1.00141	4
1.00169	4
1.00197	4
1.00225	4
1.00254	4
1.00282	4
1.0031	4
1.00338	4
1.00366	4
1.00394	4
1.00423	4
1.00451	4
1.00479	4
1.00507	4
1.00535	4
1.00563	4
1.00592	4
1.0062	4
1.00648	4
1.00676	4
1.00704	4
1.00732	4
1.00761	4
1.00789	4
1.00817	4
1.00845	4
1.00873	4
1.00901	4
1.0093	4
1.00958	4
1.00986	4
1.01014	4
1.01042	4
1.0107	4
1.01099	4
1.01127	4
1.01155	4
1.01183	4
1.01211	4
1.01239	4
1.01268	4
1.01296	4
1.01324	4
1.01352	4
1.0138	4
1.01408	4
1.01437	4
1.01465	4
1.01493	4
1.01521	4
1.01549	4
1.01577	4
1.01606	4
1.01634	4
1.01662	4
1.0169	4
1.01718	4
1.01746	4
1.01775	4
1.01803	4
1.01831	4
1.01859	4
1.01887	4
1.01915	4
1.01944	4
1.01972	4
1.02	3
1.02028	4
1.02056	3
1.02085	4
1.02113	3
1.02141	4
1.02169	3
1.02197	3
1.02225	3
1.02254	3
1.02282	3
1.0231	3
1.02338	3
1.02366	3
1.02394	3
1.02423	3
1.02451	3
1.02479	3
1.02507	3
1.02535	3
1.02563	3
1.02592	3
1.0262	3
1.02648	3
1.02676	3
1.02704	3
1.02732	4
1.02761	3
1.02789	3
1.02817	3
1.02845	3
1.02873	3
1.02901	3
1.0293	3
1.02958	4
1.02986	3
1.03014	3
1.03042	3
1.0307	4
1.03099	3
1.03127	4
1.03155	3
1.03183	4
1.03211	3
1.03239	4
1.03268	3
1.03296	4
1.03324	3
1.03352	4
1.0338	3
1.03408	4
1.03437	4
1.03465	4
1.03493	4
1.03521	4
1.03549	4
1.03577	4
1.03606	4
1.03634	4
1.03662	4
1.0369	4
1.03718	4
1.03746	4
1.03775	4
1.03803	4
1.03831	4
1.03859	4
1.03887	4
1.03915	4
1.03943	4
1.03971	4
1.03999	4
1.04028	4
1.04056	4
1.04084	4
1.04112	4
1.0414	4
1.04168	4
1.04196	4
1.04224	4
1.04252	4
1.0428	4
1.04308	4
1.04336	4
1.04364	4
1.04392	4
1.0442	4
1.04448	4
1.04476	4
1.04504	4
1.04532	4
1.0456	4
1.04588	4
1.04616	4
1.04644	4
1.04672	4
1.047	4
1.04729	4
1.04757	4
1.04785	4
1.04813	4
1.04841	4
1.04869	4
1.04897	4
1.04925	4
1.04953	4
1.04981	4
1.05009	4
1.05037	4
1.05065	4
1.05093	4
1.05121	4
1.05149	4
1.05177	4
1.05205	4
1.05233	4
1.05261	4
1.05289	4
1.05317	4
1.05345	4
1.05373	4
1.05401	4
1.0543	4
1.05458	4
1.05486	4
1.05514	4
1.05542	4
1.0557	4
1.05598	4
1.05626	4
1.05654	4
1.05682	4
1.0571	4
1.05738	4
1.05766	4
1.05794	4
1.05822	4
1.0585	4
1.05878	4
1.05906	4
1.05934	4
1.05962	4
1.0599	4
1.06018	4
1.06046	4
1.06074	4
1.06102	4
1.06131	4
1.06159	4
1.06187	4
1.06215	4
1.06243	4
1.06271	4
1.06299	4
1.06327	4
1.06355	4
1.06383	4
1.06411	4
1.06439	4
1.06467	4
1.06495	4
1.06523	4
1.06551	4
1.06579	4
1.06607	4
1.06635	4
1.06663	4
1.06691	4
1.06719	4
1.06747	4
1.06775	4
1.06803	4
1.06832	4
1.0686	3
1.06888	4
1.06916	3
1.06944	4
1.06972	3
1.07	4
1.07028	3
1.07056	4
1.07084	3
1.07112	4
1.0714	3
1.07168	4
1.07196	3
1.07224	4
1.07252	3
1.0728	4
1.07308	3
1.07336	4
1.07364	3
1.07392	3
1.0742	3
1.07448	4
1.07476	3
1.07504	4
1.07532	3
1.07561	4
1.07589	3
1.07617	4
1.07645	4
1.07673	4
1.07701	3
1.07729	4
1.07757	4
1.07785	4
1.07813	3
1.07841	4
1.07869	4
1.07897	4
1.07925	4
1.07953	4
1.07981	4
1.08009	4
1.08037	4
1.08065	4
1.08093	4
1.08121	4
1.08149	4
1.08177	4
1.08205	4
1.08233	4
1.08262	4
1.0829	4
1.08318	4
1.08346	4
1.08374	4
1.08402	4
1.0843	4
1.08458	3
1.08486	4
1.08514	4
1.08542	4
1.0857	4
1.08598	4
1.08626	4
1.08654	4
1.08682	4
1.0871	4
1.08738	4
1.08766	4
1.08794	4
1.08822	4
1.0885	4
1.08878	4
1.08906	4
1.08934	4
1.08963	4
1.08991	4
1.09019	4
1.09047	4
1.09075	4
1.09103	4
1.09131	4
1.09159	4
1.09187	4
1.09215	4
1.09243	4
1.09271	4
1.09299	4
1.09327	4
1.09355	4
1.09383	4
1.09411	4
1.09439	4
1.09467	4
1.09495	4
1.09523	4
1.09551	4
1.09579	4
1.09607	4
1.09635	4
1.09664	4
1.09692	4
1.0972	4
1.09748	4
1.09776	4
1.09804	4
1.09832	4
1.0986	4
1.09888	4
1.09916	4
1.09944	4
1.09972	4
1.1	4
1.10028	3
1.10056	4
1.10084	4
1.10112	4
1.1014	4
1.10169	4
1.10197	4
1.10225	4
1.10253	4
1.10281	4
1.10309	4
1.10337	4
1.10365	4
1.10393	4
1.10421	4
1.10449	4
1.10478	4
1.10506	4
1.10534	4
1.10562	4
1.1059	4
1.10618	4
1.10646	4
1.10674	4
1.10702	4
1.1073	4
1.10758	4
1.10787	4
1.10815	4
1.10843	4
1.10871	4
1.10899	4
1.10927	4
1.10955	4
1.10983	4
1.11011	4
1.11039	4
1.11067	4
1.11096	4
1.11124	4
1.11152	4
1.1118	4
1.11208	4
1.11236	4
1.11264	4
1.11292	4
1.1132	4
1.11348	4
1.11376	4
1.11404	4
1.11433	4
1.11461	4
1.11489	4
1.11517	4
1.11545	4
1.11573	4
1.11601	3
1.11629	4
1.11657	3
1.11685	4
1.11713	3
1.11742	4
1.1177	3
1.11798	4
1.11826	3
1.11854	4
1.11882	3
1.1191	4
1.11938	3
1.11966	4
1.11994	3
1.12022	4
1.12051	3
1.12079	4
1.12107	3
1.12135	4
1.12163	3
1.12191	4
1.12219	3
1.12247	4
1.12275	3
1.12303	4
1.12331	3
1.1236	4
1.12388	3
1.12416	4
1.12444	3
1.12472	4
1.125	3
1.12528	4
1.12556	3
1.12584	4
1.12612	3
1.1264	4
1.12669	3
1.12697	4
1.12725	3
1.12753	4
1.12781	3
1.12809	4
1.12837	3
1.12865	4
1.12893	3
1.12921	4
1.12949	3
1.12978	4
1.13006	3
1.13034	4
1.13062	3
1.1309	4
1.13118	3
1.13146	4
1.13174	3
1.13202	4
1.1323	3
1.13258	4
1.13287	3
1.13315	4
1.13343	3
1.13371	4
1.13399	3
1.13427	4
1.13455	3
1.13483	4
1.13511	3
1.13539	4
1.13567	3
1.13596	4
1.13624	3
1.13652	4
1.1368	3
1.13708	4
1.13736	3
1.13764	3
1.13792	3
1.1382	4
1.13848	3
1.13876	4
1.13904	3
1.13933	4
1.13961	3
1.13989	4
1.14017	4
1.14045	4
1.14073	3
1.14101	4
1.14129	4
1.14157	4
1.14185	3
1.14213	4
1.14242	3
1.1427	4
1.14298	4
1.14326	4
1.14354	4
1.14382	4
1.1441	4
1.14438	4
1.14466	4
1.14494	4
1.14522	4
1.14551	4
1.14579	4
1.14607	4
1.14635	4
1.14663	4
1.14691	4
1.14719	4
1.14747	4
1.14775	4
1.14803	4
1.14831	4
1.1486	4
1.14888	4
1.14916	4
1.14944	4
1.14972	4
1.15	4
1.15028	4
1.15056	4
1.15084	4
1.15112	4
1.1514	4
1.15169	4
1.15197	4
1.15225	4
1.15253	4
1.15281	4
1.15309	4
1.15337	4
1.15365	4
1.15393	4
1.15421	4
1.15449	4
1.15478	4
1.15506	4
1.15534	4
1.15562	4
1.1559	4
1.15618	4
1.15646	4
1.15674	4
1.15702	4
1.1573	4
1.15758	4
1.15787	4
1.15815	4
1.15843	4
1.15871	4
1.15899	4
1.15927	4
1.15955	4
1.15983	4
1.16011	4
1.16039	4
1.16067	4
1.16096	4
1.16124	4
1.16152	4
1.1618	4
1.16208	4
1.16236	4
1.16264	4
1.16292	4
1.1632	4
1.16348	4
1.16376	4
1.16404	4
1.16433	4
1.16461	4
1.16489	4
1.16517	4
1.16545	4
1.16573	4
1.16601	4
1.16629	4
1.16657	4
1.16685	4
1.16713	4
1.16742	4
1.1677	4
1.16798	4
1.16826	4
1.16854	4
1.16882	4
1.1691	4
1.16938	4
1.16966	4
1.16994	4
1.17022	4
1.17051	4
1.17079	4
1.17107	4
1.17135	4
1.17163	4
1.17191	4
1.17219	4
1.17247	4
1.17275	4
1.17303	4
1.17331	4
1.1736	4
1.17388	4
1.17416	4
1.17444	4
1.17472	4
1.175	4
1.17528	4
1.17556	4
1.17584	4
1.17612	4
1.1764	4
1.17669	4
1.17697	4
1.17725	4
1.17753	4
1.17781	4
1.17809	4
1.17837	4
1.17865	4
1.17893	4
1.17921	4
1.17949	4
1.17978	4
1.18006	4
1.18034	4
1.18062	4
1.1809	4
1.18118	4
1.18146	4
1.18174	4
1.18202	4
1.1823	4
1.18258	4
1.18287	4
1.18315	4
1.18343	4
1.18371	4
1.18399	4
1.18427	4
1.18455	4
1.18483	4
1.18511	4
1.18539	4
1.18567	4
1.18596	4
1.18624	4
1.18652	4
1.1868	4
1.18708	4
1.18736	4
1.18763	3
1.18791	4
1.18818	3
1.18846	4
1.18873	4
1.18901	4
1.18928	4
1.18956	4
1.18983	4
1.19011	4
1.19038	4
1.19066	4
1.19093	4
1.19121	4
1.19148	4
1.19176	4
1.19203	4
1.19231	4
1.19258	4
1.19286	4
1.19313	4
1.1934	4
1.19368	4
1.19395	4
1.19423	4
1.1945	4
1.19478	4
1.19505	4
1.19533	4
1.1956	4
1.19588	4
1.19615	4
1.19643	4
1.1967	4
1.19698	4
1.19725	4
1.19753	4
1.1978	4
1.19808	4
1.19835	4
1.19863	4
1.1989	4
1.19918	4
1.19945	4
1.19973	4
1.2	4
1.20028	3
1.20056	3
1.20084	4
1.20112	4
1.2014	4
1.20168	4
1.20196	4
1.20224	4
1.20252	4
1.2028	4
1.20308	4
1.20336	4
1.20364	4
1.20392	4
1.2042	4
1.20448	4
1.20476	4
1.20504	4
1.20532	4
1.2056	4
1.20588	4
1.20616	4
1.20644	4
1.20672	4
1.207	4
1.20728	4
1.20756	4
1.20784	4
1.20812	4
1.2084	4
1.20868	4
1.20896	4
1.20924	4
1.20952	4
1.2098	4
1.21008	4
1.21036	4
1.21064	4
1.21092	4
1.2112	4
1.21148	4
1.21176	4
1.21204	4
1.21232	4
1.21261	4
1.21289	4
1.21317	4
1.21345	4
1.21373	4
1.21401	4
1.21429	4
1.21457	4
1.21485	4
1.21513	4
1.21541	4
1.21569	4
1.21597	4
1.21625	4
1.21653	4
1.21681	4
1.21709	4
1.21737	4
1.21765	4
1.21793	3
1.21821	4
1.21849	3
1.21877	4
1.21905	3
1.21933	4
1.21961	3
1.21989	4
1.22017	3
1.22045	4
1.22073	3
1.22101	3
1.22129	3
1.22157	3
1.22185	3
1.22213	3
1.22241	3
1.22269	3
1.22297	3
1.22325	3
1.22353	3
1.22381	3
1.22409	3
1.22437	3
1.22465	3
1.22493	3
1.22521	3
1.22549	3
1.22577	3
1.22605	3
1.22633	3
1.22661	3
1.22689	3
1.22717	3
1.22745	3
1.22773	3
1.22801	3
1.22829	3
1.22857	3
1.22885	3
1.22913	3
1.22941	3
1.22969	3
1.22997	3
1.23025	3
1.23053	3
1.23081	3
1.23109	3
1.23137	3
1.23165	3
1.23193	3
1.23221	3
1.23249	3
1.23277	3
1.23305	3
1.23333	3
1.23361	3
1.23389	3
1.23417	3
1.23445	3
1.23473	3
1.23501	3
1.23529	3
1.23557	3
1.23585	3
1.23613	3
1.23641	4
1.23669	3
1.23697	4
1.23725	3
1.23754	4
1.23782	4
1.2381	4
1.23838	3
1.23866	4
1.23894	4
1.23922	4
1.2395	4
1.23978	4
1.24006	4
1.24034	4
1.24062	4
1.2409	4
1.24118	4
1.24146	4
1.24174	4
1.24202	4
1.2423	4
1.24258	4
1.24286	4
1.24314	4
1.24342	4
1.2437	4
1.24398	4
1.24426	4
1.24454	4
1.24482	4
1.2451	4
1.24538	4
1.24566	4
1.24594	4
1.24622	4
1.2465	4
1.24678	4
1.24706	4
1.24734	4
1.24762	4
1.2479	4
1.24818	4
1.24846	4
1.24874	4
1.24902	4
1.2493	4
1.24958	4
1.24986	4
1.25014	4
1.25042	4
1.2507	4
1.25098	4
1.25126	3
1.25154	4
1.25182	3
1.2521	4
1.25238	4
1.25266	4
1.25294	4
1.25322	4
1.2535	4
1.25378	4
1.25406	4
1.25434	4
1.25462	4
1.2549	4
1.25518	4
1.25546	4
1.25574	4
1.25602	4
1.2563	4
1.25658	4
1.25686	4
1.25714	4
1.25742	3
1.2577	4
1.25798	4
1.25826	4
1.25854	3
1.25882	4
1.2591	3
1.25938	4
1.25966	3
1.25994	4
1.26022	4
1.2605	4
1.26078	4
1.26106	4
1.26134	4
1.26162	4
1.2619	4
1.26218	4
1.26246	3
1.26275	4
1.26303	4
1.26331	4
1.26359	4
1.26387	4
1.26415	3
1.26443	4
1.26471	3
1.26499	4
1.26527	3
1.26555	4
1.26583	3
1.26611	4
1.26639	3
1.26667	4
1.26695	3
1.26723	4
1.26751	3
1.26779	4
1.26807	3
1.26835	4
1.26863	3
1.26891	4
1.26919	3
1.26947	4
1.26975	3
1.27003	4
1.27031	3
1.27059	4
1.27087	3
1.27115	4
1.27143	3
1.27171	4
1.27199	3
1.27227	4
1.27255	3
1.27283	4
1.27311	3
1.27339	4
1.27367	3
1.27395	4
1.27423	3
1.27451	4
1.27479	3
1.27507	4
1.27535	3
1.27563	4
1.27591	3
1.27619	4
1.27647	3
1.27675	4
1.27703	3
1.27731	4
1.27759	3
1.27787	4
1.27815	3
1.27843	4
1.27871	4
1.27899	4
1.27927	4
1.27955	4
1.27983	3
1.28011	4
1.28039	4
1.28067	4
1.28095	4
1.28123	4
1.28151	4
1.28179	4
1.28207	4
1.28235	4
1.28263	4
1.28291	4
1.28319	4
1.28347	4
1.28375	4
1.28403	4
1.28431	4
1.28459	4
1.28487	4
1.28515	4
1.28543	4
1.28571	4
1.28599	4
1.28627	4
1.28655	4
1.28683	4
1.28711	4
1.28739	4
1.28768	4
1.28796	4
1.28824	4
1.28852	4
1.2888	4
1.28908	4
1.28936	4
1.28964	4
1.28992	4
1.2902	4
1.29048	4
1.29076	4
1.29104	4
1.29132	4
1.2916	4
1.29188	4
1.29216	4
1.29244	4
1.29272	4
1.293	4
1.29328	4
1.29356	4
1.29384	4
1.29412	4
1.2944	4
1.29468	4
1.29496	4
1.29524	4
1.29552	4
1.2958	4
1.29608	4
1.29636	4
1.29664	4
1.29692	4
1.2972	4
1.29748	4
1.29776	4
1.29804	4
1.29832	4
1.2986	4
1.29888	4
1.29916	4
1.29944	4
1.29972	4
1.3	4
1.30028	3
1.30056	3
1.30084	4
1.30112	4
1.3014	4
1.30169	4
1.30197	4
1.30225	4
1.30253	4
1.30281	4
1.30309	4
1.30337	4
1.30365	4
1.30393	4
1.30421	4
1.30449	4
1.30478	4
1.30506	4
1.30534	4
1.30562	4
1.3059	4
1.30618	4
1.30646	4
1.30674	4
1.30702	4
1.3073	4
1.30758	4
1.30787	4
1.30815	4
1.30843	4
1.30871	4
1.30899	4
1.30927	4
1.30955	4
1.30983	4
1.31011	4
1.31039	4
1.31067	4
1.31096	4
1.31124	4
1.31152	4
1.3118	4
1.31208	4
1.31236	4
1.31264	4
1.31292	4
1.3132	4
1.31348	4
1.31376	4
1.31404	4
1.31433	4
1.31461	4
1.31489	4
1.31517	3
1.31545	4
1.31573	4
1.31601	4
1.31629	4
1.31657	4
1.31685	4
1.31713	4
1.31742	4
1.3177	4
1.31798	4
1.31826	4
1.31854	4
1.31882	4
1.3191	4
1.31938	4
1.31966	4
1.31994	4
1.32022	4
1.32051	4
1.32079	4
1.32107	4
1.32135	4
1.32163	4
1.32191	4
1.32219	4
1.32247	4
1.32275	4
1.32303	4
1.32331	4
1.3236	4
1.32388	4
1.32416	4
1.32444	4
1.32472	4
1.325	4
1.32528	4
1.32556	4
1.32584	4
1.32612	4
1.3264	4
1.32669	4
1.32697	4
1.32725	4
1.32753	4
1.32781	4
1.32809	4
1.32837	4
1.32865	4
1.32893	4
1.32921	4
1.32949	4
1.32978	4
1.33006	4
1.33034	4
1.33062	4
1.3309	4
1.33118	4
1.33146	4
1.33174	4
1.33202	4
1.3323	4
1.33258	4
1.33287	4
1.33315	4
1.33343	4
1.33371	4
1.33399	4
1.33427	4
1.33455	4
1.33483	4
1.33511	4
1.33539	4
1.33567	4
1.33596	4
1.33624	4
1.33652	4
1.3368	4
1.33708	4
1.33736	4
1.33764	4
1.33792	4
1.3382	4
1.33848	4
1.33876	4
1.33904	4
1.33933	4
1.33961	4
1.33989	4
1.34017	4
1.34045	4
1.34073	3
1.34101	4
1.34129	3
1.34157	4
1.34185	4
1.34213	4
1.34241	4
1.34269	4
1.34297	4
1.34325	4
1.34352	4
1.3438	4
1.34408	4
1.34436	4
1.34464	4
1.34492	4
1.3452	4
1.34548	4
1.34576	4
1.34604	4
1.34632	4
1.3466	4
1.34688	4
1.34716	4
1.34744	4
1.34772	4
1.348	4
1.34828	4
1.34856	4
1.34884	4
1.34912	4
1.3494	4
1.34968	4
1.34996	4
1.35023	4
1.35051	4
1.35079	4
1.35107	4
1.35135	4
1.35163	4
1.35191	4
1.35219	4
1.35247	4
1.35275	4
1.35303	4
1.35331	4
1.35359	4
1.35387	4
1.35415	4
1.35443	4
1.35471	4
1.35499	4
1.35527	4
1.35555	4
1.35583	4
1.35611	4
1.35639	4
1.35667	4
1.35694	4
1.35722	4
1.3575	4
1.35778	4
1.35806	4
1.35834	4
1.35862	4
1.3589	4
1.35918	4
1.35946	4
1.35974	4
1.36002	4
1.3603	4
1.36058	4
1.36086	4
1.36114	4
1.36142	4
1.3617	4
1.36198	4
1.36226	4
1.36254	4
1.36282	4
1.3631	4
1.36338	4
1.36365	4
1.36393	4
1.36421	4
1.36449	4
1.36477	4
1.36505	4
1.36533	4
1.36561	4
1.36589	4
1.36617	4
1.36645	4
1.36673	4
1.36701	4
1.36729	4
1.36757	4
1.36785	4
1.36813	4
1.36841	4
1.36869	4
1.36897	4
1.36925	4
1.36953	4
1.36981	4
1.37008	4
1.37036	4
1.37064	4
1.37092	4
1.3712	4
1.37148	4
1.37176	4
1.37204	4
1.37232	4
1.3726	4
1.37288	4
1.37316	4
1.37344	4
1.37372	4
1.374	4
1.37428	4
1.37456	4
1.37484	4
1.37512	4
1.3754	4
1.37568	4
1.37596	4
1.37624	4
1.37652	4
1.37679	4
1.37707	4
1.37735	4
1.37763	4
1.37791	4
1.37819	4
1.37847	4
1.37875	4
1.37903	4
1.37931	4
1.37959	4
1.37987	4
1.38015	4
1.38043	4
1.38071	4
1.38099	4
1.38127	4
1.38155	4
1.38183	4
1.38211	4
1.38239	4
1.38267	4
1.38295	4
1.38323	4
1.3835	4
1.38378	4
1.38406	4
1.38434	4
1.38462	4
1.3849	4
1.38518	4
1.38546	4
1.38574	4
1.38602	4
1.3863	4
1.38658	4
1.38686	4
1.38714	4
1.38742	4
1.3877	4
1.38798	4
1.38826	4
1.38854	4
1.38882	4
1.3891	4
1.38938	4
1.38966	4
1.38994	4
1.39021	4
1.39049	4
1.39077	4
1.39105	4
1.39133	4
1.39161	4
1.39189	4
1.39217	4
1.39245	4
1.39273	4
1.39301	4
1.39329	4
1.39357	4
1.39385	4
1.39413	4
1.39441	4
1.39469	4
1.39497	4
1.39525	4
1.39553	4
1.39581	4
1.39609	4
1.39637	4
1.39665	4
1.39692	4
1.3972	4
1.39748	4
1.39776	4
1.39804	4
1.39832	4
1.3986	4
1.39888	4
1.39916	4
1.39944	4
1.39972	4
1.4	4
1.40028	4
1.40056	4
1.40084	4
1.40112	4
1.4014	4
1.40168	4
1.40196	4
1.40224	4
1.40252	4
1.4028	4
1.40308	4
1.40336	4
1.40364	4
1.40392	4
1.4042	4
1.40448	4
1.40475	4
1.40503	4
1.40531	4
1.40559	4
1.40587	4
1.40615	4
1.40643	4
1.40671	4
1.40699	4
1.40727	4
1.40755	4
1.40783	4
1.40811	4
1.40839	4
1.40867	4
1.40894	4
1.40922	4
1.4095	4
1.40978	4
1.41006	4
1.41034	4
1.41062	4
1.4109	4
1.41118	4
1.41146	4
1.41174	4
1.41202	4
1.4123	4
1.41258	4
1.41285	4
1.41313	4
1.41341	4
1.41369	4
1.41397	4
1.41425	4
1.41453	4
1.41481	4
1.41509	4
1.41537	4
1.41565	4
1.41593	4
1.41621	4
1.41649	4
1.41677	4
1.41704	4
1.41732	4
1.4176	4
1.41788	4
1.41816	4
1.41844	4
1.41872	4
1.419	4
1.41928	4
1.41956	4
1.41984	4
1.42012	4
1.4204	4
1.42068	4
1.42095	4
1.42123	4
1.42151	4
1.42179	4
1.42207	4
1.42235	4
1.42263	4
1.42291	4
1.42319	4
1.42347	4
1.42375	4
1.42403	4
1.42431	4
1.42459	4
1.42487	4
1.42514	4
1.42542	4
1.4257	4
1.42598	4
1.42626	4
1.42654	4
1.42682	4
1.4271	4
1.42738	4
1.42766	4
1.42794	4
1.42822	4
1.4285	4
1.42878	4
1.42905	4
1.42933	4
1.42961	4
1.42989	4
1.43017	4
1.43045	4
1.43073	4
1.43101	4
1.43129	4
1.43157	4
1.43185	4
1.43213	4
1.43241	4
1.43269	4
1.43297	4
1.43324	4
1.43352	4
1.4338	4
1.43408	4
1.43436	4
1.43464	4
1.43492	4
1.4352	4
1.43548	4
1.43576	4
1.43604	4
1.43632	4
1.4366	4
1.43688	4
1.43715	4
1.43743	4
1.43771	4
1.43799	4
1.43827	4
1.43855	4
1.43883	4
1.43911	4
1.43939	4
1.43967	4
1.43995	4
1.44023	4
1.44051	4
1.44079	4
1.44107	4
1.44134	4
1.44162	4
1.4419	4
1.44218	4
1.44246	4
1.44274	4
1.44302	4
1.4433	4
1.44358	4
1.44386	4
1.44414	4
1.44442	4
1.4447	4
1.44498	4
1.44525	4
1.44553	4
1.44581	4
1.44609	4
1.44637	4
1.44665	4
1.44693	4
1.44721	4
1.44749	4
1.44777	4
1.44805	4
1.44833	4
1.44861	4
1.44889	4
1.44917	4
1.44944	4
1.44972	4
1.45	4
1.45028	4
1.45056	4
1.45084	4
1.45112	4
1.4514	4
1.45168	4
1.45196	4
1.45224	4
1.45252	4
1.4528	4
1.45308	4
1.45335	4
1.45363	4
1.45391	4
1.45419	4
1.45447	4
1.45475	4
1.45503	4
1.45531	4
1.45559	4
1.45587	4
1.45615	4
1.45643	4
1.45671	4
1.45699	4
1.45727	4
1.45754	4
1.45782	4
1.4581	4
1.45838	4
1.45866	4
1.45894	4
1.45922	4
1.4595	4
1.45978	4
1.46006	4
1.46034	4
1.46062	4
1.4609	4
1.46118	4
1.46145	4
1.46173	4
1.46201	4
1.46229	4
1.46257	4
1.46285	3
1.46313	4
1.46341	3
1.46369	4
1.46397	3
1.46425	4
1.46453	3
1.46481	3
1.46509	3
1.46537	3
1.46564	3
1.46592	3
1.4662	3
1.46648	3
1.46676	3
1.46704	3
1.46732	3
1.4676	3
1.46788	3
1.46816	3
1.46844	3
1.46872	3
1.469	3
1.46928	3
1.46956	3
1.46983	3
1.47011	3
1.47039	3
1.47067	3
1.47095	3
1.47123	3
1.47151	3
1.47179	3
1.47207	3
1.47235	3
1.47263	3
1.47291	3
1.47319	3
1.47347	3
1.47374	3
1.47402	3
1.4743	3
1.47458	3
1.47486	3
1.47514	3
1.47542	3
1.4757	3
1.47598	3
1.47626	3
1.47654	3
1.47682	3
1.4771	3
1.47738	3
1.47766	3
1.47793	3
1.47821	3
1.47849	3
1.47877	3
1.47905	3
1.47933	3
1.47961	3
1.47989	3
1.48017	3
1.48045	3
1.48073	3
1.48101	3
1.48129	3
1.48157	3
1.48184	3
1.48212	3
1.4824	3
1.48268	3
1.48296	3
1.48324	3
1.48352	3
1.4838	3
1.48408	3
1.48436	3
1.48464	3
1.48492	3
1.4852	3
1.48548	3
1.48575	3
1.48602	4
1.4863	3
1.48657	3
1.48685	3
1.48712	3
1.48739	3
1.48767	3
1.48794	3
1.48822	3
1.48849	3
1.48876	3
1.48904	3
1.48931	3
1.48959	3
1.48986	3
1.49013	3
1.49041	3
1.49068	3
1.49096	3
1.49123	3
1.4915	3
1.49178	3
1.49205	3
1.49233	3
1.4926	3
1.49287	3
1.49315	3
1.49342	3
1.4937	3
1.49397	3
1.49425	3
1.49452	3
1.49479	3
1.49507	3
1.49534	3
1.49562	3
1.49589	3
1.49616	3
1.49644	3
1.49671	3
1.49699	3
1.49726	3
1.49753	3
1.49781	3
1.49808	3
1.49836	3
1.49863	3
1.4989	3
1.49918	3
1.49945	3
1.49973	3
1.5	3
1.50028	3
1.50056	4
1.50084	3
1.50111	3
1.50139	3
1.50167	4
1.50195	3
1.50223	3
1.50251	3
1.50279	3
1.50306	3
1.50334	3
1.50362	3
1.5039	3
1.50418	3
1.50446	3
1.50474	3
1.50501	3
1.50529	3
1.50557	3
1.50585	3
1.50613	3
1.50641	3
1.50669	3
1.50696	3
1.50724	3
1.50752	3
1.5078	3
1.50808	3
1.50836	3
1.50864	3
1.50891	3
1.50919	3
1.50947	3
1.50975	3
1.51003	3
1.51031	3
1.51058	3
1.51086	3
1.51114	3
1.51142	3
1.5117	3
1.51198	3
1.51226	3
1.51253	3
1.51281	3
1.51309	3
1.51337	3
1.51365	3
1.51393	3
1.51421	3
1.51448	3
1.51476	3
1.51504	3
1.51532	3
1.5156	3
1.51588	3
1.51616	3
1.51643	3
1.51671	3
1.51699	3
1.51727	3
1.51755	3
1.51783	3
1.51811	3
1.51838	3
1.51866	3
1.51894	3
1.51922	3
1.5195	3
1.51978	3
1.52006	3
1.52033	3
1.52061	3
1.52089	3
1.52117	3
1.52145	3
1.52173	3
1.52201	3
1.52228	3
1.52256	3
1.52284	3
1.52312	3
1.5234	3
1.52368	3
1.52396	3
1.52423	3
1.52451	3
1.52479	3
1.52507	3
1.52535	3
1.52563	3
1.52591	3
1.52618	3
1.52646	3
1.52674	3
1.52702	3
1.5273	3
1.52758	3
1.52786	3
1.52813	3
1.52841	3
1.52869	3
1.52897	3
1.52925	3
1.52953	3
1.52981	3
1.53008	3
1.53036	3
1.53064	3
1.53092	3
1.5312	3
1.53148	3
1.53175	3
1.53203	3
1.53231	3
1.53259	3
1.53287	3
1.53315	3
1.53343	3
1.5337	3
1.53398	3
1.53426	3
1.53454	3
1.53482	3
1.5351	3
1.53538	3
1.53565	3
1.53593	3
1.53621	3
1.53649	3
1.53677	3
1.53705	3
1.53733	3
1.5376	3
1.53788	3
1.53816	3
1.53844	3
1.53872	3
1.539	3
1.53928	3
1.53955	3
1.53983	3
1.54011	3
1.54039	3
1.54067	3
1.54095	3
1.54123	3
1.5415	3
1.54178	3
1.54206	3
1.54234	3
1.54262	3
1.5429	3
1.54318	3
1.54345	3
1.54373	3
1.54401	3
1.54429	3
1.54457	3
1.54485	3
1.54513	3
1.5454	3
1.54568	3
1.54596	3
1.54624	3
1.54652	3
1.5468	3
1.54708	3
1.54735	3
1.54763	3
1.54791	3
1.54819	3
1.54847	3
1.54875	3
1.54903	3
1.5493	3
1.54958	3
1.54986	3
1.55014	3
1.55042	3
1.5507	3
1.55097	3
1.55125	3
1.55153	3
1.55181	3
1.55209	3
1.55237	3
1.55265	3
1.55292	3
1.5532	3
1.55348	3
1.55376	3
1.55404	3
1.55432	3
1.5546	3
1.55487	3
1.55515	3
1.55543	3
1.55571	3
1.55599	3
1.55627	3
1.55655	3
1.55682	3
1.5571	3
1.55738	3
1.55766	3
1.55794	3
1.55822	3
1.5585	3
1.55877	3
1.55905	3
1.55933	3
1.55961	3
1.55989	3
1.56017	3
1.56045	3
1.56072	3
1.561	3
1.56128	3
1.56156	3
1.56184	3
1.56212	3
1.5624	3
1.56267	3
1.56295	3
1.56323	3
1.56351	3
1.56379	3
1.56407	3
1.56435	3
1.56462	3
1.5649	3
1.56518	3
1.56546	3
1.56574	3
1.56602	3
1.5663	3
1.56657	3
1.56685	3
1.56713	3
1.56741	3
1.56769	3
1.56797	3
1.56825	3
1.56852	3
1.5688	3
1.56908	3
1.56936	3
1.56964	3
1.56992	3
1.57019	3
1.57047	3
1.57075	3
1.57103	3
1.57131	3
1.57159	3
1.57187	3
1.57214	3
1.57242	3
1.5727	3
1.57298	3
1.57326	3
1.57354	3
1.57382	3
1.57409	3
1.57437	3
1.57465	3
1.57493	3
1.57521	3
1.57549	3
1.57577	3
1.57604	3
1.57632	3
1.5766	3
1.57688	3
1.57716	3
1.57744	3
1.57772	3
1.57799	3
1.57827	3
1.57855	3
1.57883	3
1.57911	3
1.57939	3
1.57967	3
1.57994	3
1.58022	3
1.5805	3
1.58078	3
1.58106	3
1.58134	3
1.58162	3
1.58189	3
1.58217	3
1.58245	3
1.58273	3
1.58301	3
1.58329	3
1.58357	3
1.58384	3
1.58412	3
1.5844	3
1.58468	3
1.58496	3
1.58524	3
1.58552	3
1.58579	3
1.58607	3
1.58635	3
1.58663	3
1.58691	3
1.58719	3
1.58747	3
1.58774	3
1.58802	3
1.5883	3
1.58858	3
1.58886	3
1.58914	3
1.58942	3
1.58969	3
1.58997	3
1.59025	3
1.59053	3
1.59081	3
1.59109	3
1.59136	3
1.59164	3
1.59192	3
1.5922	3
1.59248	3
1.59276	3
1.59304	3
1.59331	3
1.59359	3
1.59387	3
1.59415	3
1.59443	3
1.59471	3
1.59499	3
1.59526	3
1.59554	3
1.59582	3
1.5961	3
1.59638	3
1.59666	3
1.59694	3
1.59721	3
1.59749	3
1.59777	3
1.59805	3
1.59833	3
1.59861	3
1.59889	3
1.59916	3
1.59944	3
1.59972	3
1.6	3
1.60028	3
1.60056	3
1.60084	3
1.60111	3
1.60139	3
1.60167	3
1.60195	3
1.60223	3
1.60251	3
1.60279	3
1.60306	3
1.60334	3
1.60362	3
1.6039	3
1.60418	3
1.60446	3
1.60474	3
1.60501	3
1.60529	3
1.60557	3
1.60585	3
1.60613	3
1.60641	3
1.60669	3
1.60696	3
1.60724	3
1.60752	3
1.6078	3
1.60808	3
1.60836	3
1.60864	3
1.60891	3
1.60919	3
1.60947	3
1.60975	3
1.61003	3
1.61031	3
1.61058	3
1.61086	3
1.61114	3
1.61142	3
1.6117	3
1.61198	3
1.61226	3
1.61253	3
1.61281	3
1.61309	3
1.61337	3
1.61365	3
1.61393	3
1.61421	3
1.61448	3
1.61476	3
1.61504	3
1.61532	3
1.6156	3
1.61588	3
1.61616	3
1.61643	3
1.61671	3
1.61699	3
1.61727	3
1.61755	3
1.61783	3
1.61811	3
1.61838	3
1.61866	3
1.61894	3
1.61922	3
1.6195	3
1.61978	3
1.62006	3
1.62033	3
1.62061	3
1.62089	3
1.62117	3
1.62145	3
1.62173	3
1.62201	3
1.62228	3
1.62256	3
1.62284	3
1.62312	3
1.6234	3
1.62368	3
1.62396	3
1.62423	3
1.62451	3
1.62479	3
1.62507	3
1.62535	3
1.62562	3
1.6259	3
1.62618	3
1.62646	3
1.62673	3
1.62701	3
1.62729	3
1.62757	3
1.62784	3
1.62812	3
1.6284	3
1.62868	3
1.62895	3
1.62923	3
1.62951	3
1.62979	3
1.63006	3
1.63034	3
1.63062	3
1.6309	3
1.63117	3
1.63145	3
1.63173	3
1.63201	3
1.63228	3
1.63256	3
1.63284	3
1.63312	3
1.63339	3
1.63367	3
1.63395	3
1.63423	3
1.6345	3
1.63478	3
1.63506	3
1.63534	3
1.63561	3
1.63589	3
1.63617	3
1.63645	3
1.63672	3
1.637	3
1.63728	3
1.63756	3
1.63783	3
1.63811	3
1.63839	3
1.63867	3
1.63894	3
1.63922	3
1.6395	3
1.63978	3
1.64005	3
1.64033	3
1.64061	3
1.64089	3
1.64116	3
1.64144	3
1.64172	3
1.642	3
1.64227	3
1.64255	3
1.64283	3
1.64311	3
1.64338	3
1.64366	3
1.64394	3
1.64422	3
1.64449	3
1.64477	3
1.64505	3
1.64533	3
1.6456	3
1.64588	3
1.64616	3
1.64644	3
1.64671	3
1.64699	3
1.64727	3
1.64755	3
1.64782	3
1.6481	3
1.64838	3
1.64866	3
1.64893	3
1.64921	3
1.64949	3
1.64977	3
1.65005	3
1.65032	3
1.6506	3
1.65088	3
1.65116	3
1.65143	3
1.65171	3
1.65199	3
1.65227	3
1.65254	3
1.65282	3
1.6531	3
1.65338	3
1.65365	3
1.65393	3
1.65421	3
1.65449	3
1.65476	3
1.65504	3
1.65532	3
1.6556	3
1.65587	3
1.65615	3
1.65643	3
1.65671	3
1.65698	3
1.65726	3
1.65754	3
1.65782	3
1.65809	3
1.65837	3
1.65865	3
1.65893	3
1.6592	3
1.65948	3
1.65976	3
1.66004	3
1.66031	3
1.66059	3
1.66087	3
1.66115	3
1.66142	3
1.6617	3
1.66198	3
1.66226	3
1.66253	3
1.66281	3
1.66309	3
1.66337	3
1.66364	3
1.66392	3
1.6642	3
1.66448	3
1.66475	3
1.66503	3
1.66531	3
1.66559	3
1.66586	3
1.66614	3
1.66642	3
1.6667	3
1.66697	3
1.66725	3
1.66753	3
1.66781	3
1.66808	3
1.66836	3
1.66864	3
1.66892	3
1.66919	3
1.66947	3
1.66975	3
1.67003	3
1.6703	3
1.67058	3
1.67086	3
1.67114	3
1.67141	3
1.67169	3
1.67197	3
1.67225	3
1.67252	3
1.6728	3
1.67308	3
1.67336	3
1.67363	3
1.67391	3
1.67419	3
1.67447	3
1.67475	3
1.67502	3
1.6753	3
1.67558	3
1.67586	3
1.67613	3
1.67641	3
1.67669	3
1.67697	3
1.67724	3
1.67752	3
1.6778	3
1.67808	3
1.67835	3
1.67863	3
1.67891	3
1.67919	3
1.67946	3
1.67974	3
1.68002	3
1.6803	3
1.68057	3
1.68085	3
1.68113	3
1.68141	3
1.68168	3
1.68196	3
1.68224	3
1.68252	3
1.68279	3
1.68307	3
1.68335	3
1.68363	3
1.6839	3
1.68418	3
1.68446	3
1.68474	3
1.68501	3
1.68529	3
1.68557	3
1.68585	3
1.68612	3
1.6864	3
1.68668	3
1.68696	3
1.68723	3
1.68751	3
1.68779	3
1.68807	3
1.68834	3
1.68862	3
1.6889	3
1.68918	3
1.68945	3
1.68973	3
1.69001	3
1.69029	3
1.69056	3
1.69084	3
1.69112	3
1.6914	3
1.69167	3
1.69195	3
1.69223	3
1.69251	3
1.69278	3
1.69306	3
1.69334	3
1.69362	3
1.69389	3
1.69417	3
1.69445	3
1.69473	3
1.695	3
1.69528	3
1.69556	3
1.69584	3
1.69611	3
1.69639	3
1.69667	3
1.69695	3
1.69722	3
1.6975	3
1.69778	3
1.69806	3
1.69833	3
1.69861	3
1.69889	3
1.69917	3
1.69944	3
1.69972	3
1.7	3
1.70028	3
1.70056	3
1.70083	3
1.70111	3
1.70139	3
1.70167	3
1.70194	3
1.70222	4
1.7025	4
1.70278	4
1.70306	4
1.70333	4
1.70361	4
1.70389	4
1.70417	4
1.70444	4
1.70472	4
1.705	4
1.70528	4
1.70556	4
1.70583	4
1.70611	4
1.70639	3
1.70667	4
1.70694	3
1.70722	3
1.7075	3
1.70778	3
1.70806	3
1.70833	3
1.70861	3
1.70889	3
1.70917	3
1.70944	3
1.70972	3
1.71	3
1.71028	3
1.71056	3
1.71083	3
1.71111	3
1.71139	3
1.71167	3
1.71194	3
1.71222	3
1.7125	3
1.71278	3
1.71306	3
1.71333	3
1.71361	3
1.71389	3
1.71417	3
1.71444	3
1.71472	3
1.715	3
1.71528	3
1.71556	3
1.71583	3
1.71611	3
1.71639	3
1.71667	3
1.71694	3
1.71722	3
1.7175	3
1.71778	3
1.71806	3
1.71833	3
1.71861	3
1.71889	3
1.71917	3
1.71944	3
1.71972	3
1.72	3
1.72028	3
1.72056	3
1.72083	3
1.72111	3
1.72139	3
1.72167	3
1.72194	3
1.72222	3
1.7225	3
1.72278	3
1.72306	3
1.72333	3
1.72361	3
1.72389	3
1.72417	3
1.72444	3
1.72472	3
1.725	3
1.72528	3
1.72556	3
1.72583	3
1.72611	3
1.72639	3
1.72667	3
1.72694	3
1.72722	3
1.7275	3
1.72778	3
1.72806	3
1.72833	3
1.72861	3
1.72889	3
1.72917	3
1.72944	3
1.72972	3
1.73	3
1.73028	3
1.73056	3
1.73083	3
1.73111	3
1.73139	3
1.73167	3
1.73194	3
1.73222	3
1.7325	3
1.73278	3
1.73306	3
1.73333	3
1.73361	3
1.73389	3
1.73417	3
1.73444	3
1.73472	3
1.735	3
1.73528	3
1.73556	3
1.73583	3
1.73611	3
1.73639	3
1.73667	3
1.73694	3
1.73722	3
1.7375	3
1.73778	3
1.73806	3
1.73833	3
1.73861	3
1.73889	3
1.73917	3
1.73944	3
1.73972	3
1.74	3
1.74028	3
1.74056	3
1.74083	3
1.74111	3
1.74139	3
1.74167	3
1.74194	3
1.74222	3
1.7425	3
1.74278	3
1.74306	3
1.74333	3
1.74361	3
1.74389	3
1.74417	3
1.74444	3
1.74472	3
1.745	3
1.74528	3
1.74556	3
1.74583	3
1.74611	3
1.74639	3
1.74667	3
1.74694	3
1.74722	3
1.7475	3
1.74778	3
1.74806	3
1.74833	3
1.74861	3
1.74889	3
1.74917	3
1.74944	3
1.74972	3
1.75	3
1.75028	3
1.75056	3
1.75083	3
1.75111	3
1.75139	3
1.75167	3
1.75194	3
1.75222	3
1.7525	3
1.75278	3
1.75306	3
1.75333	3
1.75361	3
1.75389	3
1.75417	3
1.75444	3
1.75472	3
1.755	3
1.75528	3
1.75556	3
1.75583	3
1.75611	3
1.75639	3
1.75667	3
1.75694	3
1.75722	3
1.7575	3
1.75778	3
1.75806	3
1.75833	3
1.75861	3
1.75889	3
1.75917	3
1.75944	3
1.75972	3
1.76	3
1.76028	3
1.76056	3
1.76083	3
1.76111	3
1.76139	3
1.76167	3
1.76194	3
1.76222	3
1.7625	3
1.76278	3
1.76306	3
1.76333	3
1.76361	3
1.76388	3
1.76416	3
1.76444	3
1.76471	3
1.76499	3
1.76526	3
1.76554	3
1.76581	3
1.76609	3
1.76637	3
1.76664	3
1.76692	3
1.76719	3
1.76747	3
1.76774	3
1.76802	3
1.7683	3
1.76857	3
1.76885	3
1.76912	3
1.7694	3
1.76967	3
1.76995	3
1.77023	3
1.7705	3
1.77078	3
1.77105	3
1.77133	3
1.7716	3
1.77188	3
1.77216	3
1.77243	3
1.77271	3
1.77298	3
1.77326	3
1.77353	3
1.77381	3
1.77409	3
1.77436	3
1.77464	3
1.77491	3
1.77519	3
1.77546	3
1.77574	3
1.77602	3
1.77629	3
1.77657	3
1.77684	3
1.77712	3
1.77739	3
1.77767	3
1.77794	3
1.77822	3
1.7785	3
1.77877	3
1.77905	3
1.77932	3
1.7796	3
1.77987	3
1.78015	3
1.78043	3
1.7807	3
1.78098	3
1.78125	3
1.78153	3
1.7818	3
1.78208	3
1.78236	3
1.78263	3
1.78291	3
1.78318	3
1.78346	3
1.78373	3
1.78401	3
1.78429	3
1.78456	3
1.78484	3
1.78511	3
1.78539	3
1.78566	3
1.78594	3
1.78622	3
1.78649	3
1.78677	3
1.78704	3
1.78732	3
1.78759	3
1.78787	3
1.78815	3
1.78842	3
1.7887	3
1.78897	3
1.78925	3
1.78952	3
1.7898	3
1.79008	3
1.79035	3
1.79063	3
1.7909	3
1.79118	3
1.79145	3
1.79173	3
1.79201	3
1.79228	3
1.79256	3
1.79283	3
1.79311	3
1.79338	3
1.79366	3
1.79393	3
1.79421	3
1.79449	3
1.79476	3
1.79504	3
1.79531	3
1.79559	3
1.79586	3
1.79614	3
1.79642	3
1.79669	3
1.79697	3
1.79724	3
1.79752	3
1.79779	3
1.79807	3
1.79835	3
1.79862	3
1.7989	3
1.79917	3
1.79945	3
1.79972	3
1.8	3
1.80028	3
1.80055	3
1.80083	3
1.80111	3
1.80139	3
1.80166	3
1.80194	3
1.80222	3
1.80249	3
1.80277	3
1.80305	3
1.80332	3
1.8036	3
1.80388	3
1.80416	3
1.80443	3
1.80471	3
1.80499	3
1.80526	3
1.80554	3
1.80582	3
1.80609	3
1.80637	3
1.80665	3
1.80693	3
1.8072	3
1.80748	3
1.80776	3
1.80803	3
1.80831	3
1.80859	3
1.80886	3
1.80914	3
1.80942	3
1.8097	3
1.80997	3
1.81025	3
1.81053	3
1.8108	3
1.81108	3
1.81136	3
1.81163	3
1.81191	3
1.81219	3
1.81247	3
1.81274	3
1.81302	3
1.8133	3
1.81357	3
1.81385	3
1.81413	3
1.8144	3
1.81468	3
1.81496	3
1.81524	3
1.81551	3
1.81579	3
1.81607	3
1.81634	3
1.81662	3
1.8169	3
1.81717	3
1.81745	3
1.81773	3
1.81801	3
1.81828	3
1.81856	3
1.81884	3
1.81911	3
1.81939	3
1.81967	3
1.81994	3
1.82022	3
1.8205	3
1.82078	3
1.82105	3
1.82133	3
1.82161	3
1.82188	3
1.82216	3
1.82244	3
1.82271	3
1.82299	3
1.82327	3
1.82355	3
1.82382	3
1.8241	3
1.82438	3
1.82465	3
1.82493	3
1.82521	3
1.82548	3
1.82576	3
1.82604	3
1.82632	3
1.82659	3
1.82687	3
1.82715	3
1.82742	3
1.8277	3
1.82798	3
1.82825	3
1.82853	3
1.82881	3
1.82909	3
1.82936	3
1.82964	3
1.82992	3
1.83019	3
1.83047	3
1.83075	3
1.83102	3
1.8313	3
1.83158	3
1.83186	3
1.83213	3
1.83241	3
1.83269	3
1.83296	3
1.83324	3
1.83352	3
1.8338	3
1.83407	3
1.83435	3
1.83463	3
1.8349	3
1.83518	3
1.83546	3
1.83573	3
1.83601	3
1.83629	3
1.83657	3
1.83684	3
1.83712	3
1.8374	3
1.83767	3
1.83795	3
1.83823	3
1.8385	3
1.83878	3
1.83906	3
1.83934	3
1.83961	3
1.83989	3
1.84017	3
1.84044	3
1.84072	3
1.841	3
1.84127	3
1.84155	3
1.84183	3
1.84211	3
1.84238	3
1.84266	3
1.84294	3
1.84321	3
1.84349	3
1.84377	3
1.84404	3
1.84432	3
1.8446	3
1.84488	3
1.84515	3
1.84543	3
1.84571	3
1.84598	3
1.84626	3
1.84654	3
1.84681	3
1.84709	3
1.84737	3
1.84765	3
1.84792	3
1.8482	3
1.84848	3
1.84875	3
1.84903	3
1.84931	3
1.84958	3
1.84986	3
1.85014	3
1.85042	3
1.85069	3
1.85097	3
1.85125	3
1.85152	3
1.8518	3
1.85208	3
1.85235	3
1.85263	3
1.85291	3
1.85319	3
1.85346	3
1.85374	3
1.85402	3
1.85429	3
1.85457	3
1.85485	3
1.85512	3
1.8554	3
1.85568	3
1.85596	3
1.85623	3
1.85651	3
1.85679	3
1.85706	3
1.85734	3
1.85762	3
1.85789	3
1.85817	3
1.85845	3
1.85873	3
1.859	3
1.85928	3
1.85956	3
1.85983	3
1.86011	3
1.86039	3
1.86066	3
1.86094	3
1.86122	3
1.8615	3
1.86177	3
1.86205	3
1.86233	3
1.8626	3
1.86288	3
1.86316	3
1.86343	3
1.86371	3
1.86399	3
1.86427	3
1.86454	3
1.86482	3
1.8651	3
1.86537	3
1.86565	3
1.86593	3
1.8662	3
1.86648	3
1.86676	3
1.86704	3
1.86731	3
1.86759	3
1.86787	3
1.86814	3
1.86842	3
1.8687	3
1.86898	3
1.86925	3
1.86953	3
1.86981	3
1.87008	3
1.87036	3
1.87064	3
1.87091	3
1.87119	3
1.87147	3
1.87175	3
1.87202	3
1.8723	3
1.87258	3
1.87285	3
1.87313	3
1.87341	3
1.87368	3
1.87396	3
1.87424	3
1.87452	3
1.87479	3
1.87507	3
1.87535	3
1.87562	3
1.8759	3
1.87618	3
1.87645	3
1.87673	3
1.87701	3
1.87729	3
1.87756	3
1.87784	3
1.87812	3
1.87839	3
1.87867	3
1.87895	3
1.87922	3
1.8795	3
1.87978	3
1.88006	3
1.88033	3
1.88061	3
1.88089	3
1.88116	3
1.88144	3
1.88172	3
1.88199	3
1.88227	3
1.88255	3
1.88283	3
1.8831	3
1.88338	3
1.88366	3
1.88393	3
1.88421	3
1.88449	3
1.88476	3
1.88504	3
1.88532	3
1.8856	3
1.88587	3
1.88615	3
1.88643	3
1.8867	3
1.88698	3
1.88726	3
1.88753	3
1.88781	3
1.88809	3
1.88837	3
1.88864	3
1.88892	3
1.8892	3
1.88947	3
1.88975	3
1.89003	3
1.8903	3
1.89058	3
1.89086	3
1.89114	3
1.89141	3
1.89169	3
1.89197	3
1.89224	3
1.89252	3
1.8928	3
1.89307	3
1.89335	3
1.89363	3
1.89391	3
1.89418	3
1.89446	3
1.89474	3
1.89501	3
1.89529	3
1.89557	3
1.89584	3
1.89612	3
1.8964	3
1.89668	3
1.89695	3
1.89723	3
1.89751	3
1.89778	3
1.89806	3
1.89834	3
1.89861	3
1.89889	3
1.89917	3
1.89945	3
1.89972	3
1.9	3
1.90028	3
1.90056	3
1.90083	3
1.90111	3
1.90139	3
1.90167	3
1.90194	3
1.90222	3
1.9025	3
1.90278	3
1.90306	3
1.90333	3
1.90361	3
1.90389	3
1.90417	3
1.90444	3
1.90472	3
1.905	3
1.90528	3
1.90556	3
1.90583	3
1.90611	3
1.90639	3
1.90667	3
1.90694	3
1.90722	3
1.9075	3
1.90778	3
1.90806	3
1.90833	3
1.90861	3
1.90889	3
1.90917	3
1.90944	3
1.90972	3
1.91	3
1.91028	3
1.91056	3
1.91083	3
1.91111	3
1.91139	3
1.91167	3
1.91194	3
1.91222	4
1.9125	3
1.91278	4
1.91306	3
1.91333	4
1.91361	3
1.91389	4
1.91417	4
1.91444	4
1.91472	4
1.915	4
1.91528	4
1.91556	4
1.91583	4
1.91611	4
1.91639	4
1.91667	4
1.91694	4
1.91722	4
1.9175	4
1.91778	4
1.91806	4
1.91833	4
1.91861	4
1.91889	4
1.91917	4
1.91944	4
1.91972	4
1.92	4
1.92028	3
1.92056	4
1.92083	3
1.92111	3
1.92139	3
1.92167	3
1.92194	3
1.92222	3
1.9225	3
1.92278	3
1.92306	3
1.92333	3
1.92361	3
1.92389	3
1.92417	3
1.92444	3
1.92472	3
1.925	3
1.92528	3
1.92556	3
1.92583	3
1.92611	3
1.92639	3
1.92667	3
1.92694	3
1.92722	3
1.9275	3
1.92778	3
1.92806	3
1.92833	3
1.92861	3
1.92889	3
1.92917	3
1.92944	3
1.92972	3
1.93	3
1.93028	3
1.93056	3
1.93083	3
1.93111	3
1.93139	3
1.93167	3
1.93194	3
1.93222	3
1.9325	3
1.93278	3
1.93306	3
1.93333	3
1.93361	3
1.93389	3
1.93417	3
1.93444	3
1.93472	3
1.935	3
1.93528	3
1.93556	3
1.93583	3
1.93611	3
1.93639	3
1.93667	3
1.93694	3
1.93722	3
1.9375	3
1.93778	3
1.93806	3
1.93833	3
1.93861	3
1.93889	3
1.93917	3
1.93944	3
1.93972	3
1.94	3
1.94028	3
1.94056	3
1.94083	3
1.94111	3
1.94139	3
1.94167	3
1.94194	3
1.94222	3
1.9425	3
1.94278	3
1.94306	3
1.94333	3
1.94361	3
1.94389	3
1.94417	3
1.94444	3
1.94472	3
1.945	3
1.94528	3
1.94556	3
1.94583	3
1.94611	3
1.94639	3
1.94667	3
1.94694	3
1.94722	3
1.9475	3
1.94778	3
1.94806	3
1.94833	3
1.94861	3
1.94889	3
1.94917	3
1.94944	3
1.94972	3
1.95	3
1.95028	3
1.95056	3
1.95083	3
1.95111	3
1.95139	3
1.95167	3
1.95194	3
1.95222	3
1.9525	3
1.95278	3
1.95306	3
1.95333	3
1.95361	3
1.95389	3
1.95417	3
1.95444	3
1.95472	3
1.955	3
1.95528	3
1.95556	3
1.95583	3
1.95611	3
1.95639	3
1.95667	3
1.95694	3
1.95722	3
1.9575	3
1.95778	3
1.95806	3
1.95833	3
1.95861	3
1.95889	3
1.95917	3
1.95944	3
1.95972	3
1.96	3
1.96028	3
1.96056	3
1.96083	3
1.96111	3
1.96139	3
1.96167	3
1.96194	3
1.96222	3
1.9625	3
1.96278	3
1.96306	3
1.96333	3
1.96361	3
1.96389	3
1.96417	3
1.96444	3
1.96472	3
1.965	3
1.96528	3
1.96556	3
1.96583	3
1.96611	3
1.96639	3
1.96667	3
1.96694	3
1.96722	3
1.9675	3
1.96778	3
1.96806	3
1.96833	3
1.96861	3
1.96889	3
1.96917	3
1.96944	3
1.96972	3
1.97	3
1.97028	3
1.97056	3
1.97083	3
1.97111	3
1.97139	3
1.97167	3
1.97194	3
1.97222	3
1.9725	3
1.97278	3
1.97306	3
1.97333	3
1.97361	3
1.97389	3
1.97417	3
1.97444	3
1.97472	3
1.975	3
1.97528	3
1.97556	3
1.97583	3
1.97611	3
1.97639	3
1.97667	3
1.97694	3
1.97722	3
1.9775	3
1.97778	3
1.97806	3
1.97833	3
1.97861	3
1.97889	3
1.97917	3
1.97944	3
1.97972	3
1.98	3
1.98028	3
1.98056	3
1.98083	3
1.98111	3
1.98139	3
1.98167	3
1.98194	3
1.98222	3
1.9825	3
1.98278	3
1.98306	3
1.98333	3
1.98361	3
1.98389	3
1.98417	3
1.98444	3
1.98472	3
1.985	3
1.98528	3
1.98556	3
1.98583	3
1.98611	3
1.98639	3
1.98667	3
1.98694	3
1.98722	3
1.9875	3
1.98778	3
1.98806	3
1.98833	3
1.98861	3
1.98889	3
1.98917	3
1.98944	3
1.98972	3
1.99	3
1.99028	3
1.99056	3
1.99083	3
1.99111	3
1.99139	3
1.99167	3
1.99194	3
1.99222	3
1.9925	3
1.99278	3
1.99306	3
1.99333	3
1.99361	3
1.99389	3
1.99417	3
1.99444	3
1.99472	3
1.995	3
1.99528	3
1.99556	3
1.99583	3
1.99611	3
1.99639	3
1.99667	3
1.99694	3
1.99722	3
1.9975	3
1.99778	3
1.99806	3
1.99833	3
1.99861	3
1.99889	3
1.99917	3
1.99944	3
1.99972	3
2	3
