0.000210526	3
0.000415433	3
0.000620762	3
0.000827802	3
0.00103836	3
0.0012521	3
0.00146865	3
0.0016881	3
0.00191002	3
0.00213448	3
0.00236102	3
0.00258969	3
0.00281997	3
0.00305135	3
0.0032844	3
0.00351858	3
0.00375333	3
0.00398923	3
0.00422571	3
0.00446277	3
0.00470043	3
0.00493867	3
0.00517752	3
0.00541637	3
0.00565522	3
0.00589467	3
0.00613412	3
0.00637358	3
0.00661303	3
0.00685249	3
0.00709194	3
0.00733139	3
0.00757085	3
0.00780968	3
0.00804852	3
0.00828735	3
0.00852619	3
0.00876502	3
0.00900386	3
0.00924269	3
0.00948153	3
0.00972036	3
0.0099592	3
0.010198	3
0.0104369	3
0.0106757	3
0.0109145	3
0.0111534	3
0.0113922	3
0.011631	3
0.0118699	3
0.0121094	3
0.0123488	3
0.0125883	3
0.0128278	3
0.0130673	3
0.0133068	3
0.0135463	3
0.0137857	3
0.0140252	3
0.0142647	2
0.0145042	2
0.0147444	2
0.0149845	2
0.0152247	2
0.0154648	2
0.015705	2
0.0159451	2
0.0161853	2
0.0164255	2
0.0166663	2
0.0169072	2
0.017148	2
0.0173889	2
0.0176297	2
0.0178705	2
0.0181114	2
0.018353	2
0.0185945	2
0.0188361	2
0.0190776	2
0.0193192	2
0.0195608	2
0.019803	2
0.0200453	2
0.0202876	2
0.0205299	2
0.0207722	2
0.0210145	2
0.0212575	2
0.0215005	2
0.0217436	2
0.0219866	2
0.0222296	2
0.0224727	2
0.0227165	2
0.0229603	2
0.0232041	2
0.0234479	2
0.0236917	2
0.0239362	2
0.0241808	2
0.0244254	2
0.02467	2
0.0249153	2
0.0251607	2
0.0254061	2
0.0256515	2
0.0258977	2
0.0261438	2
0.02639	2
0.026637	2
0.0268841	2
0.0271311	2
0.0273789	2
0.0276268	2
0.0278746	2
0.0281233	2
0.028372	2
0.0286216	2
0.0288712	3
0.0291216	3
0.0293721	3
0.0296234	3
0.0298748	3
0.0301261	3
0.0303784	3
0.0306316	3
0.0308847	3
0.0311388	3
0.0313929	3
0.031648	3
0.031903	3
0.032159	3
0.032416	3
0.032673	3
0.0329309	3
0.0331889	3
0.0334478	3
0.0337078	3
0.0339678	3
0.0342288	3
0.0344908	3
0.0347528	3
0.0350159	3
0.0352801	3
0.0355443	3
0.0358095	3
0.0360748	3
0.0363411	3
0.0366086	3
0.0368761	3
0.0371447	3
0.0374144	3
0.0376842	3
0.0379552	3
0.0382261	3
0.0384982	3
0.0387716	3
0.0390449	3
0.0393195	3
0.039594	3
0.0398699	3
0.040147	3
0.0404241	3
0.0407025	3
0.0409809	3
0.0412606	3
0.0415403	3
0.0418213	3
0.0421024	3
0.0423848	3
0.0426672	3
0.0429497	3
0.0432335	3
0.0435173	3
0.0438026	3
0.0440879	3
0.0443746	3
0.0446613	3
0.0449481	3
0.0452363	3
0.0455245	3
0.0458127	3
0.0461025	3
0.0463923	3
0.0466821	3
0.0469718	3
0.0472632	3
0.0475546	3
0.0478459	3
0.0481373	3
0.0484303	3
0.0487233	3
0.0490163	3
0.0493093	3
0.0496023	3
0.0498971	3
0.0501918	3
0.0504865	3
0.0507812	3
0.051076	3
0.0513707	3
0.0516672	3
0.0519637	3
0.0522602	3
0.0525568	3
0.0528533	3
0.0531498	3
0.0534463	3
0.0537428	3
0.0540394	3
0.0543359	3
0.0546343	3
0.0549328	3
0.0552313	3
0.0555297	3
0.0558282	3
0.0561266	3
0.0564251	3
0.0567235	3
0.057022	3
0.0573205	3
0.0576189	3
0.0579174	3
0.0582158	3
0.0585143	3
0.0588128	3
0.0591112	3
0.0594097	3
0.0597081	3
0.0600066	3
0.060305	3
0.0606035	3
0.060902	3
0.0612004	3
0.0614989	3
0.0617973	3
0.0620958	3
0.0623943	3
0.0626927	3
0.0629912	3
0.0632896	3
0.0635881	3
0.0638865	3
0.064185	3
0.0644835	3
0.0647819	3
0.0650804	3
0.0653788	3
0.0656773	3
0.0659758	3
0.0662742	3
0.0665727	3
0.0668711	3
0.0671696	3
0.067468	3
0.0677665	3
0.068065	3
0.0683634	3
0.0686619	3
0.0689603	3
0.0692588	3
0.0695573	3
0.0698557	3
0.0701542	3
0.0704526	3
0.0707511	3
0.0710495	3
0.071348	3
0.0716465	3
0.0719449	3
0.0722434	3
0.0725418	3
0.0728403	3
0.0731388	3
0.0734372	3
0.0737357	3
0.0740341	3
0.0743326	3
0.074631	3
0.0749295	3
0.075228	3
0.0755264	3
0.0758249	3
0.0761233	3
0.0764218	3
0.0767203	3
0.0770187	3
0.0773172	3
0.0776156	3
0.0779141	3
0.0782125	3
0.078511	3
0.0788095	3
0.0791079	3
0.0794064	3
0.0797048	3
0.0800033	3
0.0803018	3
0.0806002	3
0.0808987	3
0.0811971	3
0.0814956	3
0.081794	3
0.0820925	3
0.082391	3
0.0826894	3
0.0829879	3
0.0832863	3
0.0835848	3
0.0838833	3
0.0841817	3
0.0844802	3
0.0847786	3
0.0850771	3
0.0853755	3
0.085674	3
0.0859725	3
0.0862709	3
0.0865694	3
0.0868678	3
0.0871663	3
0.0874648	3
0.0877632	3
0.0880617	3
0.0883601	3
0.0886586	3
0.088957	3
0.0892555	3
0.089554	3
0.0898524	3
0.0901509	3
0.0904493	3
0.0907478	3
0.0910463	3
0.0913447	2
0.0916432	2
0.0919416	2
0.0922401	2
0.0925385	2
0.092837	2
0.0931355	2
0.0934339	2
0.0937324	2
0.0940308	2
0.0943293	2
0.0946278	2
0.0949262	2
0.0952247	2
0.0955231	2
0.0958216	2
0.09612	2
0.0964185	2
0.096717	2
0.0970154	2
0.0973139	2
0.0976123	2
0.0979108	2
0.0982093	2
0.0985077	2
0.0988062	2
0.0991046	2
0.0994031	2
0.0997015	2
0.1	2
0.100299	2
0.100597	2
0.100896	2
0.101194	2
0.101493	2
0.101791	2
0.10209	2
0.102388	2
0.102687	2
0.102985	2
0.103284	2
0.103582	2
0.103881	2
0.104179	2
0.104478	2
0.104776	2
0.105075	2
0.105373	2
0.105672	2
0.10597	2
0.106269	2
0.106567	2
0.106866	2
0.107164	2
0.107463	2
0.107761	2
0.10806	2
0.108358	2
0.108657	2
0.108955	2
0.109254	2
0.109552	2
0.109851	2
0.110149	2
0.110448	2
0.110746	2
0.111045	2
0.111343	2
0.111641	2
0.111938	2
0.112236	2
0.112533	2
0.112831	2
0.113128	2
0.113426	2
0.113723	2
0.114021	2
0.114318	2
0.114616	2
0.114913	2
0.115211	2
0.115507	2
0.115804	2
0.1161	2
0.116397	2
0.116693	2
0.11699	2
0.117286	2
0.117583	2
0.117879	2
0.118176	2
0.118472	2
0.118768	2
0.119064	2
0.119359	2
0.119655	2
0.11995	2
0.120245	2
0.120541	2
0.120836	2
0.121132	2
0.121427	2
0.121722	2
0.122018	2
0.122313	2
0.122608	2
0.122904	2
0.123198	2
0.123492	2
0.123787	2
0.124081	2
0.124375	2
0.124669	2
0.124964	2
0.125258	2
0.125552	2
0.125846	2
0.126141	2
0.126435	2
0.126729	2
0.127024	2
0.127318	2
0.127612	2
0.127905	2
0.128198	2
0.128491	2
0.128784	2
0.129077	2
0.12937	2
0.129664	2
0.129957	2
0.13025	2
0.130543	2
0.130836	2
0.131129	2
0.131422	2
0.131715	2
0.132008	2
0.132301	2
0.132594	2
0.132887	2
0.13318	2
0.133472	2
0.133764	2
0.134056	2
0.134347	2
0.134639	2
0.134931	2
0.135223	2
0.135515	2
0.135806	2
0.136098	2
0.13639	2
0.136682	2
0.136974	2
0.137265	2
0.137557	2
0.137849	2
0.138141	2
0.138433	2
0.138724	2
0.139016	2
0.139308	2
0.1396	2
0.139891	2
0.140182	2
0.140472	2
0.140763	2
0.141053	2
0.141343	2
0.141634	2
0.141924	2
0.142215	2
0.142505	2
0.142795	2
0.143086	2
0.143376	2
0.143666	2
0.143957	2
0.144247	2
0.144538	2
0.144828	2
0.145118	2
0.145409	2
0.145699	2
0.145989	2
0.14628	2
0.14657	2
0.146861	2
0.147151	2
0.147441	2
0.147732	2
0.148022	2
0.148312	2
0.148603	2
0.148892	2
0.14918	2
0.149469	2
0.149758	2
0.150047	2
0.150335	2
0.150624	2
0.150913	2
0.151202	2
0.15149	2
0.151779	2
0.152068	2
0.152357	2
0.152645	2
0.152934	2
0.153223	2
0.153512	2
0.1538	2
0.154089	2
0.154378	2
0.154667	2
0.154955	2
0.155244	2
0.155533	2
0.155822	2
0.15611	2
0.156399	2
0.156688	2
0.156977	2
0.157265	2
0.157554	2
0.157843	2
0.158132	2
0.15842	2
0.158709	2
0.158998	2
0.159285	2
0.159571	2
0.159858	2
0.160145	2
0.160431	2
0.160718	2
0.161005	2
0.161292	2
0.161578	2
0.161865	2
0.162152	2
0.162439	2
0.162725	2
0.163012	2
0.163299	2
0.163585	2
0.163872	2
0.164159	2
0.164446	2
0.164732	2
0.165019	2
0.165306	2
0.165593	2
0.165879	2
0.166166	2
0.166453	2
0.166739	2
0.167026	2
0.167313	2
0.1676	2
0.167886	2
0.168173	2
0.16846	2
0.168747	2
0.169033	2
0.16932	2
0.169607	2
0.169893	2
0.17018	2
0.170467	2
0.170754	2
0.17104	2
0.171327	2
0.171614	2
0.171901	2
0.172187	2
0.172474	2
0.172761	2
0.173047	2
0.173334	2
0.173621	2
0.173905	2
0.174188	2
0.174472	2
0.174756	2
0.175039	2
0.175323	2
0.175606	2
0.17589	2
0.176174	2
0.176457	2
0.176741	2
0.177025	2
0.177308	2
0.177592	2
0.177876	2
0.178159	2
0.178443	2
0.178727	2
0.17901	2
0.179294	2
0.179578	2
0.179861	2
0.180145	2
0.180428	2
0.180712	2
0.180996	2
0.181279	2
0.181563	2
0.181847	2
0.18213	2
0.182414	2
0.182698	2
0.182981	2
0.183265	2
0.183549	2
0.183832	2
0.184116	2
0.184399	2
0.184683	2
0.184967	2
0.18525	2
0.185534	2
0.185818	2
0.186101	2
0.186385	2
0.186669	2
0.186952	2
0.187236	2
0.18752	2
0.187803	2
0.188087	2
0.188371	2
0.188654	2
0.188938	2
0.189221	2
0.189505	2
0.189789	2
0.190072	2
0.190356	2
0.19064	2
0.190923	2
0.191207	2
0.191491	2
0.191774	2
0.192058	2
0.192342	2
0.192625	2
0.192909	2
0.193193	2
0.193476	2
0.19376	2
0.194043	2
0.194327	2
0.194611	2
0.194894	2
0.195178	2
0.195462	2
0.195745	2
0.196029	2
0.196313	2
0.196596	2
0.19688	2
0.197164	2
0.197447	2
0.197731	2
0.198014	2
0.198298	2
0.198582	2
0.198865	2
0.199149	2
0.199433	2
0.199716	2
0.2	2
0.200283	2
0.200567	2
0.20085	2
0.201133	2
0.201416	2
0.2017	2
0.201983	2
0.202266	2
0.20255	2
0.202833	2
0.203116	2
0.203399	2
0.203683	2
0.203966	2
0.204249	2
0.204533	2
0.204816	2
0.205099	2
0.205382	2
0.205666	2
0.205949	2
0.206231	2
0.206514	2
0.206796	2
0.207079	2
0.207361	2
0.207644	2
0.207926	2
0.208208	2
0.208491	2
0.208773	2
0.209056	2
0.209338	2
0.209621	2
0.209903	2
0.210186	2
0.210468	2
0.21075	2
0.211033	2
0.211315	2
0.211598	2
0.21188	2
0.212163	2
0.212445	2
0.212727	2
0.21301	2
0.213292	2
0.213575	2
0.213857	2
0.21414	2
0.214422	2
0.214705	2
0.214987	2
0.215269	2
0.215552	2
0.215834	2
0.216117	2
0.216399	2
0.216681	2
0.216962	2
0.217244	2
0.217525	2
0.217807	2
0.218088	2
0.21837	2
0.218651	2
0.218932	2
0.219214	2
0.219495	2
0.219777	2
0.220058	2
0.22034	2
0.220621	2
0.220903	2
0.221184	2
0.221466	2
0.221747	2
0.222029	2
0.22231	2
0.222592	2
0.222873	2
0.223155	2
0.223436	2
0.223718	2
0.223999	2
0.224281	2
0.224562	2
0.224844	2
0.225125	2
0.225407	2
0.225688	2
0.22597	2
0.226251	2
0.226533	2
0.226814	2
0.227096	2
0.227377	2
0.227658	2
0.22794	2
0.228221	2
0.228503	2
0.228784	2
0.229066	2
0.229347	2
0.229629	2
0.22991	2
0.230191	2
0.230471	2
0.230751	2
0.231032	2
0.231312	2
0.231593	2
0.231873	2
0.232153	2
0.232434	2
0.232714	2
0.232994	2
0.233275	2
0.233555	2
0.233835	2
0.234116	2
0.234396	2
0.234676	2
0.234957	2
0.235237	2
0.235518	2
0.235798	2
0.236078	2
0.236359	2
0.236639	2
0.236919	2
0.2372	2
0.23748	2
0.23776	2
0.238041	2
0.238321	2
0.238601	2
0.238882	2
0.239162	2
0.239443	2
0.239723	2
0.240003	2
0.240284	2
0.240564	2
0.240844	2
0.241125	2
0.241405	2
0.241685	2
0.241966	2
0.242246	2
0.242527	2
0.242807	2
0.243087	2
0.243368	2
0.243648	2
0.243928	2
0.244209	2
0.244489	2
0.244769	2
0.24505	2
0.24533	2
0.24561	2
0.245891	2
0.246171	2
0.246452	2
0.246732	2
0.247012	2
0.247293	2
0.247573	2
0.247853	2
0.248134	2
0.248414	2
0.248694	2
0.248975	2
0.249255	2
0.249534	2
0.249813	2
0.250092	2
0.25037	2
0.250649	2
0.250928	2
0.251207	2
0.251486	2
0.251764	2
0.252043	2
0.252322	2
0.252601	2
0.25288	2
0.253159	2
0.253437	2
0.253716	2
0.253995	2
0.254274	2
0.254553	2
0.254831	2
0.25511	2
0.255389	2
0.255668	2
0.255947	2
0.256226	2
0.256504	2
0.256783	2
0.257062	2
0.257341	2
0.25762	2
0.257898	2
0.258177	2
0.258456	2
0.258735	2
0.259014	2
0.259293	2
0.259571	2
0.25985	2
0.260129	2
0.260408	2
0.260687	2
0.260965	2
0.261244	2
0.261523	2
0.261802	2
0.262081	2
0.26236	2
0.262638	2
0.262917	2
0.263196	2
0.263475	2
0.263754	2
0.264032	2
0.264311	2
0.26459	2
0.264869	2
0.265148	2
0.265427	2
0.265705	2
0.265984	2
0.266263	2
0.266542	2
0.266821	2
0.267099	2
0.267378	2
0.267657	2
0.267936	2
0.268215	2
0.268494	2
0.268772	2
0.269051	2
0.26933	2
0.269609	2
0.269888	2
0.270166	2
0.270445	2
0.270724	2
0.271003	2
0.271282	2
0.271561	2
0.271839	2
0.272118	2
0.272397	2
0.272676	2
0.272955	2
0.273233	2
0.273512	2
0.273791	2
0.27407	2
0.274349	2
0.274628	2
0.274906	2
0.275185	2
0.275464	2
0.275743	2
0.276022	2
0.2763	2
0.276579	2
0.276858	2
0.277137	2
0.277416	2
0.277695	2
0.277973	2
0.278252	2
0.278531	2
0.27881	2
0.279089	2
0.279367	2
0.279646	2
0.279925	2
0.280204	2
0.280483	2
0.280762	2
0.28104	2
0.281319	2
0.281598	2
0.281877	2
0.282156	2
0.282434	2
0.282713	2
0.282992	2
0.283271	2
0.28355	2
0.283829	2
0.284107	2
0.284386	2
0.284665	2
0.284944	2
0.285223	2
0.285501	2
0.28578	2
0.286059	2
0.286338	2
0.286617	2
0.286896	2
0.287174	2
0.287453	2
0.287726	2
0.287999	2
0.288271	2
0.288544	2
0.288817	2
0.28909	2
0.289362	2
0.289635	2
0.289908	2
0.290181	2
0.290454	2
0.290726	2
0.290999	2
0.291272	2
0.291545	2
0.291817	2
0.29209	2
0.292363	2
0.292636	2
0.292908	2
0.293181	2
0.293454	2
0.293727	2
0.293999	2
0.294272	2
0.294545	2
0.294818	2
0.29509	2
0.295363	2
0.295636	2
0.295909	2
0.296181	2
0.296454	2
0.296727	2
0.297	2
0.297272	2
0.297545	2
0.297818	2
0.298091	2
0.298363	2
0.298636	2
0.298909	2
0.299182	2
0.299454	2
0.299727	2
0.3	2
0.300278	2
0.300556	2
0.300833	2
0.301111	2
0.301389	2
0.301667	2
0.301944	2
0.302222	2
0.3025	2
0.302778	2
0.303056	2
0.303333	2
0.303611	2
0.303889	2
0.304167	2
0.304444	2
0.304722	2
0.305	2
0.305278	2
0.305556	2
0.305833	2
0.306111	2
0.306389	2
0.306667	2
0.306944	2
0.307222	2
0.3075	2
0.307778	2
0.308056	2
0.308333	2
0.308611	2
0.308889	2
0.309167	2
0.309444	2
0.309722	2
0.31	2
0.310278	2
0.310556	2
0.310833	2
0.311111	2
0.311389	2
0.311667	2
0.311944	2
0.312222	2
0.3125	2
0.312778	2
0.313056	2
0.313333	2
0.313611	2
0.313889	2
0.314167	2
0.314444	2
0.314722	2
0.315	2
0.315278	2
0.315556	2
0.315833	2
0.316111	2
0.316389	2
0.316667	2
0.316944	2
0.317222	2
0.3175	2
0.317778	2
0.318056	2
0.318333	2
0.318611	2
0.318889	2
0.319167	2
0.319444	2
0.319722	2
0.32	2
0.320278	2
0.320556	2
0.320833	2
0.321111	2
0.321389	2
0.321667	2
0.321944	2
0.322222	2
0.3225	2
0.322778	2
0.323056	2
0.323333	2
0.323611	2
0.323889	2
0.324167	2
0.324444	2
0.324722	2
0.325	2
0.325278	2
0.325556	2
0.325832	2
0.326109	2
0.326386	2
0.326663	2
0.326939	2
0.327216	2
0.327493	2
0.32777	2
0.328046	2
0.328323	2
0.3286	2
0.328876	2
0.329153	2
0.32943	2
0.329707	2
0.329983	2
0.33026	2
0.330537	2
0.330814	2
0.33109	2
0.331367	2
0.331644	2
0.331921	2
0.332197	2
0.332474	2
0.332751	2
0.333028	2
0.333304	2
0.333581	2
0.333858	2
0.334135	2
0.334411	2
0.334688	2
0.334965	2
0.335242	2
0.335518	2
0.335795	2
0.336072	2
0.336349	2
0.336625	2
0.336902	2
0.337179	2
0.337456	2
0.337732	2
0.338009	2
0.338286	2
0.338563	2
0.338839	2
0.339116	2
0.339393	2
0.33967	2
0.339946	2
0.340223	2
0.3405	2
0.340777	2
0.341053	2
0.34133	2
0.341607	2
0.341884	2
0.34216	2
0.342437	2
0.342714	2
0.34299	2
0.343267	2
0.343544	2
0.343821	2
0.344097	2
0.344374	2
0.344651	2
0.344928	2
0.345204	2
0.345481	2
0.345758	2
0.346035	2
0.346311	2
0.346588	2
0.346865	2
0.347142	2
0.347418	2
0.347695	2
0.347972	2
0.348249	2
0.348525	2
0.348802	2
0.349079	2
0.349356	2
0.349632	2
0.349909	2
0.350186	2
0.350463	2
0.350739	2
0.351016	2
0.351293	2
0.35157	2
0.351846	2
0.352123	2
0.3524	2
0.352677	2
0.352953	2
0.35323	2
0.353507	2
0.353784	2
0.35406	2
0.354337	2
0.354614	2
0.354891	2
0.355167	2
0.355444	2
0.355721	2
0.355998	2
0.356274	2
0.356551	2
0.356828	2
0.357105	2
0.357381	2
0.357658	2
0.357935	2
0.358211	2
0.358488	2
0.358765	2
0.359042	2
0.359318	2
0.359595	2
0.359872	2
0.360149	2
0.360425	2
0.360702	2
0.360979	2
0.361256	2
0.361532	2
0.361809	2
0.362086	2
0.362363	2
0.362639	2
0.362916	2
0.363193	2
0.36347	2
0.363746	2
0.364023	2
0.3643	2
0.364577	2
0.364853	2
0.36513	2
0.365407	2
0.365684	2
0.36596	2
0.366237	2
0.366514	2
0.366791	2
0.367067	2
0.367344	2
0.367621	2
0.367898	2
0.368174	2
0.368451	2
0.368728	2
0.369005	2
0.369281	2
0.369558	2
0.369835	2
0.370112	2
0.370388	2
0.370665	2
0.370942	2
0.371219	2
0.371495	2
0.371769	2
0.372043	2
0.372318	2
0.372592	2
0.372866	2
0.37314	2
0.373414	2
0.373688	2
0.373962	2
0.374236	2
0.37451	2
0.374784	2
0.375058	2
0.375332	2
0.375607	2
0.375881	2
0.376155	2
0.376429	2
0.376703	2
0.376977	2
0.377251	2
0.377525	2
0.377799	2
0.378073	2
0.378347	2
0.378621	2
0.378896	2
0.37917	2
0.379444	2
0.379718	2
0.379992	2
0.380266	2
0.38054	2
0.380814	2
0.381088	2
0.381362	2
0.381636	2
0.38191	2
0.382185	2
0.382459	2
0.382733	2
0.383007	2
0.383281	2
0.383555	2
0.383829	2
0.384103	2
0.384377	2
0.384651	2
0.384925	2
0.385199	2
0.385474	2
0.385748	2
0.386022	2
0.386296	2
0.38657	2
0.386844	2
0.387118	2
0.387392	2
0.387666	2
0.38794	2
0.388214	2
0.388488	2
0.388763	2
0.389037	2
0.389311	2
0.389585	2
0.389859	2
0.390133	2
0.390407	2
0.390681	2
0.390955	2
0.391229	2
0.391503	2
0.391777	2
0.392052	2
0.392326	2
0.3926	2
0.392874	2
0.393148	2
0.393422	2
0.393696	2
0.39397	2
0.394244	2
0.394518	2
0.394792	2
0.395066	2
0.395341	2
0.395615	2
0.395889	2
0.396163	2
0.396437	2
0.396711	2
0.396985	2
0.397259	2
0.397533	2
0.397807	2
0.398081	2
0.398355	2
0.39863	2
0.398904	2
0.399178	2
0.399452	2
0.399726	2
0.4	2
0.400275	2
0.400551	2
0.400826	2
0.401102	2
0.401377	2
0.401653	2
0.401928	2
0.402204	2
0.402479	2
0.402755	2
0.40303	2
0.403306	2
0.403581	2
0.403857	2
0.404132	2
0.404408	2
0.404683	2
0.404959	2
0.405234	2
0.40551	2
0.405785	2
0.406061	2
0.406336	2
0.406612	2
0.406887	2
0.407163	2
0.407438	2
0.407713	2
0.407987	2
0.408262	2
0.408537	2
0.408811	2
0.409086	2
0.409361	2
0.409635	2
0.40991	2
0.410185	2
0.410459	2
0.410734	2
0.411009	2
0.411283	2
0.411558	2
0.411833	2
0.412107	2
0.412382	2
0.412657	2
0.412931	2
0.413206	2
0.413481	2
0.413755	2
0.41403	2
0.414305	2
0.414579	2
0.414854	2
0.415129	2
0.415403	2
0.415678	2
0.415953	2
0.416227	2
0.416502	2
0.416777	2
0.417051	2
0.417326	2
0.417601	2
0.417875	2
0.41815	2
0.418425	2
0.418699	2
0.418974	2
0.419249	2
0.419523	2
0.419798	2
0.420073	2
0.420347	2
0.420622	2
0.420897	2
0.421171	2
0.421446	2
0.421721	2
0.421995	2
0.42227	2
0.422545	2
0.422819	2
0.423094	2
0.423369	2
0.423643	2
0.423918	2
0.424193	2
0.424467	2
0.424742	2
0.425017	2
0.425291	2
0.425566	2
0.42584	2
0.426113	2
0.426387	2
0.426661	2
0.426934	2
0.427208	2
0.427481	2
0.427755	2
0.428029	2
0.428302	2
0.428576	2
0.42885	2
0.429123	2
0.429397	2
0.429671	2
0.429944	2
0.430218	2
0.430492	2
0.430765	2
0.431039	2
0.431313	2
0.431586	2
0.43186	2
0.432134	2
0.432407	2
0.432681	2
0.432955	2
0.433228	2
0.433502	2
0.433776	2
0.434049	2
0.434323	2
0.434596	2
0.43487	2
0.435144	2
0.435417	2
0.435691	2
0.435965	2
0.436238	2
0.436512	2
0.436786	2
0.437059	2
0.437333	2
0.437607	2
0.43788	2
0.438154	2
0.438428	2
0.438701	2
0.438975	2
0.439249	2
0.439522	2
0.439796	2
0.44007	2
0.440343	2
0.440617	2
0.440891	2
0.441164	2
0.441438	2
0.441712	2
0.441985	2
0.442259	2
0.442532	2
0.442806	2
0.44308	2
0.443353	2
0.443627	2
0.443901	2
0.444174	2
0.444448	2
0.444722	2
0.444995	2
0.445269	2
0.445543	2
0.445816	2
0.44609	2
0.446364	2
0.446637	2
0.446911	2
0.447185	2
0.447458	2
0.447732	2
0.448006	2
0.448279	2
0.448553	2
0.448827	2
0.4491	2
0.449374	2
0.449648	2
0.449921	2
0.450195	2
0.450468	2
0.450742	2
0.451016	2
0.451289	2
0.451563	2
0.451837	2
0.45211	2
0.452384	2
0.452658	2
0.452931	2
0.453205	2
0.453479	2
0.453752	2
0.454026	2
0.4543	2
0.454573	2
0.454847	2
0.455121	2
0.455394	2
0.455668	2
0.455942	2
0.456215	2
0.456489	2
0.456763	2
0.457036	2
0.45731	2
0.457583	2
0.457857	2
0.458131	2
0.458404	2
0.458678	2
0.458952	2
0.459225	2
0.459499	2
0.459773	2
0.460046	2
0.46032	2
0.460594	2
0.460867	2
0.461141	2
0.461415	2
0.461688	2
0.461962	2
0.462236	2
0.462509	2
0.462783	2
0.463057	2
0.46333	2
0.463604	2
0.463878	2
0.464151	2
0.464425	2
0.464699	2
0.464972	2
0.465246	2
0.465519	2
0.465793	2
0.466067	2
0.46634	2
0.466614	2
0.466888	2
0.467161	2
0.467435	2
0.467709	2
0.467982	2
0.468256	2
0.46853	2
0.468803	2
0.469077	2
0.469351	2
0.469624	2
0.469898	2
0.470172	2
0.470445	2
0.470719	2
0.470993	2
0.471266	2
0.47154	2
0.471814	2
0.472087	2
0.472361	2
0.472635	2
0.472908	2
0.473182	2
0.473455	2
0.473729	2
0.474003	2
0.474276	2
0.47455	2
0.474824	2
0.475097	2
0.475371	2
0.475645	2
0.475918	2
0.476192	2
0.476466	2
0.476739	2
0.477013	2
0.477287	2
0.47756	2
0.477834	2
0.478108	2
0.478381	2
0.478655	2
0.478929	2
0.479202	2
0.479476	2
0.47975	2
0.480023	2
0.480297	2
0.480571	2
0.480844	2
0.481118	2
0.481391	2
0.481665	2
0.481939	2
0.482212	2
0.482486	2
0.48276	2
0.483033	2
0.483307	2
0.483581	2
0.483854	2
0.484128	2
0.484402	2
0.484675	2
0.484949	2
0.485223	2
0.485496	2
0.48577	2
0.486044	2
0.486317	2
0.486591	2
0.486865	2
0.487138	2
0.487412	2
0.487686	2
0.487959	2
0.488233	2
0.488506	2
0.48878	2
0.489054	2
0.489327	2
0.489601	2
0.489875	2
0.490148	2
0.490422	2
0.490696	2
0.490969	2
0.491243	2
0.491517	2
0.49179	2
0.492064	2
0.492338	2
0.492611	2
0.492885	2
0.493159	2
0.493432	2
0.493706	2
0.49398	2
0.494253	2
0.494527	2
0.494801	2
0.495074	2
0.495348	2
0.495622	2
0.495895	2
0.496169	2
0.496442	2
0.496716	2
0.49699	2
0.497263	2
0.497537	2
0.497811	2
0.498084	2
0.498358	2
0.498632	2
0.498905	2
0.499179	2
0.499453	2
0.499726	2
0.5	2
0.500278	2
0.500556	2
0.500833	2
0.501111	2
0.501389	2
0.501667	2
0.501946	2
0.502225	2
0.502503	2
0.502782	2
0.50306	2
0.503339	2
0.503617	2
0.503896	2
0.504175	2
0.504453	2
0.504732	2
0.50501	2
0.505289	2
0.505567	2
0.505846	2
0.506124	2
0.506403	2
0.506682	2
0.50696	2
0.507239	2
0.507517	2
0.507796	2
0.508075	2
0.508355	2
0.508634	2
0.508913	2
0.509193	2
0.509472	2
0.509752	2
0.510031	2
0.51031	2
0.51059	2
0.510869	2
0.511149	2
0.511428	2
0.511708	2
0.511987	2
0.512266	2
0.512546	2
0.512825	2
0.513105	2
0.513384	2
0.513663	2
0.513943	2
0.514222	2
0.514502	2
0.514781	2
0.515061	2
0.515342	2
0.515622	2
0.515902	2
0.516183	2
0.516463	2
0.516743	2
0.517024	2
0.517304	2
0.517584	2
0.517865	2
0.518145	2
0.518425	2
0.518706	2
0.518986	2
0.519266	2
0.519547	2
0.519827	2
0.520107	2
0.520388	2
0.520668	2
0.520948	2
0.521228	2
0.521509	2
0.521789	2
0.522069	2
0.52235	2
0.52263	2
0.52291	2
0.523191	2
0.523471	2
0.523752	2
0.524034	2
0.524315	2
0.524597	2
0.524878	2
0.525159	2
0.525441	2
0.525722	2
0.526003	2
0.526285	2
0.526566	2
0.526847	2
0.527129	2
0.52741	2
0.527691	2
0.527973	2
0.528254	2
0.528535	2
0.528817	2
0.529098	2
0.52938	2
0.529661	2
0.529942	2
0.530224	2
0.530505	2
0.530786	2
0.531068	2
0.531349	2
0.53163	2
0.531912	2
0.532193	2
0.532474	2
0.532756	2
0.533037	2
0.533319	2
0.5336	2
0.533881	2
0.534163	2
0.534444	2
0.534725	2
0.535007	2
0.535288	2
0.535569	2
0.535851	2
0.536132	2
0.536415	2
0.536697	2
0.53698	2
0.537263	2
0.537545	2
0.537828	2
0.53811	2
0.538393	2
0.538676	2
0.538958	2
0.539241	2
0.539523	2
0.539806	2
0.540089	2
0.540371	2
0.540654	2
0.540936	2
0.541219	2
0.541502	2
0.541784	2
0.542067	2
0.542349	2
0.542632	2
0.542915	2
0.543197	2
0.54348	2
0.543762	2
0.544045	2
0.544328	2
0.54461	2
0.544893	2
0.545175	2
0.545458	2
0.545741	2
0.546023	2
0.546306	2
0.546588	2
0.546871	2
0.547154	2
0.547436	2
0.547719	2
0.548001	2
0.548284	2
0.548567	2
0.548849	2
0.549132	2
0.549414	2
0.549697	2
0.54998	2
0.550262	2
0.550545	2
0.550827	2
0.55111	2
0.551393	2
0.551675	2
0.551958	2
0.55224	2
0.552523	2
0.552806	2
0.553088	2
0.553371	2
0.553653	2
0.553936	2
0.554219	2
0.554501	2
0.554784	2
0.555066	2
0.555349	2
0.555632	2
0.555914	2
0.556197	2
0.556479	2
0.556762	2
0.557045	2
0.557327	2
0.55761	2
0.557892	2
0.558175	2
0.558458	2
0.55874	2
0.559023	2
0.559305	2
0.559588	2
0.559871	2
0.560153	2
0.560436	2
0.560718	2
0.561001	2
0.561284	2
0.561566	2
0.561849	2
0.562131	2
0.562414	2
0.562697	2
0.562979	2
0.563262	2
0.563544	2
0.563827	2
0.56411	2
0.564392	2
0.564675	2
0.564957	2
0.56524	2
0.565523	2
0.565805	2
0.566088	2
0.56637	2
0.566653	2
0.566936	2
0.567218	2
0.567501	2
0.567783	2
0.568066	2
0.568349	2
0.568631	2
0.568914	2
0.569196	2
0.569479	2
0.569762	2
0.570044	2
0.570327	2
0.570609	2
0.570892	2
0.571175	2
0.571457	2
0.57174	2
0.572022	2
0.572305	2
0.572588	2
0.57287	2
0.573153	2
0.573435	2
0.573718	2
0.574001	2
0.574283	2
0.574566	2
0.574848	2
0.575131	2
0.575414	2
0.575696	2
0.575979	2
0.576261	2
0.576544	2
0.576827	2
0.577109	2
0.577392	2
0.577675	2
0.577957	2
0.57824	2
0.578522	2
0.578805	2
0.579088	2
0.57937	2
0.579653	2
0.579935	2
0.580218	2
0.580501	2
0.580783	2
0.581066	2
0.581348	2
0.581631	2
0.581914	2
0.582196	2
0.582479	2
0.582761	2
0.583044	2
0.583327	2
0.583609	2
0.583892	2
0.584174	2
0.584457	2
0.58474	2
0.585022	2
0.585305	2
0.585587	2
0.58587	2
0.586153	2
0.586435	2
0.586718	2
0.587	2
0.587283	2
0.587566	2
0.587848	2
0.588131	2
0.588413	2
0.588696	2
0.588979	2
0.589261	2
0.589544	2
0.589826	2
0.590109	2
0.590392	2
0.590674	2
0.590957	2
0.591239	2
0.591522	2
0.591805	2
0.592087	2
0.59237	2
0.592652	2
0.592935	2
0.593218	2
0.5935	2
0.593783	2
0.594065	2
0.594348	2
0.594631	2
0.594913	2
0.595196	2
0.595478	2
0.595761	2
0.596044	2
0.596326	2
0.596609	2
0.596891	2
0.597174	2
0.597457	2
0.597739	2
0.598022	2
0.598304	2
0.598587	2
0.59887	2
0.599152	2
0.599435	2
0.599717	2
0.6	2
0.600285	2
0.60057	2
0.600855	2
0.60114	2
0.601425	2
0.601709	2
0.601994	2
0.602279	2
0.602564	2
0.602849	2
0.603134	2
0.603419	2
0.603704	2
0.603989	2
0.604274	2
0.604558	2
0.604843	2
0.605128	2
0.605413	2
0.605698	2
0.605983	2
0.606268	2
0.606553	2
0.606838	2
0.607123	2
0.607407	2
0.607692	2
0.607977	2
0.608262	2
0.608547	2
0.608832	2
0.609117	2
0.609402	2
0.609687	2
0.609972	2
0.610256	2
0.610541	2
0.610826	2
0.611111	2
0.611396	2
0.611681	2
0.611966	2
0.612251	2
0.612536	2
0.612821	2
0.613105	2
0.61339	2
0.613675	2
0.61396	2
0.614245	2
0.61453	2
0.614815	2
0.6151	2
0.615385	2
0.61567	2
0.615954	2
0.616239	2
0.616524	2
0.616809	2
0.617094	2
0.617379	2
0.617664	2
0.617949	2
0.618234	2
0.618519	2
0.618803	2
0.619088	2
0.619373	2
0.619658	2
0.619943	2
0.620228	2
0.620513	2
0.620798	2
0.621083	2
0.621368	2
0.621652	2
0.621937	2
0.622222	2
0.622507	2
0.622792	2
0.623077	2
0.623362	2
0.623647	2
0.623932	2
0.624217	2
0.624501	2
0.624786	2
0.62507	2
0.625354	2
0.625638	2
0.625922	2
0.626205	2
0.626489	2
0.626773	2
0.627057	2
0.627341	2
0.627625	2
0.627908	2
0.628192	2
0.628476	2
0.62876	2
0.629044	2
0.629328	2
0.629611	2
0.629895	2
0.630179	2
0.630463	2
0.630747	2
0.63103	2
0.631314	2
0.631598	2
0.631882	2
0.632166	2
0.63245	2
0.632733	2
0.633017	2
0.633301	2
0.633585	2
0.633869	2
0.634153	2
0.634436	2
0.63472	2
0.635004	2
0.635288	2
0.635572	2
0.635856	2
0.636139	2
0.636423	2
0.636707	2
0.636991	2
0.637275	2
0.637558	2
0.637842	2
0.638126	2
0.63841	2
0.638694	2
0.638978	2
0.639261	2
0.639545	2
0.639829	2
0.640113	2
0.640397	2
0.640681	2
0.640964	2
0.641248	2
0.641532	2
0.641816	2
0.6421	2
0.642383	2
0.642667	2
0.642951	2
0.643235	2
0.643519	2
0.643803	2
0.644086	2
0.64437	2
0.644654	2
0.644938	2
0.645222	2
0.645506	2
0.645789	2
0.646073	2
0.646357	2
0.646641	2
0.646925	2
0.647209	2
0.647492	2
0.647775	2
0.648057	2
0.648339	2
0.648622	2
0.648904	2
0.649186	2
0.649468	2
0.649751	2
0.650033	2
0.650315	2
0.650598	2
0.65088	2
0.651162	2
0.651445	2
0.651727	2
0.652009	2
0.652291	2
0.652574	2
0.652856	2
0.653138	2
0.653421	2
0.653703	2
0.653985	2
0.654268	2
0.65455	2
0.654832	2
0.655114	2
0.655397	2
0.655679	2
0.655961	2
0.656244	2
0.656526	2
0.656808	2
0.657091	2
0.657373	2
0.657655	2
0.657937	2
0.65822	2
0.658502	2
0.658784	2
0.659067	2
0.659349	2
0.659631	2
0.659914	2
0.660196	2
0.660478	2
0.66076	2
0.661043	2
0.661325	2
0.661607	2
0.66189	2
0.662172	2
0.662454	2
0.662736	2
0.663019	2
0.663301	2
0.663583	2
0.663866	2
0.664148	2
0.66443	2
0.664713	2
0.664995	2
0.665277	2
0.665559	2
0.665842	2
0.666124	2
0.666406	2
0.666689	2
0.666971	2
0.667253	2
0.667536	2
0.667818	2
0.6681	2
0.668382	2
0.668665	2
0.668947	2
0.669229	2
0.669512	2
0.669794	2
0.670076	2
0.670359	2
0.670641	2
0.670923	2
0.671205	2
0.671488	2
0.67177	2
0.672052	2
0.672335	2
0.672617	2
0.672899	2
0.673182	2
0.673464	2
0.673746	2
0.674028	2
0.674311	2
0.674593	2
0.674875	2
0.675158	2
0.67544	2
0.675722	2
0.676005	2
0.676287	2
0.676569	2
0.676851	2
0.677134	2
0.677416	2
0.677698	2
0.677981	2
0.678263	2
0.678545	2
0.678828	2
0.67911	2
0.679392	2
0.679674	2
0.679957	2
0.680239	2
0.680521	2
0.680804	2
0.681086	2
0.681368	2
0.681651	2
0.681933	2
0.682215	2
0.682497	2
0.68278	2
0.683062	2
0.683344	2
0.683627	2
0.683909	2
0.684191	2
0.684474	2
0.684756	2
0.685038	2
0.68532	2
0.685603	2
0.685885	2
0.686167	2
0.68645	2
0.686732	2
0.687014	2
0.687297	2
0.687579	2
0.687861	2
0.688143	2
0.688426	2
0.688708	2
0.68899	2
0.689273	2
0.689555	2
0.689837	2
0.69012	2
0.690402	2
0.690684	2
0.690966	2
0.691249	2
0.691531	2
0.691813	2
0.692096	2
0.692378	2
0.69266	2
0.692943	2
0.693225	2
0.693507	2
0.693789	2
0.694072	2
0.694354	2
0.694636	2
0.694919	2
0.695201	2
0.695483	2
0.695766	2
0.696048	2
0.69633	2
0.696612	2
0.696895	2
0.697177	2
0.697459	2
0.697742	2
0.698024	2
0.698306	2
0.698589	2
0.698871	2
0.699153	2
0.699435	2
0.699718	2
0.7	2
0.700283	2
0.700567	2
0.70085	2
0.701133	2
0.701416	2
0.7017	2
0.701983	2
0.702266	2
0.70255	2
0.702833	2
0.703116	2
0.703399	2
0.703683	2
0.703966	2
0.704249	2
0.704533	2
0.704816	2
0.705099	2
0.705382	2
0.705666	2
0.705949	2
0.706232	2
0.706516	2
0.706799	2
0.707082	2
0.707365	2
0.707649	2
0.707932	2
0.708215	2
0.708499	2
0.708782	2
0.709065	2
0.709348	2
0.709632	2
0.709915	2
0.710198	2
0.710482	2
0.710765	2
0.711048	2
0.711331	2
0.711615	2
0.711898	2
0.712181	2
0.712465	2
0.712748	2
0.713031	2
0.713314	2
0.713598	2
0.713881	2
0.714164	2
0.714448	2
0.714731	2
0.715014	2
0.715297	2
0.715581	2
0.715864	2
0.716147	2
0.716431	2
0.716714	2
0.716997	2
0.71728	2
0.717564	2
0.717847	2
0.71813	2
0.718414	2
0.718697	2
0.71898	2
0.719263	2
0.719547	2
0.71983	2
0.720113	2
0.720397	2
0.72068	2
0.720963	2
0.721246	2
0.72153	2
0.721813	2
0.722096	2
0.72238	2
0.722663	2
0.722946	2
0.723229	2
0.723513	2
0.723796	2
0.724079	2
0.724363	2
0.724646	2
0.724929	2
0.725212	2
0.725496	2
0.725779	2
0.726062	2
0.726346	2
0.726629	2
0.726912	2
0.727195	2
0.727479	2
0.727762	2
0.728045	2
0.728329	2
0.728612	2
0.728895	2
0.729178	2
0.729462	2
0.729745	2
0.730028	2
0.730312	2
0.730595	2
0.730878	2
0.731161	2
0.731445	2
0.731728	2
0.732011	2
0.732295	2
0.732578	2
0.732861	2
0.733144	2
0.733428	2
0.733711	2
0.733994	2
0.734278	2
0.734561	2
0.734844	2
0.735127	2
0.735411	2
0.735694	2
0.735977	2
0.736261	2
0.736544	2
0.736827	2
0.73711	2
0.737394	2
0.737677	2
0.73796	2
0.738244	2
0.738527	2
0.73881	2
0.739093	2
0.739377	2
0.73966	2
0.739943	2
0.740227	2
0.74051	2
0.740793	2
0.741076	2
0.74136	2
0.741643	2
0.741926	2
0.74221	2
0.742493	2
0.742776	2
0.743059	2
0.743343	2
0.743626	2
0.743909	2
0.744193	2
0.744476	2
0.744759	2
0.745042	2
0.745326	2
0.745609	2
0.745892	2
0.746176	2
0.746459	2
0.746742	2
0.747025	2
0.747309	2
0.747592	2
0.747875	2
0.748159	2
0.748442	2
0.748725	2
0.749008	2
0.749292	2
0.749575	2
0.749858	2
0.750142	2
0.750425	2
0.750708	2
0.750992	2
0.751275	2
0.751558	2
0.751841	2
0.752125	2
0.752408	2
0.752691	2
0.752975	2
0.753258	2
0.753541	2
0.753824	2
0.754108	2
0.754391	2
0.754674	2
0.754958	2
0.755241	2
0.755524	2
0.755807	2
0.756091	2
0.756374	2
0.756657	2
0.756941	2
0.757224	2
0.757507	2
0.75779	2
0.758074	2
0.758357	2
0.75864	2
0.758924	2
0.759207	2
0.75949	2
0.759773	2
0.760057	2
0.76034	2
0.760623	2
0.760907	2
0.76119	2
0.761473	2
0.761756	2
0.76204	2
0.762323	2
0.762606	2
0.76289	2
0.763173	2
0.763456	2
0.763739	2
0.764023	2
0.764306	2
0.764589	2
0.764873	2
0.765156	2
0.765439	2
0.765722	2
0.766006	2
0.766289	2
0.766572	2
0.766856	2
0.767139	2
0.767422	2
0.767705	2
0.767989	2
0.768272	2
0.768555	2
0.768839	2
0.769122	2
0.769405	2
0.769688	2
0.769972	2
0.770255	2
0.770538	2
0.770822	2
0.771105	2
0.771388	2
0.771671	2
0.771955	2
0.772238	2
0.772521	2
0.772805	2
0.773088	2
0.773371	2
0.773654	2
0.773938	2
0.774221	2
0.774504	2
0.774788	2
0.775071	2
0.775354	2
0.775637	2
0.775921	2
0.776204	2
0.776487	2
0.776771	2
0.777054	2
0.777337	2
0.77762	2
0.777904	2
0.778187	2
0.77847	2
0.778754	2
0.779037	2
0.77932	2
0.779603	2
0.779887	2
0.78017	2
0.780453	2
0.780737	2
0.78102	2
0.781303	2
0.781586	2
0.78187	2
0.782153	2
0.782436	2
0.78272	2
0.783003	2
0.783286	2
0.783569	2
0.783853	2
0.784136	2
0.784419	2
0.784703	2
0.784986	2
0.785269	2
0.785552	2
0.785836	2
0.786119	2
0.786402	2
0.786686	2
0.786969	2
0.787252	2
0.787535	2
0.787819	2
0.788102	2
0.788385	2
0.788669	2
0.788952	2
0.789235	2
0.789518	2
0.789802	2
0.790085	2
0.790368	2
0.790652	2
0.790935	2
0.791218	2
0.791501	2
0.791785	2
0.792068	2
0.792351	2
0.792635	2
0.792918	2
0.793201	2
0.793484	2
0.793768	2
0.794051	2
0.794334	2
0.794618	2
0.794901	2
0.795184	2
0.795467	2
0.795751	2
0.796034	2
0.796317	2
0.796601	2
0.796884	2
0.797167	2
0.79745	2
0.797734	2
0.798017	2
0.7983	2
0.798584	2
0.798867	2
0.79915	2
0.799433	2
0.799717	2
0.8	2
0.800283	2
0.800567	2
0.80085	2
0.801133	2
0.801416	2
0.8017	2
0.801983	2
0.802266	2
0.80255	2
0.802833	2
0.803116	2
0.803399	2
0.803683	2
0.803966	2
0.804249	2
0.804533	2
0.804816	2
0.805099	2
0.805382	2
0.805666	2
0.805949	2
0.806232	2
0.806516	2
0.806799	2
0.807082	2
0.807365	2
0.807649	2
0.807932	2
0.808215	2
0.808499	2
0.808782	2
0.809065	2
0.809348	2
0.809632	2
0.809915	2
0.810198	2
0.810482	2
0.810765	2
0.811048	2
0.811331	2
0.811615	2
0.811898	2
0.812181	2
0.812465	2
0.812748	2
0.813031	2
0.813314	2
0.813598	2
0.813881	2
0.814164	2
0.814448	2
0.814731	2
0.815014	2
0.815297	2
0.815581	2
0.815864	2
0.816147	2
0.816431	2
0.816714	2
0.816997	2
0.81728	2
0.817564	2
0.817847	2
0.81813	2
0.818414	2
0.818697	2
0.81898	2
0.819263	2
0.819547	2
0.81983	2
0.820113	2
0.820397	2
0.82068	2
0.820963	2
0.821246	2
0.82153	2
0.821813	2
0.822096	2
0.82238	2
0.822663	2
0.822946	2
0.823229	2
0.823513	2
0.823796	2
0.824079	2
0.824363	2
0.824646	2
0.824929	2
0.825212	2
0.825496	2
0.825779	2
0.826062	2
0.826346	2
0.826629	2
0.826912	2
0.827195	2
0.827479	2
0.827762	2
0.828045	2
0.828329	2
0.828612	2
0.828895	2
0.829178	2
0.829462	2
0.829745	2
0.830028	2
0.830312	2
0.830595	2
0.830878	2
0.831161	2
0.831445	2
0.831728	2
0.832011	2
0.832295	2
0.832578	2
0.832861	2
0.833144	2
0.833428	2
0.833711	2
0.833994	2
0.834276	2
0.834558	2
0.834841	2
0.835123	2
0.835405	2
0.835687	2
0.835969	2
0.836251	2
0.836533	2
0.836815	2
0.837097	2
0.837379	2
0.837661	2
0.837943	2
0.838225	2
0.838508	2
0.83879	2
0.839072	2
0.839354	2
0.839636	2
0.839918	2
0.8402	2
0.840482	2
0.840764	2
0.841046	2
0.841328	2
0.84161	2
0.841892	2
0.842175	2
0.842457	2
0.842739	2
0.843021	2
0.843303	2
0.843585	2
0.843867	2
0.844149	2
0.844431	2
0.844713	2
0.844995	2
0.845277	2
0.845559	2
0.845842	2
0.846124	2
0.846406	2
0.846688	2
0.84697	2
0.847252	2
0.847534	2
0.847816	2
0.848098	2
0.84838	2
0.848662	2
0.848944	2
0.849226	2
0.849508	2
0.849791	2
0.850073	2
0.850355	2
0.850637	2
0.850919	2
0.851201	2
0.851483	2
0.851765	2
0.852047	2
0.852329	2
0.852611	2
0.852893	2
0.853175	2
0.853458	2
0.85374	2
0.854022	2
0.854304	2
0.854586	2
0.854868	2
0.85515	2
0.855432	2
0.855714	2
0.855996	2
0.856278	2
0.85656	2
0.856842	2
0.857125	2
0.857407	2
0.857689	2
0.857971	2
0.858253	2
0.858535	2
0.858817	2
0.859099	2
0.859381	2
0.859663	2
0.859945	2
0.860227	2
0.860509	2
0.860792	2
0.861074	2
0.861356	2
0.861638	2
0.86192	2
0.862202	2
0.862484	2
0.862766	2
0.863048	2
0.86333	2
0.863612	2
0.863894	2
0.864176	2
0.864458	2
0.864741	2
0.865023	2
0.865305	2
0.865587	2
0.865869	2
0.866151	2
0.866433	2
0.866715	2
0.866997	2
0.867279	2
0.867561	2
0.867843	2
0.868125	2
0.868408	2
0.86869	2
0.868972	2
0.869254	2
0.869536	2
0.869818	2
0.8701	2
0.870382	2
0.870664	2
0.870946	2
0.871228	2
0.87151	2
0.871792	2
0.872075	2
0.872357	2
0.872639	2
0.872921	2
0.873203	2
0.873485	2
0.873767	2
0.874049	2
0.874331	2
0.874613	2
0.874895	2
0.875177	2
0.875459	2
0.875742	2
0.876024	2
0.876306	2
0.876588	2
0.87687	2
0.877152	2
0.877434	2
0.877716	2
0.877998	2
0.87828	2
0.878562	2
0.878844	2
0.879126	2
0.879408	2
0.879691	2
0.879973	2
0.880255	2
0.880537	2
0.880819	2
0.881101	2
0.881383	2
0.881665	2
0.881947	2
0.882229	2
0.882511	2
0.882793	2
0.883075	2
0.883358	2
0.88364	2
0.883922	2
0.884204	2
0.884486	2
0.884768	2
0.88505	2
0.885332	2
0.885614	2
0.885896	2
0.886178	2
0.88646	2
0.886742	2
0.887025	2
0.887307	2
0.887589	2
0.887871	2
0.888153	2
0.888435	2
0.888717	2
0.888999	2
0.889281	2
0.889563	2
0.889845	2
0.890127	2
0.890409	2
0.890692	2
0.890974	2
0.891256	2
0.891538	2
0.89182	2
0.892102	2
0.892384	2
0.892666	2
0.892948	2
0.89323	2
0.893512	2
0.893794	2
0.894076	2
0.894358	2
0.894641	2
0.894923	2
0.895205	2
0.895487	2
0.895769	2
0.896051	2
0.896333	2
0.896615	2
0.896897	2
0.897179	2
0.897461	2
0.897743	2
0.898025	2
0.898308	2
0.89859	2
0.898872	2
0.899154	2
0.899436	2
0.899718	2
0.9	2
0.900282	2
0.900565	2
0.900847	2
0.90113	2
0.901412	2
0.901695	2
0.901977	2
0.90226	2
0.902542	2
0.902825	2
0.903107	2
0.90339	2
0.903672	2
0.903955	2
0.904237	2
0.90452	2
0.904802	2
0.905085	2
0.905367	2
0.90565	2
0.905932	2
0.906215	2
0.906497	2
0.90678	2
0.907062	2
0.907345	2
0.907627	2
0.90791	2
0.908192	2
0.908475	2
0.908757	2
0.90904	2
0.909322	2
0.909605	2
0.909887	2
0.910169	2
0.910452	2
0.910734	2
0.911017	2
0.911299	2
0.911582	2
0.911864	2
0.912147	2
0.912429	2
0.912712	2
0.912994	2
0.913277	2
0.913559	2
0.913842	2
0.914124	2
0.914407	2
0.914689	2
0.914972	2
0.915254	2
0.915537	2
0.915819	2
0.916102	2
0.916384	2
0.916667	2
0.916949	2
0.917232	2
0.917514	2
0.917797	2
0.918079	2
0.918362	2
0.918644	2
0.918927	2
0.919209	2
0.919492	2
0.919774	2
0.920056	2
0.920339	2
0.920621	2
0.920904	2
0.921186	2
0.921469	2
0.921751	2
0.922034	2
0.922316	2
0.922599	2
0.922881	2
0.923164	2
0.923446	2
0.923729	2
0.924011	2
0.924294	2
0.924576	2
0.924859	2
0.925141	2
0.925424	2
0.925706	2
0.925989	2
0.926271	2
0.926554	2
0.926836	2
0.927119	2
0.927401	2
0.927684	2
0.927966	2
0.928249	2
0.928531	2
0.928814	2
0.929096	2
0.929379	2
0.929661	2
0.929944	2
0.930226	2
0.930508	2
0.930791	2
0.931073	2
0.931356	2
0.931638	2
0.931921	2
0.932203	2
0.932486	2
0.932768	2
0.933051	2
0.933333	2
0.933616	2
0.933898	2
0.934181	2
0.934463	2
0.934746	2
0.935028	2
0.935311	2
0.935593	2
0.935876	2
0.936158	2
0.936441	2
0.936723	2
0.937006	2
0.937288	2
0.937571	2
0.937853	2
0.938136	2
0.938418	2
0.938701	2
0.938983	2
0.939266	2
0.939548	2
0.939831	2
0.940113	2
0.940395	2
0.940678	2
0.94096	2
0.941243	2
0.941525	2
0.941808	2
0.94209	2
0.942373	2
0.942655	2
0.942938	2
0.94322	2
0.943503	2
0.943785	2
0.944068	2
0.94435	2
0.944633	2
0.944915	2
0.945198	2
0.94548	2
0.945763	2
0.946045	2
0.946328	2
0.94661	2
0.946893	2
0.947175	2
0.947458	2
0.94774	2
0.948023	2
0.948305	2
0.948588	2
0.94887	2
0.949153	2
0.949435	2
0.949718	2
0.95	2
0.950282	2
0.950565	2
0.950847	2
0.95113	2
0.951412	2
0.951695	2
0.951977	2
0.95226	2
0.952542	2
0.952825	2
0.953107	2
0.95339	2
0.953672	2
0.953955	2
0.954237	2
0.95452	2
0.954802	2
0.955085	2
0.955367	2
0.95565	2
0.955932	2
0.956215	2
0.956497	2
0.95678	2
0.957062	2
0.957345	2
0.957627	2
0.95791	2
0.958192	2
0.958475	2
0.958757	2
0.95904	2
0.959322	2
0.959605	2
0.959887	2
0.960169	2
0.960452	2
0.960734	2
0.961017	2
0.961299	2
0.961582	2
0.961864	2
0.962147	2
0.962429	2
0.962712	2
0.962994	2
0.963277	2
0.963559	2
0.963842	2
0.964124	2
0.964407	2
0.964689	2
0.964972	2
0.965254	2
0.965537	2
0.965819	2
0.966102	2
0.966384	2
0.966667	2
0.966949	2
0.967232	2
0.967514	2
0.967797	2
0.968079	2
0.968362	2
0.968644	2
0.968927	2
0.969209	2
0.969492	2
0.969774	2
0.970056	2
0.970339	2
0.970621	2
0.970904	2
0.971186	2
0.971469	2
0.971751	2
0.972034	2
0.972316	2
0.972599	2
0.972881	2
0.973164	2
0.973446	2
0.973729	2
0.974011	2
0.974294	2
0.974576	2
0.974859	2
0.975141	2
0.975424	2
0.975706	2
0.975989	2
0.976271	2
0.976554	2
0.976836	2
0.977119	2
0.977401	2
0.977684	2
0.977963	2
0.978242	2
0.97852	2
0.978799	2
0.979078	2
0.979357	2
0.979636	2
0.979915	2
0.980194	2
0.980473	2
0.980752	2
0.981031	2
0.98131	2
0.981589	2
0.981868	2
0.982147	2
0.982426	2
0.982705	2
0.982984	2
0.983263	2
0.983542	2
0.983821	2
0.9841	2
0.984379	2
0.984657	2
0.984936	2
0.985215	2
0.985494	2
0.985773	2
0.986052	2
0.986331	2
0.98661	2
0.986889	2
0.987168	2
0.987447	2
0.987726	2
0.988005	2
0.988284	2
0.988563	2
0.988842	2
0.989121	2
0.9894	2
0.989679	2
0.989958	2
0.990237	2
0.990516	2
0.990794	2
0.991073	2
0.991352	2
0.991631	2
0.99191	2
0.992189	2
0.992468	2
0.992747	2
0.993026	2
0.993305	2
0.993584	2
0.993863	2
0.994142	2
0.994421	2
0.9947	2
0.994979	2
0.995258	2
0.995537	2
0.995816	2
0.996095	2
0.996374	2
0.996653	2
0.996931	2
0.99721	2
0.997489	2
0.997768	2
0.998047	2
0.998326	2
0.998605	2
0.998884	2
0.999163	2
0.999442	2
0.999721	2
1	2
1.00028	2
1.00056	2
1.00085	2
1.00113	2
1.00141	2
1.00169	2
1.00197	2
1.00225	2
1.00254	2
1.00282	2
1.0031	2
1.00338	2
1.00366	2
1.00394	2
1.00423	2
1.00451	2
1.00479	2
1.00507	2
1.00535	2
1.00563	2
1.00592	2
1.0062	2
1.00648	2
1.00676	2
1.00704	2
1.00732	2
1.00761	2
1.00789	2
1.00817	2
1.00845	2
1.00873	2
1.00901	2
1.0093	2
1.00958	2
1.00986	2
1.01014	2
1.01042	2
1.0107	2
1.01099	2
1.01127	2
1.01155	2
1.01183	2
1.01211	2
1.01239	2
1.01268	2
1.01296	2
1.01324	2
1.01352	2
1.0138	2
1.01408	2
1.01437	2
1.01465	2
1.01493	2
1.01521	2
1.01549	2
1.01577	2
1.01606	2
1.01634	2
1.01662	2
1.0169	2
1.01718	2
1.01746	2
1.01775	2
1.01803	2
1.01831	2
1.01859	2
1.01887	2
1.01915	2
1.01944	2
1.01972	2
1.02	2
1.02028	2
1.02056	2
1.02085	2
1.02113	2
1.02141	2
1.02169	2
1.02197	2
1.02225	2
1.02254	2
1.02282	2
1.0231	2
1.02338	2
1.02366	2
1.02394	2
1.02423	2
1.02451	2
1.02479	2
1.02507	2
1.02535	2
1.02563	2
1.02592	2
1.0262	2
1.02648	2
1.02676	2
1.02704	2
1.02732	2
1.02761	2
1.02789	2
1.02817	2
1.02845	2
1.02873	2
1.02901	2
1.0293	2
1.02958	2
1.02986	2
1.03014	2
1.03042	2
1.0307	2
1.03099	2
1.03127	2
1.03155	2
1.03183	2
1.03211	2
1.03239	2
1.03268	2
1.03296	2
1.03324	2
1.03352	2
1.0338	2
1.03408	2
1.03437	2
1.03465	2
1.03493	2
1.03521	2
1.03549	2
1.03577	2
1.03606	2
1.03634	2
1.03662	2
1.0369	2
1.03718	2
1.03746	2
1.03775	2
1.03803	2
1.03831	2
1.03859	2
1.03887	2
1.03915	2
1.03943	2
1.03971	2
1.03999	2
1.04028	2
1.04056	2
1.04084	2
1.04112	2
1.0414	2
1.04168	2
1.04196	2
1.04224	2
1.04252	2
1.0428	2
1.04308	2
1.04336	2
1.04364	2
1.04392	2
1.0442	2
1.04448	2
1.04476	2
1.04504	2
1.04532	2
1.0456	2
1.04588	2
1.04616	2
1.04644	2
1.04672	2
1.047	2
1.04729	2
1.04757	2
1.04785	2
1.04813	2
1.04841	2
1.04869	2
1.04897	2
1.04925	2
1.04953	2
1.04981	2
1.05009	2
1.05037	2
1.05065	2
1.05093	2
1.05121	2
1.05149	2
1.05177	2
1.05205	2
1.05233	2
1.05261	2
1.05289	2
1.05317	2
1.05345	2
1.05373	2
1.05401	2
1.0543	2
1.05458	2
1.05486	2
1.05514	2
1.05542	2
1.0557	2
1.05598	2
1.05626	2
1.05654	2
1.05682	2
1.0571	2
1.05738	2
1.05766	2
1.05794	2
1.05822	2
1.0585	2
1.05878	2
1.05906	2
1.05934	2
1.05962	2
1.0599	2
1.06018	2
1.06046	2
1.06074	2
1.06102	2
1.06131	2
1.06159	2
1.06187	2
1.06215	2
1.06243	2
1.06271	2
1.06299	2
1.06327	2
1.06355	2
1.06383	2
1.06411	2
1.06439	2
1.06467	2
1.06495	2
1.06523	2
1.06551	2
1.06579	2
1.06607	2
1.06635	2
1.06663	2
1.06691	2
1.06719	2
1.06747	2
1.06775	2
1.06803	2
1.06832	2
1.0686	2
1.06888	2
1.06916	2
1.06944	2
1.06972	2
1.07	2
1.07028	2
1.07056	2
1.07084	2
1.07112	2
1.0714	2
1.07168	2
1.07196	2
1.07224	2
1.07252	2
1.0728	2
1.07308	2
1.07336	2
1.07364	2
1.07392	2
1.0742	2
1.07448	2
1.07476	2
1.07504	2
1.07532	2
1.07561	2
1.07589	2
1.07617	2
1.07645	2
1.07673	2
1.07701	2
1.07729	2
1.07757	2
1.07785	2
1.07813	2
1.07841	2
1.07869	2
1.07897	2
1.07925	2
1.07953	2
1.07981	2
1.08009	2
1.08037	2
1.08065	2
1.08093	2
1.08121	2
1.08149	2
1.08177	2
1.08205	2
1.08233	2
1.08262	2
1.0829	2
1.08318	2
1.08346	2
1.08374	2
1.08402	2
1.0843	2
1.08458	2
1.08486	2
1.08514	2
1.08542	2
1.0857	2
1.08598	2
1.08626	2
1.08654	2
1.08682	2
1.0871	2
1.08738	2
1.08766	2
1.08794	2
1.08822	2
1.0885	2
1.08878	2
1.08906	2
1.08934	2
1.08963	2
1.08991	2
1.09019	2
1.09047	2
1.09075	2
1.09103	2
1.09131	2
1.09159	2
1.09187	2
1.09215	2
1.09243	2
1.09271	2
1.09299	2
1.09327	2
1.09355	2
1.09383	2
1.09411	2
1.09439	2
1.09467	2
1.09495	2
1.09523	2
1.09551	2
1.09579	2
1.09607	2
1.09635	2
1.09664	2
1.09692	2
1.0972	2
1.09748	2
1.09776	2
1.09804	2
1.09832	2
1.0986	2
1.09888	2
1.09916	2
1.09944	2
1.09972	2
1.1	2
1.10028	2
1.10056	2
1.10084	2
1.10112	2
1.1014	2
1.10169	2
1.10197	2
1.10225	2
1.10253	2
1.10281	2
1.10309	2
1.10337	2
1.10365	2
1.10393	2
1.10421	2
1.10449	2
1.10478	2
1.10506	2
1.10534	2
1.10562	2
1.1059	2
1.10618	2
1.10646	2
1.10674	2
1.10702	2
1.1073	2
1.10758	2
1.10787	2
1.10815	2
1.10843	2
1.10871	2
1.10899	2
1.10927	2
1.10955	2
1.10983	2
1.11011	2
1.11039	2
1.11067	2
1.11096	2
1.11124	2
1.11152	2
1.1118	2
1.11208	2
1.11236	2
1.11264	2
1.11292	2
1.1132	2
1.11348	2
1.11376	2
1.11404	2
1.11433	2
1.11461	2
1.11489	2
1.11517	2
1.11545	2
1.11573	2
1.11601	2
1.11629	2
1.11657	2
1.11685	2
1.11713	2
1.11742	2
1.1177	2
1.11798	2
1.11826	2
1.11854	2
1.11882	2
1.1191	2
1.11938	2
1.11966	2
1.11994	2
1.12022	2
1.12051	2
1.12079	2
1.12107	2
1.12135	2
1.12163	2
1.12191	2
1.12219	2
1.12247	2
1.12275	2
1.12303	2
1.12331	2
1.1236	2
1.12388	2
1.12416	2
1.12444	2
1.12472	2
1.125	2
1.12528	2
1.12556	2
1.12584	2
1.12612	2
1.1264	2
1.12669	2
1.12697	2
1.12725	2
1.12753	2
1.12781	2
1.12809	2
1.12837	2
1.12865	2
1.12893	2
1.12921	2
1.12949	2
1.12978	2
1.13006	2
1.13034	2
1.13062	2
1.1309	2
1.13118	2
1.13146	2
1.13174	2
1.13202	2
1.1323	2
1.13258	2
1.13287	2
1.13315	2
1.13343	2
1.13371	2
1.13399	2
1.13427	2
1.13455	2
1.13483	2
1.13511	2
1.13539	2
1.13567	2
1.13596	2
1.13624	2
1.13652	2
1.1368	2
1.13708	2
1.13736	2
1.13764	2
1.13792	2
1.1382	2
1.13848	2
1.13876	2
1.13904	2
1.13933	2
1.13961	2
1.13989	2
1.14017	2
1.14045	2
1.14073	2
1.14101	2
1.14129	2
1.14157	2
1.14185	2
1.14213	2
1.14242	2
1.1427	2
1.14298	2
1.14326	2
1.14354	2
1.14382	2
1.1441	2
1.14438	2
1.14466	2
1.14494	2
1.14522	2
1.14551	2
1.14579	2
1.14607	2
1.14635	2
1.14663	2
1.14691	2
1.14719	2
1.14747	2
1.14775	2
1.14803	2
1.14831	2
1.1486	2
1.14888	2
1.14916	2
1.14944	2
1.14972	2
1.15	2
1.15028	2
1.15056	2
1.15084	2
1.15112	2
1.1514	2
1.15169	2
1.15197	2
1.15225	2
1.15253	2
1.15281	2
1.15309	2
1.15337	2
1.15365	2
1.15393	2
1.15421	2
1.15449	2
1.15478	2
1.15506	2
1.15534	2
1.15562	2
1.1559	2
1.15618	2
1.15646	2
1.15674	2
1.15702	2
1.1573	2
1.15758	2
1.15787	2
1.15815	2
1.15843	2
1.15871	2
1.15899	2
1.15927	2
1.15955	2
1.15983	2
1.16011	2
1.16039	2
1.16067	2
1.16096	2
1.16124	2
1.16152	2
1.1618	2
1.16208	2
1.16236	2
1.16264	2
1.16292	2
1.1632	2
1.16348	2
1.16376	2
1.16404	2
1.16433	2
1.16461	2
1.16489	2
1.16517	2
1.16545	2
1.16573	2
1.16601	2
1.16629	2
1.16657	2
1.16685	2
1.16713	2
1.16742	2
1.1677	2
1.16798	2
1.16826	2
1.16854	2
1.16882	2
1.1691	2
1.16938	2
1.16966	2
1.16994	2
1.17022	2
1.17051	2
1.17079	2
1.17107	2
1.17135	2
1.17163	2
1.17191	2
1.17219	2
1.17247	2
1.17275	2
1.17303	2
1.17331	2
1.1736	2
1.17388	2
1.17416	2
1.17444	2
1.17472	2
1.175	2
1.17528	2
1.17556	2
1.17584	2
1.17612	2
1.1764	2
1.17669	2
1.17697	2
1.17725	2
1.17753	2
1.17781	2
1.17809	2
1.17837	2
1.17865	2
1.17893	2
1.17921	2
1.17949	2
1.17978	2
1.18006	2
1.18034	2
1.18062	2
1.1809	2
1.18118	2
1.18146	2
1.18174	2
1.18202	2
1.1823	2
1.18258	2
1.18287	2
1.18315	2
1.18343	2
1.18371	2
1.18399	2
1.18427	2
1.18455	2
1.18483	2
1.18511	2
1.18539	2
1.18567	2
1.18596	2
1.18624	2
1.18652	2
1.1868	2
1.18708	2
1.18736	2
1.18763	2
1.18791	2
1.18818	2
1.18846	2
1.18873	2
1.18901	2
1.18928	2
1.18956	2
1.18983	2
1.19011	2
1.19038	2
1.19066	2
1.19093	2
1.19121	2
1.19148	2
1.19176	2
1.19203	2
1.19231	2
1.19258	2
1.19286	2
1.19313	2
1.1934	2
1.19368	2
1.19395	2
1.19423	2
1.1945	2
1.19478	2
1.19505	2
1.19533	2
1.1956	2
1.19588	2
1.19615	2
1.19643	2
1.1967	2
1.19698	2
1.19725	2
1.19753	2
1.1978	2
1.19808	2
1.19835	2
1.19863	2
1.1989	2
1.19918	2
1.19945	2
1.19973	2
1.2	2
1.20028	2
1.20056	2
1.20084	2
1.20112	2
1.2014	2
1.20168	2
1.20196	2
1.20224	2
1.20252	2
1.2028	2
1.20308	2
1.20336	2
1.20364	2
1.20392	2
1.2042	2
1.20448	2
1.20476	2
1.20504	2
1.20532	2
1.2056	2
1.20588	2
1.20616	2
1.20644	2
1.20672	2
1.207	2
1.20728	2
1.20756	2
1.20784	2
1.20812	2
1.2084	2
1.20868	2
1.20896	2
1.20924	2
1.20952	2
1.2098	2
1.21008	2
1.21036	2
1.21064	2
1.21092	2
1.2112	2
1.21148	2
1.21176	2
1.21204	2
1.21232	2
1.21261	2
1.21289	2
1.21317	2
1.21345	2
1.21373	2
1.21401	2
1.21429	2
1.21457	2
1.21485	2
1.21513	2
1.21541	2
1.21569	2
1.21597	2
1.21625	2
1.21653	2
1.21681	2
1.21709	2
1.21737	2
1.21765	2
1.21793	2
1.21821	2
1.21849	2
1.21877	2
1.21905	2
1.21933	2
1.21961	2
1.21989	2
1.22017	2
1.22045	2
1.22073	2
1.22101	2
1.22129	2
1.22157	2
1.22185	2
1.22213	2
1.22241	2
1.22269	2
1.22297	2
1.22325	2
1.22353	2
1.22381	2
1.22409	2
1.22437	2
1.22465	2
1.22493	2
1.22521	2
1.22549	2
1.22577	2
1.22605	2
1.22633	2
1.22661	2
1.22689	2
1.22717	2
1.22745	2
1.22773	2
1.22801	2
1.22829	2
1.22857	2
1.22885	2
1.22913	2
1.22941	2
1.22969	2
1.22997	2
1.23025	2
1.23053	2
1.23081	2
1.23109	2
1.23137	2
1.23165	2
1.23193	2
1.23221	2
1.23249	2
1.23277	2
1.23305	2
1.23333	2
1.23361	2
1.23389	2
1.23417	2
1.23445	2
1.23473	2
1.23501	2
1.23529	2
1.23557	2
1.23585	2
1.23613	2
1.23641	2
1.23669	2
1.23697	2
1.23725	2
1.23754	2
1.23782	2
1.2381	2
1.23838	2
1.23866	2
1.23894	2
1.23922	2
1.2395	2
1.23978	2
1.24006	2
1.24034	2
1.24062	2
1.2409	2
1.24118	2
1.24146	2
1.24174	2
1.24202	2
1.2423	2
1.24258	2
1.24286	2
1.24314	2
1.24342	2
1.2437	2
1.24398	2
1.24426	2
1.24454	2
1.24482	2
1.2451	2
1.24538	2
1.24566	2
1.24594	2
1.24622	2
1.2465	2
1.24678	2
1.24706	2
1.24734	2
1.24762	2
1.2479	2
1.24818	2
1.24846	2
1.24874	2
1.24902	2
1.2493	2
1.24958	2
1.24986	2
1.25014	2
1.25042	2
1.2507	2
1.25098	2
1.25126	2
1.25154	2
1.25182	2
1.2521	2
1.25238	2
1.25266	2
1.25294	2
1.25322	2
1.2535	2
1.25378	2
1.25406	2
1.25434	2
1.25462	2
1.2549	2
1.25518	2
1.25546	2
1.25574	2
1.25602	2
1.2563	2
1.25658	2
1.25686	2
1.25714	2
1.25742	2
1.2577	2
1.25798	2
1.25826	2
1.25854	2
1.25882	2
1.2591	2
1.25938	2
1.25966	2
1.25994	2
1.26022	2
1.2605	2
1.26078	2
1.26106	2
1.26134	2
1.26162	2
1.2619	2
1.26218	2
1.26246	2
1.26275	2
1.26303	2
1.26331	2
1.26359	2
1.26387	2
1.26415	2
1.26443	2
1.26471	2
1.26499	2
1.26527	2
1.26555	2
1.26583	2
1.26611	2
1.26639	2
1.26667	2
1.26695	2
1.26723	2
1.26751	2
1.26779	2
1.26807	2
1.26835	2
1.26863	2
1.26891	2
1.26919	2
1.26947	2
1.26975	2
1.27003	2
1.27031	2
1.27059	2
1.27087	2
1.27115	2
1.27143	2
1.27171	2
1.27199	2
1.27227	2
1.27255	2
1.27283	2
1.27311	2
1.27339	2
1.27367	2
1.27395	2
1.27423	2
1.27451	2
1.27479	2
1.27507	2
1.27535	2
1.27563	2
1.27591	2
1.27619	2
1.27647	2
1.27675	2
1.27703	2
1.27731	2
1.27759	2
1.27787	2
1.27815	2
1.27843	2
1.27871	2
1.27899	2
1.27927	2
1.27955	2
1.27983	2
1.28011	2
1.28039	2
1.28067	2
1.28095	2
1.28123	2
1.28151	2
1.28179	2
1.28207	2
1.28235	2
1.28263	2
1.28291	2
1.28319	2
1.28347	2
1.28375	2
1.28403	2
1.28431	2
1.28459	2
1.28487	2
1.28515	2
1.28543	2
1.28571	2
1.28599	2
1.28627	2
1.28655	2
1.28683	2
1.28711	2
1.28739	2
1.28768	2
1.28796	2
1.28824	2
1.28852	2
1.2888	2
1.28908	2
1.28936	2
1.28964	2
1.28992	2
1.2902	2
1.29048	2
1.29076	2
1.29104	2
1.29132	2
1.2916	2
1.29188	2
1.29216	2
1.29244	2
1.29272	2
1.293	2
1.29328	2
1.29356	2
1.29384	2
1.29412	2
1.2944	2
1.29468	2
1.29496	2
1.29524	2
1.29552	2
1.2958	2
1.29608	2
1.29636	2
1.29664	2
1.29692	2
1.2972	2
1.29748	2
1.29776	2
1.29804	2
1.29832	2
1.2986	2
1.29888	2
1.29916	2
1.29944	2
1.29972	2
1.3	2
1.30028	2
1.30056	2
1.30084	2
1.30112	2
1.3014	2
1.30169	2
1.30197	2
1.30225	2
1.30253	2
1.30281	2
1.30309	2
1.30337	2
1.30365	2
1.30393	2
1.30421	2
1.30449	2
1.30478	2
1.30506	2
1.30534	2
1.30562	2
1.3059	2
1.30618	2
1.30646	2
1.30674	2
1.30702	2
1.3073	2
1.30758	2
1.30787	2
1.30815	2
1.30843	2
1.30871	2
1.30899	2
1.30927	2
1.30955	2
1.30983	2
1.31011	2
1.31039	2
1.31067	2
1.31096	2
1.31124	2
1.31152	2
1.3118	2
1.31208	2
1.31236	2
1.31264	2
1.31292	2
1.3132	2
1.31348	2
1.31376	2
1.31404	2
1.31433	2
1.31461	2
1.31489	2
1.31517	2
1.31545	2
1.31573	2
1.31601	2
1.31629	2
1.31657	2
1.31685	2
1.31713	2
1.31742	2
1.3177	2
1.31798	2
1.31826	2
1.31854	2
1.31882	2
1.3191	2
1.31938	2
1.31966	2
1.31994	2
1.32022	2
1.32051	2
1.32079	2
1.32107	2
1.32135	2
1.32163	2
1.32191	2
1.32219	2
1.32247	2
1.32275	2
1.32303	2
1.32331	2
1.3236	2
1.32388	2
1.32416	2
1.32444	2
1.32472	2
1.325	2
1.32528	2
1.32556	2
1.32584	2
1.32612	2
1.3264	2
1.32669	2
1.32697	2
1.32725	2
1.32753	2
1.32781	2
1.32809	2
1.32837	2
1.32865	2
1.32893	2
1.32921	2
1.32949	2
1.32978	2
1.33006	2
1.33034	2
1.33062	2
1.3309	2
1.33118	2
1.33146	2
1.33174	2
1.33202	2
1.3323	2
1.33258	2
1.33287	2
1.33315	2
1.33343	2
1.33371	2
1.33399	2
1.33427	2
1.33455	2
1.33483	2
1.33511	2
1.33539	2
1.33567	2
1.33596	2
1.33624	2
1.33652	2
1.3368	2
1.33708	2
1.33736	2
1.33764	2
1.33792	2
1.3382	2
1.33848	2
1.33876	2
1.33904	2
1.33933	2
1.33961	2
1.33989	2
1.34017	2
1.34045	2
1.34073	2
1.34101	2
1.34129	2
1.34157	2
1.34185	2
1.34213	2
1.34241	2
1.34269	2
1.34297	2
1.34325	2
1.34352	2
1.3438	2
1.34408	2
1.34436	2
1.34464	2
1.34492	2
1.3452	2
1.34548	2
1.34576	2
1.34604	2
1.34632	2
1.3466	2
1.34688	2
1.34716	2
1.34744	2
1.34772	2
1.348	2
1.34828	2
1.34856	2
1.34884	2
1.34912	2
1.3494	2
1.34968	2
1.34996	2
1.35023	2
1.35051	2
1.35079	2
1.35107	2
1.35135	2
1.35163	2
1.35191	2
1.35219	2
1.35247	2
1.35275	2
1.35303	2
1.35331	2
1.35359	2
1.35387	2
1.35415	2
1.35443	2
1.35471	2
1.35499	2
1.35527	2
1.35555	2
1.35583	2
1.35611	2
1.35639	2
1.35667	2
1.35694	2
1.35722	2
1.3575	2
1.35778	2
1.35806	2
1.35834	2
1.35862	2
1.3589	2
1.35918	2
1.35946	2
1.35974	2
1.36002	2
1.3603	2
1.36058	2
1.36086	2
1.36114	2
1.36142	2
1.3617	2
1.36198	2
1.36226	2
1.36254	2
1.36282	2
1.3631	2
1.36338	2
1.36365	2
1.36393	2
1.36421	2
1.36449	2
1.36477	2
1.36505	2
1.36533	2
1.36561	2
1.36589	2
1.36617	2
1.36645	2
1.36673	2
1.36701	2
1.36729	2
1.36757	2
1.36785	2
1.36813	2
1.36841	2
1.36869	2
1.36897	2
1.36925	2
1.36953	2
1.36981	2
1.37008	2
1.37036	2
1.37064	2
1.37092	2
1.3712	2
1.37148	2
1.37176	2
1.37204	2
1.37232	2
1.3726	2
1.37288	2
1.37316	2
1.37344	2
1.37372	2
1.374	2
1.37428	2
1.37456	2
1.37484	2
1.37512	2
1.3754	2
1.37568	2
1.37596	2
1.37624	2
1.37652	2
1.37679	2
1.37707	2
1.37735	2
1.37763	2
1.37791	2
1.37819	2
1.37847	2
1.37875	2
1.37903	2
1.37931	2
1.37959	2
1.37987	2
1.38015	2
1.38043	2
1.38071	2
1.38099	2
1.38127	2
1.38155	2
1.38183	2
1.38211	2
1.38239	2
1.38267	2
1.38295	2
1.38323	2
1.3835	2
1.38378	2
1.38406	2
1.38434	2
1.38462	2
1.3849	2
1.38518	2
1.38546	2
1.38574	2
1.38602	2
1.3863	2
1.38658	2
1.38686	2
1.38714	2
1.38742	2
1.3877	2
1.38798	2
1.38826	2
1.38854	2
1.38882	2
1.3891	2
1.38938	2
1.38966	2
1.38994	2
1.39021	2
1.39049	2
1.39077	2
1.39105	2
1.39133	2
1.39161	2
1.39189	2
1.39217	2
1.39245	2
1.39273	2
1.39301	2
1.39329	2
1.39357	2
1.39385	2
1.39413	2
1.39441	2
1.39469	2
1.39497	2
1.39525	2
1.39553	2
1.39581	2
1.39609	2
1.39637	2
1.39665	2
1.39692	2
1.3972	2
1.39748	2
1.39776	2
1.39804	2
1.39832	2
1.3986	2
1.39888	2
1.39916	2
1.39944	2
1.39972	2
1.4	2
1.40028	2
1.40056	2
1.40084	2
1.40112	2
1.4014	2
1.40168	2
1.40196	2
1.40224	2
1.40252	2
1.4028	2
1.40308	2
1.40336	2
1.40364	2
1.40392	2
1.4042	2
1.40448	2
1.40475	2
1.40503	2
1.40531	2
1.40559	2
1.40587	2
1.40615	2
1.40643	2
1.40671	2
1.40699	2
1.40727	2
1.40755	2
1.40783	2
1.40811	2
1.40839	2
1.40867	2
1.40894	2
1.40922	2
1.4095	2
1.40978	2
1.41006	2
1.41034	2
1.41062	2
1.4109	2
1.41118	2
1.41146	2
1.41174	2
1.41202	2
1.4123	2
1.41258	2
1.41285	2
1.41313	2
1.41341	2
1.41369	2
1.41397	2
1.41425	2
1.41453	2
1.41481	2
1.41509	2
1.41537	2
1.41565	2
1.41593	2
1.41621	2
1.41649	2
1.41677	2
1.41704	2
1.41732	2
1.4176	2
1.41788	2
1.41816	2
1.41844	2
1.41872	2
1.419	2
1.41928	2
1.41956	2
1.41984	2
1.42012	2
1.4204	2
1.42068	2
1.42095	2
1.42123	2
1.42151	2
1.42179	2
1.42207	2
1.42235	2
1.42263	2
1.42291	2
1.42319	2
1.42347	2
1.42375	2
1.42403	2
1.42431	2
1.42459	2
1.42487	2
1.42514	2
1.42542	2
1.4257	2
1.42598	2
1.42626	2
1.42654	2
1.42682	2
1.4271	2
1.42738	2
1.42766	2
1.42794	2
1.42822	2
1.4285	2
1.42878	2
1.42905	2
1.42933	2
1.42961	2
1.42989	2
1.43017	2
1.43045	2
1.43073	2
1.43101	2
1.43129	2
1.43157	2
1.43185	2
1.43213	2
1.43241	2
1.43269	2
1.43297	2
1.43324	2
1.43352	2
1.4338	2
1.43408	2
1.43436	2
1.43464	2
1.43492	2
1.4352	2
1.43548	2
1.43576	2
1.43604	2
1.43632	2
1.4366	2
1.43688	2
1.43715	2
1.43743	2
1.43771	2
1.43799	2
1.43827	2
1.43855	2
1.43883	2
1.43911	2
1.43939	2
1.43967	2
1.43995	2
1.44023	2
1.44051	2
1.44079	2
1.44107	2
1.44134	2
1.44162	2
1.4419	2
1.44218	2
1.44246	2
1.44274	2
1.44302	2
1.4433	2
1.44358	2
1.44386	2
1.44414	2
1.44442	2
1.4447	2
1.44498	2
1.44525	2
1.44553	2
1.44581	2
1.44609	2
1.44637	2
1.44665	2
1.44693	2
1.44721	2
1.44749	2
1.44777	2
1.44805	2
1.44833	2
1.44861	2
1.44889	2
1.44917	2
1.44944	2
1.44972	2
1.45	2
1.45028	2
1.45056	2
1.45084	2
1.45112	2
1.4514	2
1.45168	2
1.45196	2
1.45224	2
1.45252	2
1.4528	2
1.45308	2
1.45335	2
1.45363	2
1.45391	2
1.45419	2
1.45447	2
1.45475	2
1.45503	2
1.45531	2
1.45559	2
1.45587	2
1.45615	2
1.45643	2
1.45671	2
1.45699	2
1.45727	2
1.45754	2
1.45782	2
1.4581	2
1.45838	2
1.45866	2
1.45894	2
1.45922	2
1.4595	2
1.45978	2
1.46006	2
1.46034	2
1.46062	2
1.4609	2
1.46118	2
1.46145	2
1.46173	2
1.46201	2
1.46229	2
1.46257	2
1.46285	2
1.46313	2
1.46341	2
1.46369	2
1.46397	2
1.46425	2
1.46453	2
1.46481	2
1.46509	2
1.46537	2
1.46564	2
1.46592	2
1.4662	2
1.46648	2
1.46676	2
1.46704	2
1.46732	2
1.4676	2
1.46788	2
1.46816	2
1.46844	2
1.46872	2
1.469	2
1.46928	2
1.46956	2
1.46983	2
1.47011	2
1.47039	2
1.47067	2
1.47095	2
1.47123	2
1.47151	2
1.47179	2
1.47207	2
1.47235	2
1.47263	2
1.47291	2
1.47319	2
1.47347	2
1.47374	2
1.47402	2
1.4743	2
1.47458	2
1.47486	2
1.47514	2
1.47542	2
1.4757	2
1.47598	2
1.47626	2
1.47654	2
1.47682	2
1.4771	2
1.47738	2
1.47766	2
1.47793	2
1.47821	2
1.47849	2
1.47877	2
1.47905	2
1.47933	2
1.47961	2
1.47989	2
1.48017	2
1.48045	2
1.48073	2
1.48101	2
1.48129	2
1.48157	2
1.48184	2
1.48212	2
1.4824	2
1.48268	2
1.48296	2
1.48324	2
1.48352	2
1.4838	2
1.48408	2
1.48436	2
1.48464	2
1.48492	2
1.4852	2
1.48548	2
1.48575	2
1.48602	2
1.4863	2
1.48657	2
1.48685	2
1.48712	2
1.48739	2
1.48767	2
1.48794	2
1.48822	2
1.48849	2
1.48876	2
1.48904	2
1.48931	2
1.48959	2
1.48986	2
1.49013	2
1.49041	2
1.49068	2
1.49096	2
1.49123	2
1.4915	2
1.49178	2
1.49205	2
1.49233	2
1.4926	2
1.49287	2
1.49315	2
1.49342	2
1.4937	2
1.49397	2
1.49425	2
1.49452	2
1.49479	2
1.49507	2
1.49534	2
1.49562	2
1.49589	2
1.49616	2
1.49644	2
1.49671	2
1.49699	2
1.49726	2
1.49753	2
1.49781	2
1.49808	2
1.49836	2
1.49863	2
1.4989	2
1.49918	2
1.49945	2
1.49973	2
1.5	2
1.50028	2
1.50056	2
1.50084	2
1.50111	2
1.50139	2
1.50167	2
1.50195	2
1.50223	2
1.50251	2
1.50279	2
1.50306	2
1.50334	2
1.50362	2
1.5039	2
1.50418	2
1.50446	2
1.50474	2
1.50501	2
1.50529	2
1.50557	2
1.50585	2
1.50613	2
1.50641	2
1.50669	2
1.50696	2
1.50724	2
1.50752	2
1.5078	2
1.50808	2
1.50836	2
1.50864	2
1.50891	2
1.50919	2
1.50947	2
1.50975	2
1.51003	2
1.51031	2
1.51058	2
1.51086	2
1.51114	2
1.51142	2
1.5117	2
1.51198	2
1.51226	2
1.51253	2
1.51281	2
1.51309	2
1.51337	2
1.51365	2
1.51393	2
1.51421	2
1.51448	2
1.51476	2
1.51504	2
1.51532	2
1.5156	2
1.51588	2
1.51616	2
1.51643	2
1.51671	2
1.51699	2
1.51727	2
1.51755	2
1.51783	2
1.51811	2
1.51838	2
1.51866	2
1.51894	2
1.51922	2
1.5195	2
1.51978	2
1.52006	2
1.52033	2
1.52061	2
1.52089	2
1.52117	2
1.52145	2
1.52173	2
1.52201	2
1.52228	2
1.52256	2
1.52284	2
1.52312	2
1.5234	2
1.52368	2
1.52396	2
1.52423	2
1.52451	2
1.52479	2
1.52507	2
1.52535	2
1.52563	2
1.52591	2
1.52618	2
1.52646	2
1.52674	2
1.52702	2
1.5273	2
1.52758	2
1.52786	2
1.52813	2
1.52841	2
1.52869	2
1.52897	2
1.52925	2
1.52953	2
1.52981	2
1.53008	2
1.53036	2
1.53064	2
1.53092	2
1.5312	2
1.53148	2
1.53175	2
1.53203	2
1.53231	2
1.53259	2
1.53287	2
1.53315	2
1.53343	2
1.5337	2
1.53398	2
1.53426	2
1.53454	2
1.53482	2
1.5351	2
1.53538	2
1.53565	2
1.53593	2
1.53621	2
1.53649	2
1.53677	2
1.53705	2
1.53733	2
1.5376	2
1.53788	2
1.53816	2
1.53844	2
1.53872	2
1.539	2
1.53928	2
1.53955	2
1.53983	2
1.54011	2
1.54039	2
1.54067	2
1.54095	2
1.54123	2
1.5415	2
1.54178	2
1.54206	2
1.54234	2
1.54262	2
1.5429	2
1.54318	2
1.54345	2
1.54373	2
1.54401	2
1.54429	2
1.54457	2
1.54485	2
1.54513	2
1.5454	2
1.54568	2
1.54596	2
1.54624	2
1.54652	2
1.5468	2
1.54708	2
1.54735	2
1.54763	2
1.54791	2
1.54819	2
1.54847	2
1.54875	2
1.54903	2
1.5493	2
1.54958	2
1.54986	2
1.55014	2
1.55042	2
1.5507	2
1.55097	2
1.55125	2
1.55153	2
1.55181	2
1.55209	2
1.55237	2
1.55265	2
1.55292	2
1.5532	2
1.55348	2
1.55376	2
1.55404	2
1.55432	2
1.5546	2
1.55487	2
1.55515	2
1.55543	2
1.55571	2
1.55599	2
1.55627	2
1.55655	2
1.55682	2
1.5571	2
1.55738	2
1.55766	2
1.55794	2
1.55822	2
1.5585	2
1.55877	2
1.55905	2
1.55933	2
1.55961	2
1.55989	2
1.56017	2
1.56045	2
1.56072	2
1.561	2
1.56128	2
1.56156	2
1.56184	2
1.56212	2
1.5624	2
1.56267	2
1.56295	2
1.56323	2
1.56351	2
1.56379	2
1.56407	2
1.56435	2
1.56462	2
1.5649	2
1.56518	2
1.56546	2
1.56574	2
1.56602	2
1.5663	2
1.56657	2
1.56685	2
1.56713	2
1.56741	2
1.56769	2
1.56797	2
1.56825	2
1.56852	2
1.5688	2
1.56908	2
1.56936	2
1.56964	2
1.56992	2
1.57019	2
1.57047	2
1.57075	2
1.57103	2
1.57131	2
1.57159	2
1.57187	2
1.57214	2
1.57242	2
1.5727	2
1.57298	2
1.57326	2
1.57354	2
1.57382	2
1.57409	2
1.57437	2
1.57465	2
1.57493	2
1.57521	2
1.57549	2
1.57577	2
1.57604	2
1.57632	2
1.5766	2
1.57688	2
1.57716	2
1.57744	2
1.57772	2
1.57799	2
1.57827	2
1.57855	2
1.57883	2
1.57911	2
1.57939	2
1.57967	2
1.57994	2
1.58022	2
1.5805	2
1.58078	2
1.58106	2
1.58134	2
1.58162	2
1.58189	2
1.58217	2
1.58245	2
1.58273	2
1.58301	2
1.58329	2
1.58357	2
1.58384	2
1.58412	2
1.5844	2
1.58468	2
1.58496	2
1.58524	2
1.58552	2
1.58579	2
1.58607	2
1.58635	2
1.58663	2
1.58691	2
1.58719	2
1.58747	2
1.58774	2
1.58802	2
1.5883	2
1.58858	2
1.58886	2
1.58914	2
1.58942	2
1.58969	2
1.58997	2
1.59025	2
1.59053	2
1.59081	2
1.59109	2
1.59136	2
1.59164	2
1.59192	2
1.5922	2
1.59248	2
1.59276	2
1.59304	2
1.59331	2
1.59359	2
1.59387	2
1.59415	2
1.59443	2
1.59471	2
1.59499	2
1.59526	2
1.59554	2
1.59582	2
1.5961	2
1.59638	2
1.59666	2
1.59694	2
1.59721	2
1.59749	2
1.59777	2
1.59805	2
1.59833	2
1.59861	2
1.59889	2
1.59916	2
1.59944	2
1.59972	2
1.6	2
1.60028	2
1.60056	2
1.60084	2
1.60111	2
1.60139	2
1.60167	2
1.60195	2
1.60223	2
1.60251	2
1.60279	2
1.60306	2
1.60334	2
1.60362	2
1.6039	2
1.60418	2
1.60446	2
1.60474	2
1.60501	2
1.60529	2
1.60557	2
1.60585	2
1.60613	2
1.60641	2
1.60669	2
1.60696	2
1.60724	2
1.60752	2
1.6078	2
1.60808	2
1.60836	2
1.60864	2
1.60891	2
1.60919	2
1.60947	2
1.60975	2
1.61003	2
1.61031	2
1.61058	2
1.61086	2
1.61114	2
1.61142	2
1.6117	2
1.61198	2
1.61226	2
1.61253	2
1.61281	2
1.61309	2
1.61337	2
1.61365	2
1.61393	2
1.61421	2
1.61448	2
1.61476	2
1.61504	2
1.61532	2
1.6156	2
1.61588	2
1.61616	2
1.61643	2
1.61671	2
1.61699	2
1.61727	2
1.61755	2
1.61783	2
1.61811	2
1.61838	2
1.61866	2
1.61894	2
1.61922	2
1.6195	2
1.61978	2
1.62006	2
1.62033	2
1.62061	2
1.62089	2
1.62117	2
1.62145	2
1.62173	2
1.62201	2
1.62228	2
1.62256	2
1.62284	2
1.62312	2
1.6234	2
1.62368	2
1.62396	2
1.62423	2
1.62451	2
1.62479	2
1.62507	2
1.62535	2
1.62562	2
1.6259	2
1.62618	2
1.62646	2
1.62673	2
1.62701	2
1.62729	2
1.62757	2
1.62784	2
1.62812	2
1.6284	2
1.62868	2
1.62895	2
1.62923	2
1.62951	2
1.62979	2
1.63006	2
1.63034	2
1.63062	2
1.6309	2
1.63117	2
1.63145	2
1.63173	2
1.63201	2
1.63228	2
1.63256	2
1.63284	2
1.63312	2
1.63339	2
1.63367	2
1.63395	2
1.63423	2
1.6345	2
1.63478	2
1.63506	2
1.63534	2
1.63561	2
1.63589	2
1.63617	2
1.63645	2
1.63672	2
1.637	2
1.63728	2
1.63756	2
1.63783	2
1.63811	2
1.63839	2
1.63867	2
1.63894	2
1.63922	2
1.6395	2
1.63978	2
1.64005	2
1.64033	2
1.64061	2
1.64089	2
1.64116	2
1.64144	2
1.64172	2
1.642	2
1.64227	2
1.64255	2
1.64283	2
1.64311	2
1.64338	2
1.64366	2
1.64394	2
1.64422	2
1.64449	2
1.64477	2
1.64505	2
1.64533	2
1.6456	2
1.64588	2
1.64616	2
1.64644	2
1.64671	2
1.64699	2
1.64727	2
1.64755	2
1.64782	2
1.6481	2
1.64838	2
1.64866	2
1.64893	2
1.64921	2
1.64949	2
1.64977	2
1.65005	2
1.65032	2
1.6506	2
1.65088	2
1.65116	2
1.65143	2
1.65171	2
1.65199	2
1.65227	2
1.65254	2
1.65282	2
1.6531	2
1.65338	2
1.65365	2
1.65393	2
1.65421	2
1.65449	2
1.65476	2
1.65504	2
1.65532	2
1.6556	2
1.65587	2
1.65615	2
1.65643	2
1.65671	2
1.65698	2
1.65726	2
1.65754	2
1.65782	2
1.65809	2
1.65837	2
1.65865	2
1.65893	2
1.6592	2
1.65948	2
1.65976	2
1.66004	2
1.66031	2
1.66059	2
1.66087	2
1.66115	2
1.66142	2
1.6617	2
1.66198	2
1.66226	2
1.66253	2
1.66281	2
1.66309	2
1.66337	2
1.66364	2
1.66392	2
1.6642	2
1.66448	2
1.66475	2
1.66503	2
1.66531	2
1.66559	2
1.66586	2
1.66614	2
1.66642	2
1.6667	2
1.66697	2
1.66725	2
1.66753	2
1.66781	2
1.66808	2
1.66836	2
1.66864	2
1.66892	2
1.66919	2
1.66947	2
1.66975	2
1.67003	2
1.6703	2
1.67058	2
1.67086	2
1.67114	2
1.67141	2
1.67169	2
1.67197	2
1.67225	2
1.67252	2
1.6728	2
1.67308	2
1.67336	2
1.67363	2
1.67391	2
1.67419	2
1.67447	2
1.67475	2
1.67502	2
1.6753	2
1.67558	2
1.67586	2
1.67613	2
1.67641	2
1.67669	2
1.67697	2
1.67724	2
1.67752	2
1.6778	2
1.67808	2
1.67835	2
1.67863	2
1.67891	2
1.67919	2
1.67946	2
1.67974	2
1.68002	2
1.6803	2
1.68057	2
1.68085	2
1.68113	2
1.68141	2
1.68168	2
1.68196	2
1.68224	2
1.68252	2
1.68279	2
1.68307	2
1.68335	2
1.68363	2
1.6839	2
1.68418	2
1.68446	2
1.68474	2
1.68501	2
1.68529	2
1.68557	2
1.68585	2
1.68612	2
1.6864	2
1.68668	2
1.68696	2
1.68723	2
1.68751	2
1.68779	2
1.68807	2
1.68834	2
1.68862	2
1.6889	2
1.68918	2
1.68945	2
1.68973	2
1.69001	2
1.69029	2
1.69056	2
1.69084	2
1.69112	2
1.6914	2
1.69167	2
1.69195	2
1.69223	2
1.69251	2
1.69278	2
1.69306	2
1.69334	2
1.69362	2
1.69389	2
1.69417	2
1.69445	2
1.69473	2
1.695	2
1.69528	2
1.69556	2
1.69584	2
1.69611	2
1.69639	2
1.69667	2
1.69695	2
1.69722	2
1.6975	2
1.69778	2
1.69806	2
1.69833	2
1.69861	2
1.69889	2
1.69917	2
1.69944	2
1.69972	2
1.7	2
1.70028	2
1.70056	2
1.70083	2
1.70111	2
1.70139	2
1.70167	2
1.70194	2
1.70222	2
1.7025	2
1.70278	2
1.70306	2
1.70333	2
1.70361	2
1.70389	2
1.70417	2
1.70444	2
1.70472	2
1.705	2
1.70528	2
1.70556	2
1.70583	2
1.70611	2
1.70639	2
1.70667	2
1.70694	2
1.70722	2
1.7075	2
1.70778	2
1.70806	2
1.70833	2
1.70861	2
1.70889	2
1.70917	2
1.70944	2
1.70972	2
1.71	2
1.71028	2
1.71056	2
1.71083	2
1.71111	2
1.71139	2
1.71167	2
1.71194	2
1.71222	2
1.7125	2
1.71278	2
1.71306	2
1.71333	2
1.71361	2
1.71389	2
1.71417	2
1.71444	2
1.71472	2
1.715	2
1.71528	2
1.71556	2
1.71583	2
1.71611	2
1.71639	2
1.71667	2
1.71694	2
1.71722	2
1.7175	2
1.71778	2
1.71806	2
1.71833	2
1.71861	2
1.71889	2
1.71917	2
1.71944	2
1.71972	2
1.72	2
1.72028	2
1.72056	2
1.72083	2
1.72111	2
1.72139	2
1.72167	2
1.72194	2
1.72222	2
1.7225	2
1.72278	2
1.72306	2
1.72333	2
1.72361	2
1.72389	2
1.72417	2
1.72444	2
1.72472	2
1.725	2
1.72528	2
1.72556	2
1.72583	2
1.72611	2
1.72639	2
1.72667	2
1.72694	2
1.72722	2
1.7275	2
1.72778	2
1.72806	2
1.72833	2
1.72861	2
1.72889	2
1.72917	2
1.72944	2
1.72972	2
1.73	2
1.73028	2
1.73056	2
1.73083	2
1.73111	2
1.73139	2
1.73167	2
1.73194	2
1.73222	2
1.7325	2
1.73278	2
1.73306	2
1.73333	2
1.73361	2
1.73389	2
1.73417	2
1.73444	2
1.73472	2
1.735	2
1.73528	2
1.73556	2
1.73583	2
1.73611	2
1.73639	2
1.73667	2
1.73694	2
1.73722	2
1.7375	2
1.73778	2
1.73806	2
1.73833	2
1.73861	2
1.73889	2
1.73917	2
1.73944	2
1.73972	2
1.74	2
1.74028	2
1.74056	2
1.74083	2
1.74111	2
1.74139	2
1.74167	2
1.74194	2
1.74222	2
1.7425	2
1.74278	2
1.74306	2
1.74333	2
1.74361	2
1.74389	2
1.74417	2
1.74444	2
1.74472	2
1.745	2
1.74528	2
1.74556	2
1.74583	2
1.74611	2
1.74639	2
1.74667	2
1.74694	2
1.74722	2
1.7475	2
1.74778	2
1.74806	2
1.74833	2
1.74861	2
1.74889	2
1.74917	2
1.74944	2
1.74972	2
1.75	2
1.75028	2
1.75056	2
1.75083	2
1.75111	2
1.75139	2
1.75167	2
1.75194	2
1.75222	2
1.7525	2
1.75278	2
1.75306	2
1.75333	2
1.75361	2
1.75389	2
1.75417	2
1.75444	2
1.75472	2
1.755	2
1.75528	2
1.75556	2
1.75583	2
1.75611	2
1.75639	2
1.75667	2
1.75694	2
1.75722	2
1.7575	2
1.75778	2
1.75806	2
1.75833	2
1.75861	2
1.75889	2
1.75917	2
1.75944	2
1.75972	2
1.76	2
1.76028	2
1.76056	2
1.76083	2
1.76111	2
1.76139	2
1.76167	2
1.76194	2
1.76222	2
1.7625	2
1.76278	2
1.76306	2
1.76333	2
1.76361	2
1.76388	2
1.76416	2
1.76444	2
1.76471	2
1.76499	2
1.76526	2
1.76554	2
1.76581	2
1.76609	2
1.76637	2
1.76664	2
1.76692	2
1.76719	2
1.76747	2
1.76774	2
1.76802	2
1.7683	2
1.76857	2
1.76885	2
1.76912	2
1.7694	2
1.76967	2
1.76995	2
1.77023	2
1.7705	2
1.77078	2
1.77105	2
1.77133	2
1.7716	2
1.77188	2
1.77216	2
1.77243	2
1.77271	2
1.77298	2
1.77326	2
1.77353	2
1.77381	2
1.77409	2
1.77436	2
1.77464	2
1.77491	2
1.77519	2
1.77546	2
1.77574	2
1.77602	2
1.77629	2
1.77657	2
1.77684	2
1.77712	2
1.77739	2
1.77767	2
1.77794	2
1.77822	2
1.7785	2
1.77877	2
1.77905	2
1.77932	2
1.7796	2
1.77987	2
1.78015	2
1.78043	2
1.7807	2
1.78098	2
1.78125	2
1.78153	2
1.7818	2
1.78208	2
1.78236	2
1.78263	2
1.78291	2
1.78318	2
1.78346	2
1.78373	2
1.78401	2
1.78429	2
1.78456	2
1.78484	2
1.78511	2
1.78539	2
1.78566	2
1.78594	2
1.78622	2
1.78649	2
1.78677	2
1.78704	2
1.78732	2
1.78759	2
1.78787	2
1.78815	2
1.78842	2
1.7887	2
1.78897	2
1.78925	2
1.78952	2
1.7898	2
1.79008	2
1.79035	2
1.79063	2
1.7909	2
1.79118	2
1.79145	2
1.79173	2
1.79201	2
1.79228	2
1.79256	2
1.79283	2
1.79311	2
1.79338	2
1.79366	2
1.79393	2
1.79421	2
1.79449	2
1.79476	2
1.79504	2
1.79531	2
1.79559	2
1.79586	2
1.79614	2
1.79642	2
1.79669	2
1.79697	2
1.79724	2
1.79752	2
1.79779	2
1.79807	2
1.79835	2
1.79862	2
1.7989	2
1.79917	2
1.79945	2
1.79972	2
1.8	2
1.80028	2
1.80055	2
1.80083	2
1.80111	2
1.80139	2
1.80166	2
1.80194	2
1.80222	2
1.80249	2
1.80277	2
1.80305	2
1.80332	2
1.8036	2
1.80388	2
1.80416	2
1.80443	2
1.80471	2
1.80499	2
1.80526	2
1.80554	2
1.80582	2
1.80609	2
1.80637	2
1.80665	2
1.80693	2
1.8072	2
1.80748	2
1.80776	2
1.80803	2
1.80831	2
1.80859	2
1.80886	2
1.80914	2
1.80942	2
1.8097	2
1.80997	2
1.81025	2
1.81053	2
1.8108	2
1.81108	2
1.81136	2
1.81163	2
1.81191	2
1.81219	2
1.81247	2
1.81274	2
1.81302	2
1.8133	2
1.81357	2
1.81385	2
1.81413	2
1.8144	2
1.81468	2
1.81496	2
1.81524	2
1.81551	2
1.81579	2
1.81607	2
1.81634	2
1.81662	2
1.8169	2
1.81717	2
1.81745	2
1.81773	2
1.81801	2
1.81828	2
1.81856	2
1.81884	2
1.81911	2
1.81939	2
1.81967	2
1.81994	2
1.82022	2
1.8205	2
1.82078	2
1.82105	2
1.82133	2
1.82161	2
1.82188	2
1.82216	2
1.82244	2
1.82271	2
1.82299	2
1.82327	2
1.82355	2
1.82382	2
1.8241	2
1.82438	2
1.82465	2
1.82493	2
1.82521	2
1.82548	2
1.82576	2
1.82604	2
1.82632	2
1.82659	2
1.82687	2
1.82715	2
1.82742	2
1.8277	2
1.82798	2
1.82825	2
1.82853	2
1.82881	2
1.82909	2
1.82936	2
1.82964	2
1.82992	2
1.83019	2
1.83047	2
1.83075	2
1.83102	2
1.8313	2
1.83158	2
1.83186	2
1.83213	2
1.83241	2
1.83269	2
1.83296	2
1.83324	2
1.83352	2
1.8338	2
1.83407	2
1.83435	2
1.83463	2
1.8349	2
1.83518	2
1.83546	2
1.83573	2
1.83601	2
1.83629	2
1.83657	2
1.83684	2
1.83712	2
1.8374	2
1.83767	2
1.83795	2
1.83823	2
1.8385	2
1.83878	2
1.83906	2
1.83934	2
1.83961	2
1.83989	2
1.84017	2
1.84044	2
1.84072	2
1.841	2
1.84127	2
1.84155	2
1.84183	2
1.84211	2
1.84238	2
1.84266	2
1.84294	2
1.84321	2
1.84349	2
1.84377	2
1.84404	2
1.84432	2
1.8446	2
1.84488	2
1.84515	2
1.84543	2
1.84571	2
1.84598	2
1.84626	2
1.84654	2
1.84681	2
1.84709	2
1.84737	2
1.84765	2
1.84792	2
1.8482	2
1.84848	2
1.84875	2
1.84903	2
1.84931	2
1.84958	2
1.84986	2
1.85014	2
1.85042	2
1.85069	2
1.85097	2
1.85125	2
1.85152	2
1.8518	2
1.85208	2
1.85235	2
1.85263	2
1.85291	2
1.85319	2
1.85346	2
1.85374	2
1.85402	2
1.85429	2
1.85457	2
1.85485	2
1.85512	2
1.8554	2
1.85568	2
1.85596	2
1.85623	2
1.85651	2
1.85679	2
1.85706	2
1.85734	2
1.85762	2
1.85789	2
1.85817	2
1.85845	2
1.85873	2
1.859	2
1.85928	2
1.85956	2
1.85983	2
1.86011	2
1.86039	2
1.86066	2
1.86094	2
1.86122	2
1.8615	2
1.86177	2
1.86205	2
1.86233	2
1.8626	2
1.86288	2
1.86316	2
1.86343	2
1.86371	2
1.86399	2
1.86427	2
1.86454	2
1.86482	2
1.8651	2
1.86537	2
1.86565	2
1.86593	2
1.8662	2
1.86648	2
1.86676	2
1.86704	2
1.86731	2
1.86759	2
1.86787	2
1.86814	2
1.86842	2
1.8687	2
1.86898	2
1.86925	2
1.86953	2
1.86981	2
1.87008	2
1.87036	2
1.87064	2
1.87091	2
1.87119	2
1.87147	2
1.87175	2
1.87202	2
1.8723	2
1.87258	2
1.87285	2
1.87313	2
1.87341	2
1.87368	2
1.87396	2
1.87424	2
1.87452	2
1.87479	2
1.87507	2
1.87535	2
1.87562	2
1.8759	2
1.87618	2
1.87645	2
1.87673	2
1.87701	2
1.87729	2
1.87756	2
1.87784	2
1.87812	2
1.87839	2
1.87867	2
1.87895	2
1.87922	2
1.8795	2
1.87978	2
1.88006	2
1.88033	2
1.88061	2
1.88089	2
1.88116	2
1.88144	2
1.88172	2
1.88199	2
1.88227	2
1.88255	2
1.88283	2
1.8831	2
1.88338	2
1.88366	2
1.88393	2
1.88421	2
1.88449	2
1.88476	2
1.88504	2
1.88532	2
1.8856	2
1.88587	2
1.88615	2
1.88643	2
1.8867	2
1.88698	2
1.88726	2
1.88753	2
1.88781	2
1.88809	2
1.88837	2
1.88864	2
1.88892	2
1.8892	2
1.88947	2
1.88975	2
1.89003	2
1.8903	2
1.89058	2
1.89086	2
1.89114	2
1.89141	2
1.89169	2
1.89197	2
1.89224	2
1.89252	2
1.8928	2
1.89307	2
1.89335	2
1.89363	2
1.89391	2
1.89418	2
1.89446	2
1.89474	2
1.89501	2
1.89529	2
1.89557	2
1.89584	2
1.89612	2
1.8964	2
1.89668	2
1.89695	2
1.89723	2
1.89751	2
1.89778	2
1.89806	2
1.89834	2
1.89861	2
1.89889	2
1.89917	2
1.89945	2
1.89972	2
1.9	2
1.90028	2
1.90056	2
1.90083	2
1.90111	2
1.90139	2
1.90167	2
1.90194	2
1.90222	2
1.9025	2
1.90278	2
1.90306	2
1.90333	2
1.90361	2
1.90389	2
1.90417	2
1.90444	2
1.90472	2
1.905	2
1.90528	2
1.90556	2
1.90583	2
1.90611	2
1.90639	2
1.90667	2
1.90694	2
1.90722	2
1.9075	2
1.90778	2
1.90806	2
1.90833	2
1.90861	2
1.90889	2
1.90917	2
1.90944	2
1.90972	2
1.91	2
1.91028	2
1.91056	2
1.91083	2
1.91111	2
1.91139	2
1.91167	2
1.91194	2
1.91222	2
1.9125	2
1.91278	2
1.91306	2
1.91333	2
1.91361	2
1.91389	2
1.91417	2
1.91444	2
1.91472	2
1.915	2
1.91528	2
1.91556	2
1.91583	2
1.91611	2
1.91639	2
1.91667	2
1.91694	2
1.91722	2
1.9175	2
1.91778	2
1.91806	2
1.91833	2
1.91861	2
1.91889	2
1.91917	2
1.91944	2
1.91972	2
1.92	2
1.92028	2
1.92056	2
1.92083	2
1.92111	2
1.92139	2
1.92167	2
1.92194	2
1.92222	2
1.9225	2
1.92278	2
1.92306	2
1.92333	2
1.92361	2
1.92389	2
1.92417	2
1.92444	2
1.92472	2
1.925	2
1.92528	2
1.92556	2
1.92583	2
1.92611	2
1.92639	2
1.92667	2
1.92694	2
1.92722	2
1.9275	2
1.92778	2
1.92806	2
1.92833	2
1.92861	2
1.92889	2
1.92917	2
1.92944	2
1.92972	2
1.93	2
1.93028	2
1.93056	2
1.93083	2
1.93111	2
1.93139	2
1.93167	2
1.93194	2
1.93222	2
1.9325	2
1.93278	2
1.93306	2
1.93333	2
1.93361	2
1.93389	2
1.93417	2
1.93444	2
1.93472	2
1.935	2
1.93528	2
1.93556	2
1.93583	2
1.93611	2
1.93639	2
1.93667	2
1.93694	2
1.93722	2
1.9375	2
1.93778	2
1.93806	2
1.93833	2
1.93861	2
1.93889	2
1.93917	2
1.93944	2
1.93972	2
1.94	2
1.94028	2
1.94056	2
1.94083	2
1.94111	2
1.94139	2
1.94167	2
1.94194	2
1.94222	2
1.9425	2
1.94278	2
1.94306	2
1.94333	2
1.94361	2
1.94389	2
1.94417	2
1.94444	2
1.94472	2
1.945	2
1.94528	2
1.94556	2
1.94583	2
1.94611	2
1.94639	2
1.94667	2
1.94694	2
1.94722	2
1.9475	2
1.94778	2
1.94806	2
1.94833	2
1.94861	2
1.94889	2
1.94917	2
1.94944	2
1.94972	2
1.95	2
1.95028	2
1.95056	2
1.95083	2
1.95111	2
1.95139	2
1.95167	2
1.95194	2
1.95222	2
1.9525	2
1.95278	2
1.95306	2
1.95333	2
1.95361	2
1.95389	2
1.95417	2
1.95444	2
1.95472	2
1.955	2
1.95528	2
1.95556	2
1.95583	2
1.95611	2
1.95639	2
1.95667	2
1.95694	2
1.95722	2
1.9575	2
1.95778	2
1.95806	2
1.95833	2
1.95861	2
1.95889	2
1.95917	2
1.95944	2
1.95972	2
1.96	2
1.96028	2
1.96056	2
1.96083	2
1.96111	2
1.96139	2
1.96167	2
1.96194	2
1.96222	2
1.9625	2
1.96278	2
1.96306	2
1.96333	2
1.96361	2
1.96389	2
1.96417	2
1.96444	2
1.96472	2
1.965	2
1.96528	2
1.96556	2
1.96583	2
1.96611	2
1.96639	2
1.96667	2
1.96694	2
1.96722	2
1.9675	2
1.96778	2
1.96806	2
1.96833	2
1.96861	2
1.96889	2
1.96917	2
1.96944	2
1.96972	2
1.97	2
1.97028	2
1.97056	2
1.97083	2
1.97111	2
1.97139	2
1.97167	2
1.97194	2
1.97222	2
1.9725	2
1.97278	2
1.97306	2
1.97333	2
1.97361	2
1.97389	2
1.97417	2
1.97444	2
1.97472	2
1.975	2
1.97528	2
1.97556	2
1.97583	2
1.97611	2
1.97639	2
1.97667	2
1.97694	2
1.97722	2
1.9775	2
1.97778	2
1.97806	2
1.97833	2
1.97861	2
1.97889	2
1.97917	2
1.97944	2
1.97972	2
1.98	2
1.98028	2
1.98056	2
1.98083	2
1.98111	2
1.98139	2
1.98167	2
1.98194	2
1.98222	2
1.9825	2
1.98278	2
1.98306	2
1.98333	2
1.98361	2
1.98389	2
1.98417	2
1.98444	2
1.98472	2
1.985	2
1.98528	2
1.98556	2
1.98583	2
1.98611	2
1.98639	2
1.98667	2
1.98694	2
1.98722	2
1.9875	2
1.98778	2
1.98806	2
1.98833	2
1.98861	2
1.98889	2
1.98917	2
1.98944	2
1.98972	2
1.99	2
1.99028	2
1.99056	2
1.99083	2
1.99111	2
1.99139	2
1.99167	2
1.99194	2
1.99222	2
1.9925	2
1.99278	2
1.99306	2
1.99333	2
1.99361	2
1.99389	2
1.99417	2
1.99444	2
1.99472	2
1.995	2
1.99528	2
1.99556	2
1.99583	2
1.99611	2
1.99639	2
1.99667	2
1.99694	2
1.99722	2
1.9975	2
1.99778	2
1.99806	2
1.99833	2
1.99861	2
1.99889	2
1.99917	2
1.99944	2
1.99972	2
2	2
