	2
0.000274725	2
0.000547199	3
0.000820421	4
0.00109746	4
0.00137843	5
0.00166264	6
0.00194934	6
0.00223858	7
0.0025304	8
0.00282487	8
0.00312114	9
0.00341923	10
0.00371824	10
0.00401912	11
0.00432095	12
0.00462469	12
0.0049294	13
0.00523509	14
0.00554277	14
0.00585146	15
0.00616116	16
0.00647086	16
0.00678158	17
0.00709231	18
0.00740408	18
0.00771585	19
0.00802762	19
0.00833939	20
0.00865223	21
0.00896506	21
0.0092779	22
0.00959073	23
0.00990357	23
0.0102164	24
0.0105292	24
0.0108421	25
0.0111549	26
0.0114677	26
0.0117806	27
0.0120934	28
0.0124062	28
0.0127191	29
0.0130319	29
0.0133448	30
0.0136576	31
0.0139716	31
0.0142855	32
0.0145995	32
0.0149135	33
0.0152274	34
0.0155414	34
0.0158554	35
0.0161694	36
0.0164833	36
0.0167973	37
0.0171113	37
0.0174253	38
0.0177392	39
0.0180532	39
0.0183684	40
0.0186836	41
0.0189987	41
0.0193139	42
0.0196291	42
0.0199443	43
0.0202595	44
0.0205746	44
0.0208898	45
0.021205	45
0.0215214	46
0.0218379	47
0.0221543	47
0.0224708	48
0.0227872	49
0.0231037	49
0.0234201	50
0.0237366	50
0.024053	51
0.0243708	52
0.0246886	52
0.0250063	53
0.0253241	53
0.0256419	54
0.0259596	55
0.0262774	55
0.0265952	56
0.0269129	57
0.0272321	58
0.0275513	58
0.0278704	59
0.0281896	60
0.0285087	60
0.0288279	61
0.029147	62
0.0294662	62
0.0297868	63
0.0301074	64
0.030428	65
0.0307486	65
0.0310692	66
0.0313898	67
0.0317105	67
0.0320311	68
0.0323532	69
0.0326753	69
0.0329974	70
0.0333196	71
0.0336417	71
0.0339638	72
0.0342875	72
0.0346112	73
0.034935	74
0.0352587	74
0.0355824	75
0.0359061	76
0.0362314	76
0.0365568	77
0.0368821	78
0.0372075	78
0.0375345	79
0.0378616	79
0.0381886	80
0.0385156	81
0.0388444	81
0.0391732	82
0.039502	83
0.0398326	83
0.0401632	84
0.0404938	85
0.0408244	85
0.0411568	86
0.0414893	86
0.0418217	87
0.0421561	88
0.0424904	88
0.0428248	89
0.0431611	90
0.0434975	90
0.0438358	91
0.0441741	92
0.0445125	92
0.0448508	93
0.0451891	93
0.0455275	94
0.0458658	95
0.0462042	95
0.0465425	96
0.0468808	97
0.0472192	97
0.0475575	98
0.0478959	99
0.0482342	99
0.0485725	100
0.0489109	100
0.0492492	101
0.0495875	102
0.0499259	102
0.0502642	103
0.0506026	104
0.0509409	104
0.0512792	105
0.0516176	106
0.0519559	106
0.0522943	107
0.0526326	107
0.0529709	108
0.0533093	109
0.0536476	109
0.053986	110
0.0543243	111
0.0546626	111
0.055001	112
0.0553393	113
0.0556776	113
0.056016	114
0.0563543	115
0.0566927	115
0.057031	116
0.0573693	116
0.0577077	117
0.058046	118
0.0583844	118
0.0587227	119
0.059061	120
0.0593994	120
0.0597377	121
0.060076	122
0.0604144	122
0.0607527	123
0.0610911	124
0.0614294	124
0.0617677	125
0.0621061	126
0.0624444	126
0.0627828	127
0.0631211	128
0.0634594	128
0.0637978	129
0.0641361	130
0.0644744	130
0.0648128	131
0.0651511	131
0.0654895	132
0.0658278	133
0.0661661	133
0.0665045	134
0.0668428	135
0.0671812	135
0.0675195	136
0.0678578	137
0.0681962	137
0.0685345	138
0.0688728	139
0.0692112	139
0.0695495	140
0.0698879	141
0.0702262	141
0.0705645	142
0.0709029	143
0.0712412	143
0.0715796	144
0.0719179	145
0.0722562	145
0.0725946	146
0.0729329	147
0.0732713	147
0.0736096	148
0.0739479	149
0.0742863	149
0.0746246	150
0.0749629	151
0.0753013	151
0.0756396	152
0.075978	153
0.0763163	153
0.0766546	154
0.076993	154
0.0773313	155
0.0776697	156
0.078008	156
0.0783463	157
0.0786847	158
0.079023	158
0.0793613	159
0.0796997	160
0.080038	160
0.0803764	161
0.0807147	162
0.081053	162
0.0813914	163
0.0817297	164
0.0820681	164
0.0824064	165
0.0827447	166
0.0830831	166
0.0834214	167
0.0837597	168
0.0840981	168
0.0844364	169
0.0847748	170
0.0851131	170
0.0854514	171
0.0857898	172
0.0861281	173
0.0864665	173
0.0868048	174
0.0871431	175
0.0874815	176
0.0878198	176
0.0881581	177
0.0884965	178
0.0888348	179
0.0891732	179
0.0895115	180
0.0898498	181
0.0901882	181
0.0905265	182
0.0908649	183
0.0912032	184
0.0915415	184
0.0918799	185
0.0922182	186
0.0925566	186
0.0928949	187
0.0932332	188
0.0935716	188
0.0939099	189
0.0942482	190
0.0945866	190
0.0949249	191
0.0952633	192
0.0956016	192
0.0959399	193
0.0962783	194
0.0966166	194
0.096955	195
0.0972933	196
0.0976316	196
0.09797	197
0.0983083	198
0.0986466	198
0.098985	199
0.0993233	200
0.0996617	200
0.1	201
0.100338	202
0.100676	202
0.101014	203
0.101351	204
0.101689	204
0.102027	205
0.102365	206
0.102703	206
0.103041	207
0.103378	208
0.103716	208
0.104054	209
0.104392	210
0.10473	210
0.105068	211
0.105405	212
0.105743	212
0.106081	213
0.106419	214
0.106757	214
0.107095	215
0.107432	215
0.10777	216
0.108108	217
0.108446	217
0.108784	218
0.109122	219
0.109459	219
0.109797	220
0.110135	221
0.110473	221
0.110811	222
0.111149	223
0.111486	223
0.111824	224
0.112162	225
0.1125	225
0.112838	226
0.113176	227
0.113514	227
0.113851	228
0.114189	229
0.114527	229
0.114865	230
0.115203	231
0.115541	231
0.115878	232
0.116216	233
0.116554	233
0.116892	234
0.11723	234
0.117568	235
0.117905	236
0.118243	236
0.118581	237
0.118919	238
0.119257	238
0.119595	239
0.119932	240
0.12027	240
0.120608	241
0.120946	242
0.121284	242
0.121622	243
0.121959	244
0.122297	244
0.122635	245
0.122973	246
0.123311	246
0.123649	247
0.123986	248
0.124324	248
0.124662	249
0.125	250
0.125338	250
0.125676	251
0.126014	251
0.126351	252
0.126689	253
0.127027	253
0.127365	254
0.127703	255
0.128041	255
0.128378	256
0.128716	257
0.129054	257
0.129392	258
0.12973	259
0.130068	259
0.130405	260
0.130743	261
0.131081	261
0.131419	262
0.131757	263
0.132095	263
0.132432	264
0.13277	265
0.133108	266
0.133446	266
0.133784	267
0.134122	268
0.134459	269
0.134797	269
0.135135	270
0.135473	271
0.135811	272
0.136149	272
0.136486	273
0.136824	274
0.137162	275
0.1375	275
0.137838	276
0.138176	277
0.138514	277
0.138851	278
0.139189	279
0.139527	279
0.139865	280
0.140203	280
0.140541	281
0.140878	282
0.141216	282
0.141554	283
0.141892	284
0.14223	284
0.142568	285
0.142905	286
0.143243	286
0.143581	287
0.143919	288
0.144257	288
0.144595	289
0.144932	290
0.14527	290
0.145608	291
0.145946	291
0.146284	292
0.146622	293
0.146959	293
0.147297	294
0.147635	295
0.147973	295
0.148311	296
0.148649	296
0.148986	297
0.149324	298
0.149662	298
0.15	299
0.150338	300
0.150676	300
0.151014	301
0.151351	302
0.151689	302
0.152027	303
0.152365	303
0.152703	304
0.153041	305
0.153378	305
0.153716	306
0.154054	307
0.154392	307
0.15473	308
0.155068	309
0.155405	309
0.155743	310
0.156081	310
0.156419	311
0.156757	312
0.157095	312
0.157432	313
0.15777	314
0.158108	314
0.158446	315
0.158784	316
0.159122	316
0.159459	317
0.159797	318
0.160135	318
0.160473	319
0.160811	319
0.161149	320
0.161486	321
0.161824	321
0.162162	322
0.1625	323
0.162838	323
0.163176	324
0.163514	324
0.163851	325
0.164189	326
0.164527	326
0.164865	327
0.165203	328
0.165541	328
0.165878	329
0.166216	329
0.166554	330
0.166892	331
0.16723	331
0.167568	332
0.167905	333
0.168243	333
0.168581	334
0.168919	335
0.169257	335
0.169595	336
0.169932	336
0.17027	337
0.170608	338
0.170946	338
0.171284	339
0.171622	339
0.171959	340
0.172297	341
0.172635	341
0.172973	342
0.173311	343
0.173649	343
0.173986	344
0.174324	344
0.174662	345
0.175	346
0.175338	346
0.175676	347
0.176014	347
0.176351	348
0.176689	349
0.177027	349
0.177365	350
0.177703	351
0.178041	351
0.178378	352
0.178716	352
0.179054	353
0.179392	354
0.17973	354
0.180068	355
0.180405	355
0.180743	356
0.181081	357
0.181419	357
0.181757	358
0.182095	358
0.182432	359
0.18277	360
0.183108	360
0.183446	361
0.183784	361
0.184122	362
0.184459	363
0.184797	363
0.185135	364
0.185473	364
0.185811	365
0.186149	366
0.186486	366
0.186824	367
0.187162	367
0.1875	368
0.187838	369
0.188176	369
0.188514	370
0.188851	370
0.189189	371
0.189527	372
0.189865	372
0.190203	373
0.190541	374
0.190878	374
0.191216	375
0.191554	375
0.191892	376
0.19223	377
0.192568	377
0.192905	378
0.193243	378
0.193581	379
0.193919	380
0.194257	380
0.194595	381
0.194932	381
0.19527	382
0.195608	383
0.195946	383
0.196284	384
0.196622	384
0.196959	385
0.197297	386
0.197635	386
0.197973	387
0.198311	387
0.198649	388
0.198986	389
0.199324	389
0.199662	390
0.2	391
0.200338	391
0.200676	392
0.201014	392
0.201351	393
0.201689	394
0.202027	394
0.202365	395
0.202703	395
0.203041	396
0.203378	397
0.203716	397
0.204054	398
0.204392	398
0.20473	399
0.205068	400
0.205405	400
0.205743	401
0.206081	401
0.206419	402
0.206757	403
0.207095	403
0.207432	404
0.20777	404
0.208108	405
0.208446	406
0.208784	406
0.209122	407
0.209459	407
0.209797	408
0.210135	408
0.210473	409
0.210811	410
0.211149	410
0.211486	411
0.211824	411
0.212162	412
0.2125	413
0.212838	413
0.213176	414
0.213514	414
0.213851	415
0.214189	416
0.214527	416
0.214865	417
0.215203	417
0.215541	418
0.215878	419
0.216216	419
0.216554	420
0.216892	420
0.21723	421
0.217568	422
0.217905	422
0.218243	423
0.218581	423
0.218919	424
0.219257	424
0.219595	425
0.219932	426
0.22027	426
0.220608	427
0.220946	427
0.221284	428
0.221622	429
0.221959	429
0.222297	430
0.222635	430
0.222973	431
0.223311	432
0.223649	432
0.223986	433
0.224324	433
0.224662	434
0.225	435
0.225338	435
0.225676	436
0.226014	436
0.226351	437
0.226689	437
0.227027	438
0.227365	439
0.227703	439
0.228041	440
0.228378	440
0.228716	441
0.229054	442
0.229392	442
0.22973	443
0.230068	443
0.230405	444
0.230743	445
0.231081	445
0.231419	446
0.231757	446
0.232095	447
0.232432	448
0.23277	448
0.233108	449
0.233446	449
0.233784	450
0.234122	451
0.234459	451
0.234797	452
0.235135	452
0.235473	453
0.235811	453
0.236149	454
0.236486	455
0.236824	455
0.237162	456
0.2375	456
0.237838	457
0.238176	458
0.238514	458
0.238851	459
0.239189	459
0.239527	460
0.239865	461
0.240203	461
0.240541	462
0.240878	462
0.241216	463
0.241554	464
0.241892	464
0.24223	465
0.242568	465
0.242905	466
0.243243	467
0.243581	467
0.243919	468
0.244257	468
0.244595	469
0.244932	469
0.24527	470
0.245608	471
0.245946	471
0.246284	472
0.246622	472
0.246959	473
0.247297	474
0.247635	474
0.247973	475
0.248311	475
0.248649	476
0.248986	477
0.249324	477
0.249662	478
0.25	479
0.250338	479
0.250676	480
0.251014	480
0.251351	481
0.251689	482
0.252027	482
0.252365	483
0.252703	484
0.253041	484
0.253378	485
0.253716	485
0.254054	486
0.254392	487
0.25473	487
0.255068	488
0.255405	489
0.255743	489
0.256081	490
0.256419	491
0.256757	491
0.257095	492
0.257432	493
0.25777	493
0.258108	494
0.258446	495
0.258784	495
0.259122	496
0.259459	496
0.259797	497
0.260135	498
0.260473	498
0.260811	499
0.261149	500
0.261486	500
0.261824	501
0.262162	502
0.2625	502
0.262838	503
0.263176	504
0.263514	504
0.263851	505
0.264189	506
0.264527	506
0.264865	507
0.265203	507
0.265541	508
0.265878	509
0.266216	510
0.266554	510
0.266892	511
0.26723	511
0.267568	512
0.267905	513
0.268243	513
0.268581	514
0.268919	515
0.269257	515
0.269595	516
0.269932	517
0.27027	517
0.270608	518
0.270946	519
0.271284	519
0.271622	520
0.271959	521
0.272297	521
0.272635	522
0.272973	522
0.273311	523
0.273649	524
0.273986	524
0.274324	525
0.274662	526
0.275	526
0.275338	527
0.275676	527
0.276014	528
0.276351	529
0.276689	529
0.277027	530
0.277365	530
0.277703	531
0.278041	532
0.278378	532
0.278716	533
0.279054	533
0.279392	534
0.27973	535
0.280068	535
0.280405	536
0.280743	537
0.281081	537
0.281419	538
0.281757	539
0.282095	539
0.282432	540
0.28277	540
0.283108	541
0.283446	542
0.283784	542
0.284122	543
0.284459	543
0.284797	544
0.285135	544
0.285473	545
0.285811	546
0.286149	546
0.286486	547
0.286824	547
0.287162	548
0.2875	549
0.287838	549
0.288176	550
0.288514	550
0.288851	551
0.289189	552
0.289527	552
0.289865	553
0.290203	553
0.290541	554
0.290878	554
0.291216	555
0.291554	556
0.291892	556
0.29223	557
0.292568	557
0.292905	558
0.293243	559
0.293581	559
0.293919	560
0.294257	560
0.294595	561
0.294932	562
0.29527	562
0.295608	563
0.295946	563
0.296284	564
0.296622	564
0.296959	565
0.297297	566
0.297635	566
0.297973	567
0.298311	567
0.298649	568
0.298986	569
0.299324	569
0.299662	570
0.3	571
0.300338	571
0.300676	572
0.301014	572
0.301351	573
0.301689	574
0.302027	574
0.302365	575
0.302703	575
0.303041	576
0.303378	576
0.303716	577
0.304054	578
0.304392	578
0.30473	579
0.305068	579
0.305405	580
0.305743	581
0.306081	581
0.306419	582
0.306757	582
0.307095	583
0.307432	584
0.30777	584
0.308108	585
0.308446	585
0.308784	586
0.309122	586
0.309459	587
0.309797	588
0.310135	588
0.310473	589
0.310811	589
0.311149	590
0.311486	590
0.311824	591
0.312162	592
0.3125	592
0.312838	593
0.313176	593
0.313514	594
0.313851	595
0.314189	595
0.314527	596
0.314865	596
0.315203	597
0.315541	598
0.315878	598
0.316216	599
0.316554	599
0.316892	600
0.31723	600
0.317568	601
0.317905	602
0.318243	602
0.318581	603
0.318919	603
0.319257	604
0.319595	605
0.319932	605
0.32027	606
0.320608	606
0.320946	607
0.321284	607
0.321622	608
0.321959	609
0.322297	609
0.322635	610
0.322973	610
0.323311	611
0.323649	611
0.323986	612
0.324324	613
0.324662	613
0.325	614
0.325338	614
0.325676	615
0.326014	615
0.326351	616
0.326689	617
0.327027	617
0.327365	618
0.327703	618
0.328041	619
0.328378	619
0.328716	620
0.329054	620
0.329392	621
0.32973	622
0.330068	622
0.330405	623
0.330743	623
0.331081	624
0.331419	624
0.331757	625
0.332095	626
0.332432	626
0.33277	627
0.333108	627
0.333446	628
0.333784	628
0.334122	629
0.334459	630
0.334797	630
0.335135	631
0.335473	631
0.335811	632
0.336149	632
0.336486	633
0.336824	634
0.337162	634
0.3375	635
0.337838	635
0.338176	636
0.338514	636
0.338851	637
0.339189	638
0.339527	638
0.339865	639
0.340203	639
0.340541	640
0.340878	640
0.341216	641
0.341554	642
0.341892	642
0.34223	643
0.342568	643
0.342905	644
0.343243	644
0.343581	645
0.343919	646
0.344257	646
0.344595	647
0.344932	647
0.34527	648
0.345608	648
0.345946	649
0.346284	650
0.346622	650
0.346959	651
0.347297	651
0.347635	652
0.347973	652
0.348311	653
0.348649	654
0.348986	654
0.349324	655
0.349662	655
0.35	656
0.350338	657
0.350676	657
0.351014	658
0.351351	658
0.351689	659
0.352027	660
0.352365	660
0.352703	661
0.353041	661
0.353378	662
0.353716	662
0.354054	663
0.354392	664
0.35473	664
0.355068	665
0.355405	665
0.355743	666
0.356081	667
0.356419	667
0.356757	668
0.357095	668
0.357432	669
0.35777	669
0.358108	670
0.358446	671
0.358784	671
0.359122	672
0.359459	672
0.359797	673
0.360135	674
0.360473	674
0.360811	675
0.361149	676
0.361486	676
0.361824	677
0.362162	677
0.3625	678
0.362838	679
0.363176	679
0.363514	680
0.363851	681
0.364189	681
0.364527	682
0.364865	683
0.365203	683
0.365541	684
0.365878	685
0.366216	685
0.366554	686
0.366892	686
0.36723	687
0.367568	688
0.367905	688
0.368243	689
0.368581	689
0.368919	690
0.369257	690
0.369595	691
0.369932	692
0.37027	692
0.370608	693
0.370946	693
0.371284	694
0.371622	694
0.371959	695
0.372297	696
0.372635	696
0.372973	697
0.373311	697
0.373649	698
0.373986	698
0.374324	699
0.374662	699
0.375	700
0.375338	701
0.375676	701
0.376014	702
0.376351	702
0.376689	703
0.377027	703
0.377365	704
0.377703	705
0.378041	705
0.378378	706
0.378716	706
0.379054	707
0.379392	707
0.37973	708
0.380068	709
0.380405	709
0.380743	710
0.381081	710
0.381419	711
0.381757	711
0.382095	712
0.382432	712
0.38277	713
0.383108	714
0.383446	714
0.383784	715
0.384122	715
0.384459	716
0.384797	716
0.385135	717
0.385473	718
0.385811	718
0.386149	719
0.386486	719
0.386824	720
0.387162	720
0.3875	721
0.387838	722
0.388176	722
0.388514	723
0.388851	723
0.389189	724
0.389527	724
0.389865	725
0.390203	725
0.390541	726
0.390878	727
0.391216	727
0.391554	728
0.391892	728
0.39223	729
0.392568	729
0.392905	730
0.393243	731
0.393581	731
0.393919	732
0.394257	732
0.394595	733
0.394932	733
0.39527	734
0.395608	735
0.395946	735
0.396284	736
0.396622	736
0.396959	737
0.397297	737
0.397635	738
0.397973	739
0.398311	739
0.398649	740
0.398986	740
0.399324	741
0.399662	742
0.4	742
0.400338	743
0.400676	744
0.401014	744
0.401351	745
0.401689	745
0.402027	746
0.402365	747
0.402703	747
0.403041	748
0.403378	748
0.403716	749
0.404054	749
0.404392	750
0.40473	751
0.405068	751
0.405405	752
0.405743	752
0.406081	753
0.406419	753
0.406757	754
0.407095	755
0.407432	755
0.40777	756
0.408108	756
0.408446	757
0.408784	758
0.409122	758
0.409459	759
0.409797	759
0.410135	760
0.410473	760
0.410811	761
0.411149	762
0.411486	762
0.411824	763
0.412162	763
0.4125	764
0.412838	764
0.413176	765
0.413514	766
0.413851	766
0.414189	767
0.414527	767
0.414865	768
0.415203	768
0.415541	769
0.415878	770
0.416216	770
0.416554	771
0.416892	771
0.41723	772
0.417568	773
0.417905	773
0.418243	774
0.418581	775
0.418919	775
0.419257	776
0.419595	776
0.419932	777
0.42027	778
0.420608	778
0.420946	779
0.421284	779
0.421622	780
0.421959	781
0.422297	781
0.422635	782
0.422973	783
0.423311	783
0.423649	784
0.423986	785
0.424324	785
0.424662	786
0.425	786
0.425338	787
0.425676	787
0.426014	788
0.426351	789
0.426689	789
0.427027	790
0.427365	790
0.427703	791
0.428041	791
0.428378	792
0.428716	793
0.429054	793
0.429392	794
0.42973	794
0.430068	795
0.430405	796
0.430743	796
0.431081	797
0.431419	798
0.431757	798
0.432095	799
0.432432	800
0.43277	800
0.433108	801
0.433446	801
0.433784	802
0.434122	803
0.434459	803
0.434797	804
0.435135	804
0.435473	805
0.435811	805
0.436149	806
0.436486	807
0.436824	807
0.437162	808
0.4375	808
0.437838	809
0.438176	809
0.438514	810
0.438851	810
0.439189	811
0.439527	812
0.439865	812
0.440203	813
0.440541	813
0.440878	814
0.441216	814
0.441554	815
0.441892	816
0.44223	816
0.442568	817
0.442905	817
0.443243	818
0.443581	818
0.443919	819
0.444257	819
0.444595	820
0.444932	821
0.44527	821
0.445608	822
0.445946	822
0.446284	823
0.446622	823
0.446959	824
0.447297	824
0.447635	825
0.447973	826
0.448311	826
0.448649	827
0.448986	827
0.449324	828
0.449662	828
0.45	829
0.450338	830
0.450676	830
0.451014	831
0.451351	831
0.451689	832
0.452027	832
0.452365	833
0.452703	834
0.453041	834
0.453378	835
0.453716	835
0.454054	836
0.454392	836
0.45473	837
0.455068	837
0.455405	838
0.455743	839
0.456081	839
0.456419	840
0.456757	840
0.457095	841
0.457432	841
0.45777	842
0.458108	843
0.458446	843
0.458784	844
0.459122	844
0.459459	845
0.459797	845
0.460135	846
0.460473	847
0.460811	847
0.461149	848
0.461486	848
0.461824	849
0.462162	849
0.4625	850
0.462838	850
0.463176	851
0.463514	852
0.463851	852
0.464189	853
0.464527	853
0.464865	854
0.465203	854
0.465541	855
0.465878	856
0.466216	856
0.466554	857
0.466892	857
0.46723	858
0.467568	858
0.467905	859
0.468243	860
0.468581	860
0.468919	861
0.469257	861
0.469595	862
0.469932	862
0.47027	863
0.470608	863
0.470946	864
0.471284	865
0.471622	865
0.471959	866
0.472297	866
0.472635	867
0.472973	867
0.473311	868
0.473649	869
0.473986	869
0.474324	870
0.474662	870
0.475	871
0.475338	872
0.475676	872
0.476014	873
0.476351	873
0.476689	874
0.477027	874
0.477365	875
0.477703	876
0.478041	876
0.478378	877
0.478716	877
0.479054	878
0.479392	878
0.47973	879
0.480068	880
0.480405	880
0.480743	881
0.481081	881
0.481419	882
0.481757	882
0.482095	883
0.482432	883
0.48277	884
0.483108	885
0.483446	885
0.483784	886
0.484122	886
0.484459	887
0.484797	887
0.485135	888
0.485473	889
0.485811	889
0.486149	890
0.486486	890
0.486824	891
0.487162	891
0.4875	892
0.487838	892
0.488176	893
0.488514	894
0.488851	894
0.489189	895
0.489527	895
0.489865	896
0.490203	897
0.490541	897
0.490878	898
0.491216	899
0.491554	899
0.491892	900
0.49223	901
0.492568	901
0.492905	902
0.493243	902
0.493581	903
0.493919	903
0.494257	904
0.494595	905
0.494932	905
0.49527	906
0.495608	907
0.495946	907
0.496284	908
0.496622	908
0.496959	909
0.497297	909
0.497635	910
0.497973	911
0.498311	911
0.498649	912
0.498986	912
0.499324	913
0.499662	914
0.5	915
0.500338	915
0.500676	916
0.501014	916
0.501351	917
0.501689	917
0.502027	918
0.502365	918
0.502703	919
0.503041	920
0.503378	920
0.503716	921
0.504054	921
0.504392	922
0.50473	922
0.505068	923
0.505405	923
0.505743	924
0.506081	924
0.506419	925
0.506757	926
0.507095	926
0.507432	927
0.50777	927
0.508108	928
0.508446	928
0.508784	929
0.509122	929
0.509459	930
0.509797	930
0.510135	931
0.510473	931
0.510811	932
0.511149	933
0.511486	933
0.511824	934
0.512162	934
0.5125	935
0.512838	935
0.513176	936
0.513514	936
0.513851	937
0.514189	938
0.514527	938
0.514865	939
0.515203	939
0.515541	940
0.515878	940
0.516216	941
0.516554	941
0.516892	942
0.51723	942
0.517568	943
0.517905	944
0.518243	944
0.518581	945
0.518919	945
0.519257	946
0.519595	946
0.519932	947
0.52027	948
0.520608	948
0.520946	949
0.521284	949
0.521622	950
0.521959	950
0.522297	951
0.522635	952
0.522973	952
0.523311	953
0.523649	953
0.523986	954
0.524324	954
0.524662	955
0.525	956
0.525338	956
0.525676	957
0.526014	957
0.526351	958
0.526689	959
0.527027	959
0.527365	960
0.527703	960
0.528041	961
0.528378	961
0.528716	962
0.529054	962
0.529392	963
0.52973	964
0.530068	964
0.530405	965
0.530743	965
0.531081	966
0.531419	966
0.531757	967
0.532095	967
0.532432	968
0.53277	969
0.533108	969
0.533446	970
0.533784	970
0.534122	971
0.534459	971
0.534797	972
0.535135	972
0.535473	973
0.535811	973
0.536149	974
0.536486	975
0.536824	975
0.537162	976
0.5375	976
0.537838	977
0.538176	977
0.538514	978
0.538851	978
0.539189	979
0.539527	980
0.539865	980
0.540203	981
0.540541	981
0.540878	982
0.541216	982
0.541554	983
0.541892	983
0.54223	984
0.542568	985
0.542905	985
0.543243	986
0.543581	986
0.543919	987
0.544257	987
0.544595	988
0.544932	989
0.54527	989
0.545608	990
0.545946	990
0.546284	991
0.546622	991
0.546959	992
0.547297	993
0.547635	993
0.547973	994
0.548311	994
0.548649	995
0.548986	995
0.549324	996
0.549662	996
0.55	997
0.550338	997
0.550676	998
0.551014	999
0.551351	999
0.551689	1000
0.552027	1000
0.552365	1001
0.552703	1001
0.553041	1002
0.553378	1002
0.553716	1003
0.554054	1004
0.554392	1004
0.55473	1005
0.555068	1005
0.555405	1006
0.555743	1006
0.556081	1007
0.556419	1007
0.556757	1008
0.557095	1009
0.557432	1009
0.55777	1010
0.558108	1010
0.558446	1011
0.558784	1011
0.559122	1012
0.559459	1013
0.559797	1013
0.560135	1014
0.560473	1014
0.560811	1015
0.561149	1015
0.561486	1016
0.561824	1016
0.562162	1017
0.5625	1018
0.562838	1018
0.563176	1019
0.563514	1019
0.563851	1020
0.564189	1020
0.564527	1021
0.564865	1022
0.565203	1022
0.565541	1023
0.565878	1023
0.566216	1024
0.566554	1024
0.566892	1025
0.56723	1025
0.567568	1026
0.567905	1027
0.568243	1027
0.568581	1028
0.568919	1028
0.569257	1029
0.569595	1029
0.569932	1030
0.57027	1031
0.570608	1031
0.570946	1032
0.571284	1032
0.571622	1033
0.571959	1033
0.572297	1034
0.572635	1034
0.572973	1035
0.573311	1036
0.573649	1036
0.573986	1037
0.574324	1037
0.574662	1038
0.575	1038
0.575338	1039
0.575676	1040
0.576014	1040
0.576351	1041
0.576689	1041
0.577027	1042
0.577365	1042
0.577703	1043
0.578041	1044
0.578378	1044
0.578716	1045
0.579054	1045
0.579392	1046
0.57973	1047
0.580068	1047
0.580405	1048
0.580743	1048
0.581081	1049
0.581419	1050
0.581757	1050
0.582095	1051
0.582432	1051
0.58277	1052
0.583108	1053
0.583446	1053
0.583784	1054
0.584122	1054
0.584459	1055
0.584797	1056
0.585135	1056
0.585473	1057
0.585811	1058
0.586149	1058
0.586486	1059
0.586824	1059
0.587162	1060
0.5875	1060
0.587838	1061
0.588176	1062
0.588514	1062
0.588851	1063
0.589189	1063
0.589527	1064
0.589865	1064
0.590203	1065
0.590541	1066
0.590878	1066
0.591216	1067
0.591554	1067
0.591892	1068
0.59223	1068
0.592568	1069
0.592905	1069
0.593243	1070
0.593581	1071
0.593919	1071
0.594257	1072
0.594595	1072
0.594932	1073
0.59527	1073
0.595608	1074
0.595946	1075
0.596284	1075
0.596622	1076
0.596959	1076
0.597297	1077
0.597635	1078
0.597973	1078
0.598311	1079
0.598649	1080
0.598986	1080
0.599324	1081
0.599662	1081
0.6	1082
0.600338	1083
0.600676	1083
0.601014	1084
0.601351	1085
0.601689	1085
0.602027	1086
0.602365	1086
0.602703	1087
0.603041	1087
0.603378	1088
0.603716	1088
0.604054	1089
0.604392	1090
0.60473	1090
0.605068	1091
0.605405	1091
0.605743	1092
0.606081	1092
0.606419	1093
0.606757	1094
0.607095	1094
0.607432	1095
0.60777	1095
0.608108	1096
0.608446	1096
0.608784	1097
0.609122	1098
0.609459	1098
0.609797	1099
0.610135	1099
0.610473	1100
0.610811	1101
0.611149	1101
0.611486	1102
0.611824	1102
0.612162	1103
0.6125	1103
0.612838	1104
0.613176	1105
0.613514	1105
0.613851	1106
0.614189	1106
0.614527	1107
0.614865	1107
0.615203	1108
0.615541	1108
0.615878	1109
0.616216	1110
0.616554	1110
0.616892	1111
0.61723	1111
0.617568	1112
0.617905	1112
0.618243	1113
0.618581	1114
0.618919	1114
0.619257	1115
0.619595	1115
0.619932	1116
0.62027	1116
0.620608	1117
0.620946	1117
0.621284	1118
0.621622	1119
0.621959	1119
0.622297	1120
0.622635	1120
0.622973	1121
0.623311	1121
0.623649	1122
0.623986	1122
0.624324	1123
0.624662	1124
0.625	1124
0.625338	1125
0.625676	1125
0.626014	1126
0.626351	1126
0.626689	1127
0.627027	1127
0.627365	1128
0.627703	1128
0.628041	1129
0.628378	1130
0.628716	1130
0.629054	1131
0.629392	1131
0.62973	1132
0.630068	1132
0.630405	1133
0.630743	1133
0.631081	1134
0.631419	1135
0.631757	1135
0.632095	1136
0.632432	1136
0.63277	1137
0.633108	1137
0.633446	1138
0.633784	1138
0.634122	1139
0.634459	1140
0.634797	1140
0.635135	1141
0.635473	1141
0.635811	1142
0.636149	1142
0.636486	1143
0.636824	1143
0.637162	1144
0.6375	1145
0.637838	1145
0.638176	1146
0.638514	1146
0.638851	1147
0.639189	1147
0.639527	1148
0.639865	1148
0.640203	1149
0.640541	1150
0.640878	1150
0.641216	1151
0.641554	1151
0.641892	1152
0.64223	1152
0.642568	1153
0.642905	1153
0.643243	1154
0.643581	1155
0.643919	1155
0.644257	1156
0.644595	1156
0.644932	1157
0.64527	1157
0.645608	1158
0.645946	1158
0.646284	1159
0.646622	1160
0.646959	1160
0.647297	1161
0.647635	1161
0.647973	1162
0.648311	1162
0.648649	1163
0.648986	1163
0.649324	1164
0.649662	1165
0.65	1165
0.650338	1166
0.650676	1166
0.651014	1167
0.651351	1167
0.651689	1168
0.652027	1169
0.652365	1169
0.652703	1170
0.653041	1170
0.653378	1171
0.653716	1171
0.654054	1172
0.654392	1173
0.65473	1173
0.655068	1174
0.655405	1174
0.655743	1175
0.656081	1176
0.656419	1176
0.656757	1177
0.657095	1177
0.657432	1178
0.65777	1178
0.658108	1179
0.658446	1180
0.658784	1180
0.659122	1181
0.659459	1181
0.659797	1182
0.660135	1182
0.660473	1183
0.660811	1183
0.661149	1184
0.661486	1185
0.661824	1185
0.662162	1186
0.6625	1186
0.662838	1187
0.663176	1187
0.663514	1188
0.663851	1189
0.664189	1189
0.664527	1190
0.664865	1190
0.665203	1191
0.665541	1191
0.665878	1192
0.666216	1192
0.666554	1193
0.666892	1194
0.66723	1194
0.667568	1195
0.667905	1195
0.668243	1196
0.668581	1196
0.668919	1197
0.669257	1198
0.669595	1198
0.669932	1199
0.67027	1199
0.670608	1200
0.670946	1200
0.671284	1201
0.671622	1201
0.671959	1202
0.672297	1203
0.672635	1203
0.672973	1204
0.673311	1204
0.673649	1205
0.673986	1205
0.674324	1206
0.674662	1206
0.675	1207
0.675338	1208
0.675676	1208
0.676014	1209
0.676351	1209
0.676689	1210
0.677027	1210
0.677365	1211
0.677703	1212
0.678041	1212
0.678378	1213
0.678716	1213
0.679054	1214
0.679392	1214
0.67973	1215
0.680068	1215
0.680405	1216
0.680743	1217
0.681081	1217
0.681419	1218
0.681757	1218
0.682095	1219
0.682432	1219
0.68277	1220
0.683108	1220
0.683446	1221
0.683784	1222
0.684122	1222
0.684459	1223
0.684797	1223
0.685135	1224
0.685473	1224
0.685811	1225
0.686149	1225
0.686486	1226
0.686824	1227
0.687162	1227
0.6875	1228
0.687838	1228
0.688176	1229
0.688514	1229
0.688851	1230
0.689189	1230
0.689527	1231
0.689865	1232
0.690203	1232
0.690541	1233
0.690878	1233
0.691216	1234
0.691554	1234
0.691892	1235
0.69223	1236
0.692568	1236
0.692905	1237
0.693243	1237
0.693581	1238
0.693919	1238
0.694257	1239
0.694595	1239
0.694932	1240
0.69527	1241
0.695608	1241
0.695946	1242
0.696284	1242
0.696622	1243
0.696959	1243
0.697297	1244
0.697635	1244
0.697973	1245
0.698311	1246
0.698649	1246
0.698986	1247
0.699324	1247
0.699662	1248
0.7	1249
0.700338	1249
0.700676	1250
0.701014	1250
0.701351	1251
0.701689	1251
0.702027	1252
0.702365	1253
0.702703	1253
0.703041	1254
0.703378	1254
0.703716	1255
0.704054	1255
0.704392	1256
0.70473	1257
0.705068	1257
0.705405	1258
0.705743	1258
0.706081	1259
0.706419	1259
0.706757	1260
0.707095	1260
0.707432	1261
0.70777	1262
0.708108	1262
0.708446	1263
0.708784	1263
0.709122	1264
0.709459	1264
0.709797	1265
0.710135	1265
0.710473	1266
0.710811	1267
0.711149	1267
0.711486	1268
0.711824	1268
0.712162	1269
0.7125	1269
0.712838	1270
0.713176	1271
0.713514	1271
0.713851	1272
0.714189	1272
0.714527	1273
0.714865	1274
0.715203	1274
0.715541	1275
0.715878	1275
0.716216	1276
0.716554	1276
0.716892	1277
0.71723	1278
0.717568	1278
0.717905	1279
0.718243	1279
0.718581	1280
0.718919	1280
0.719257	1281
0.719595	1282
0.719932	1282
0.72027	1283
0.720608	1283
0.720946	1284
0.721284	1284
0.721622	1285
0.721959	1285
0.722297	1286
0.722635	1287
0.722973	1287
0.723311	1288
0.723649	1288
0.723986	1289
0.724324	1289
0.724662	1290
0.725	1291
0.725338	1291
0.725676	1292
0.726014	1292
0.726351	1293
0.726689	1293
0.727027	1294
0.727365	1294
0.727703	1295
0.728041	1295
0.728378	1296
0.728716	1297
0.729054	1297
0.729392	1298
0.72973	1298
0.730068	1299
0.730405	1299
0.730743	1300
0.731081	1301
0.731419	1301
0.731757	1302
0.732095	1303
0.732432	1303
0.73277	1304
0.733108	1305
0.733446	1305
0.733784	1306
0.734122	1306
0.734459	1307
0.734797	1308
0.735135	1308
0.735473	1309
0.735811	1309
0.736149	1310
0.736486	1311
0.736824	1311
0.737162	1312
0.7375	1312
0.737838	1313
0.738176	1313
0.738514	1314
0.738851	1315
0.739189	1315
0.739527	1316
0.739865	1316
0.740203	1317
0.740541	1317
0.740878	1318
0.741216	1319
0.741554	1319
0.741892	1320
0.74223	1320
0.742568	1321
0.742905	1321
0.743243	1322
0.743581	1323
0.743919	1323
0.744257	1324
0.744595	1324
0.744932	1325
0.74527	1325
0.745608	1326
0.745946	1327
0.746284	1327
0.746622	1328
0.746959	1328
0.747297	1329
0.747635	1329
0.747973	1330
0.748311	1331
0.748649	1331
0.748986	1332
0.749324	1332
0.749662	1333
0.75	1333
0.750338	1334
0.750676	1335
0.751014	1335
0.751351	1336
0.751689	1336
0.752027	1337
0.752365	1337
0.752703	1338
0.753041	1339
0.753378	1339
0.753716	1340
0.754054	1340
0.754392	1341
0.75473	1341
0.755068	1342
0.755405	1342
0.755743	1343
0.756081	1344
0.756419	1344
0.756757	1345
0.757095	1345
0.757432	1346
0.75777	1346
0.758108	1347
0.758446	1348
0.758784	1348
0.759122	1349
0.759459	1349
0.759797	1350
0.760135	1350
0.760473	1351
0.760811	1352
0.761149	1352
0.761486	1353
0.761824	1353
0.762162	1354
0.7625	1354
0.762838	1355
0.763176	1355
0.763514	1356
0.763851	1357
0.764189	1357
0.764527	1358
0.764865	1358
0.765203	1359
0.765541	1359
0.765878	1360
0.766216	1361
0.766554	1361
0.766892	1362
0.76723	1362
0.767568	1363
0.767905	1363
0.768243	1364
0.768581	1365
0.768919	1365
0.769257	1366
0.769595	1366
0.769932	1367
0.77027	1367
0.770608	1368
0.770946	1368
0.771284	1369
0.771622	1370
0.771959	1370
0.772297	1371
0.772635	1371
0.772973	1372
0.773311	1372
0.773649	1373
0.773986	1374
0.774324	1374
0.774662	1375
0.775	1375
0.775338	1376
0.775676	1376
0.776014	1377
0.776351	1378
0.776689	1378
0.777027	1379
0.777365	1379
0.777703	1380
0.778041	1380
0.778378	1381
0.778716	1382
0.779054	1382
0.779392	1383
0.77973	1383
0.780068	1384
0.780405	1384
0.780743	1385
0.781081	1385
0.781419	1386
0.781757	1387
0.782095	1387
0.782432	1388
0.78277	1388
0.783108	1389
0.783446	1389
0.783784	1390
0.784122	1391
0.784459	1391
0.784797	1392
0.785135	1392
0.785473	1393
0.785811	1393
0.786149	1394
0.786486	1395
0.786824	1395
0.787162	1396
0.7875	1396
0.787838	1397
0.788176	1397
0.788514	1398
0.788851	1399
0.789189	1399
0.789527	1400
0.789865	1400
0.790203	1401
0.790541	1402
0.790878	1402
0.791216	1403
0.791554	1403
0.791892	1404
0.79223	1404
0.792568	1405
0.792905	1406
0.793243	1406
0.793581	1407
0.793919	1407
0.794257	1408
0.794595	1408
0.794932	1409
0.79527	1409
0.795608	1410
0.795946	1411
0.796284	1411
0.796622	1412
0.796959	1412
0.797297	1413
0.797635	1413
0.797973	1414
0.798311	1415
0.798649	1415
0.798986	1416
0.799324	1416
0.799662	1417
0.8	1418
0.800338	1418
0.800676	1419
0.801014	1419
0.801351	1420
0.801689	1421
0.802027	1421
0.802365	1422
0.802703	1422
0.803041	1423
0.803378	1423
0.803716	1424
0.804054	1425
0.804392	1425
0.80473	1426
0.805068	1426
0.805405	1427
0.805743	1427
0.806081	1428
0.806419	1428
0.806757	1429
0.807095	1430
0.807432	1430
0.80777	1431
0.808108	1431
0.808446	1432
0.808784	1432
0.809122	1433
0.809459	1434
0.809797	1434
0.810135	1435
0.810473	1435
0.810811	1436
0.811149	1436
0.811486	1437
0.811824	1437
0.812162	1438
0.8125	1439
0.812838	1439
0.813176	1440
0.813514	1440
0.813851	1441
0.814189	1441
0.814527	1442
0.814865	1443
0.815203	1443
0.815541	1444
0.815878	1444
0.816216	1445
0.816554	1446
0.816892	1446
0.81723	1447
0.817568	1448
0.817905	1448
0.818243	1449
0.818581	1449
0.818919	1450
0.819257	1451
0.819595	1451
0.819932	1452
0.82027	1452
0.820608	1453
0.820946	1454
0.821284	1454
0.821622	1455
0.821959	1456
0.822297	1456
0.822635	1457
0.822973	1457
0.823311	1458
0.823649	1459
0.823986	1459
0.824324	1460
0.824662	1460
0.825	1461
0.825338	1462
0.825676	1462
0.826014	1463
0.826351	1464
0.826689	1464
0.827027	1465
0.827365	1465
0.827703	1466
0.828041	1466
0.828378	1467
0.828716	1468
0.829054	1468
0.829392	1469
0.82973	1469
0.830068	1470
0.830405	1470
0.830743	1471
0.831081	1472
0.831419	1472
0.831757	1473
0.832095	1473
0.832432	1474
0.83277	1474
0.833108	1475
0.833446	1475
0.833784	1476
0.834122	1477
0.834459	1477
0.834797	1478
0.835135	1478
0.835473	1479
0.835811	1479
0.836149	1480
0.836486	1481
0.836824	1481
0.837162	1482
0.8375	1482
0.837838	1483
0.838176	1483
0.838514	1484
0.838851	1485
0.839189	1485
0.839527	1486
0.839865	1486
0.840203	1487
0.840541	1487
0.840878	1488
0.841216	1488
0.841554	1489
0.841892	1490
0.84223	1490
0.842568	1491
0.842905	1491
0.843243	1492
0.843581	1493
0.843919	1493
0.844257	1494
0.844595	1494
0.844932	1495
0.84527	1495
0.845608	1496
0.845946	1497
0.846284	1497
0.846622	1498
0.846959	1498
0.847297	1499
0.847635	1499
0.847973	1500
0.848311	1501
0.848649	1501
0.848986	1502
0.849324	1502
0.849662	1503
0.85	1503
0.850338	1504
0.850676	1505
0.851014	1505
0.851351	1506
0.851689	1506
0.852027	1507
0.852365	1507
0.852703	1508
0.853041	1509
0.853378	1509
0.853716	1510
0.854054	1510
0.854392	1511
0.85473	1511
0.855068	1512
0.855405	1512
0.855743	1513
0.856081	1514
0.856419	1514
0.856757	1515
0.857095	1515
0.857432	1516
0.85777	1516
0.858108	1517
0.858446	1518
0.858784	1518
0.859122	1519
0.859459	1519
0.859797	1520
0.860135	1520
0.860473	1521
0.860811	1522
0.861149	1522
0.861486	1523
0.861824	1523
0.862162	1524
0.8625	1524
0.862838	1525
0.863176	1525
0.863514	1526
0.863851	1527
0.864189	1527
0.864527	1528
0.864865	1528
0.865203	1529
0.865541	1529
0.865878	1530
0.866216	1531
0.866554	1531
0.866892	1532
0.86723	1532
0.867568	1533
0.867905	1533
0.868243	1534
0.868581	1535
0.868919	1535
0.869257	1536
0.869595	1536
0.869932	1537
0.87027	1537
0.870608	1538
0.870946	1538
0.871284	1539
0.871622	1540
0.871959	1540
0.872297	1541
0.872635	1541
0.872973	1542
0.873311	1542
0.873649	1543
0.873986	1544
0.874324	1544
0.874662	1545
0.875	1545
0.875338	1546
0.875676	1546
0.876014	1547
0.876351	1547
0.876689	1548
0.877027	1549
0.877365	1549
0.877703	1550
0.878041	1550
0.878378	1551
0.878716	1551
0.879054	1552
0.879392	1553
0.87973	1553
0.880068	1554
0.880405	1554
0.880743	1555
0.881081	1555
0.881419	1556
0.881757	1557
0.882095	1557
0.882432	1558
0.88277	1558
0.883108	1559
0.883446	1559
0.883784	1560
0.884122	1560
0.884459	1561
0.884797	1562
0.885135	1562
0.885473	1563
0.885811	1563
0.886149	1564
0.886486	1564
0.886824	1565
0.887162	1566
0.8875	1566
0.887838	1567
0.888176	1567
0.888514	1568
0.888851	1568
0.889189	1569
0.889527	1570
0.889865	1570
0.890203	1571
0.890541	1571
0.890878	1572
0.891216	1572
0.891554	1573
0.891892	1573
0.89223	1574
0.892568	1575
0.892905	1575
0.893243	1576
0.893581	1576
0.893919	1577
0.894257	1577
0.894595	1578
0.894932	1579
0.89527	1579
0.895608	1580
0.895946	1580
0.896284	1581
0.896622	1581
0.896959	1582
0.897297	1583
0.897635	1583
0.897973	1584
0.898311	1584
0.898649	1585
0.898986	1585
0.899324	1586
0.899662	1587
0.9	1587
0.900338	1588
0.900676	1589
0.901014	1589
0.901351	1590
0.901689	1590
0.902027	1591
0.902365	1591
0.902703	1592
0.903041	1593
0.903378	1593
0.903716	1594
0.904054	1594
0.904392	1595
0.90473	1595
0.905068	1596
0.905405	1596
0.905743	1597
0.906081	1598
0.906419	1598
0.906757	1599
0.907095	1600
0.907432	1600
0.90777	1601
0.908108	1602
0.908446	1602
0.908784	1603
0.909122	1603
0.909459	1604
0.909797	1605
0.910135	1605
0.910473	1606
0.910811	1606
0.911149	1607
0.911486	1607
0.911824	1608
0.912162	1609
0.9125	1609
0.912838	1610
0.913176	1610
0.913514	1611
0.913851	1612
0.914189	1612
0.914527	1613
0.914865	1613
0.915203	1614
0.915541	1615
0.915878	1615
0.916216	1616
0.916554	1617
0.916892	1617
0.91723	1618
0.917568	1618
0.917905	1619
0.918243	1619
0.918581	1620
0.918919	1621
0.919257	1621
0.919595	1622
0.919932	1622
0.92027	1623
0.920608	1623
0.920946	1624
0.921284	1625
0.921622	1625
0.921959	1626
0.922297	1626
0.922635	1627
0.922973	1627
0.923311	1628
0.923649	1629
0.923986	1629
0.924324	1630
0.924662	1630
0.925	1631
0.925338	1631
0.925676	1632
0.926014	1632
0.926351	1633
0.926689	1634
0.927027	1634
0.927365	1635
0.927703	1635
0.928041	1636
0.928378	1636
0.928716	1637
0.929054	1638
0.929392	1638
0.92973	1639
0.930068	1639
0.930405	1640
0.930743	1640
0.931081	1641
0.931419	1642
0.931757	1642
0.932095	1643
0.932432	1643
0.93277	1644
0.933108	1644
0.933446	1645
0.933784	1645
0.934122	1646
0.934459	1647
0.934797	1647
0.935135	1648
0.935473	1648
0.935811	1649
0.936149	1649
0.936486	1650
0.936824	1651
0.937162	1651
0.9375	1652
0.937838	1652
0.938176	1653
0.938514	1653
0.938851	1654
0.939189	1655
0.939527	1655
0.939865	1656
0.940203	1656
0.940541	1657
0.940878	1657
0.941216	1658
0.941554	1659
0.941892	1659
0.94223	1660
0.942568	1660
0.942905	1661
0.943243	1661
0.943581	1662
0.943919	1662
0.944257	1663
0.944595	1664
0.944932	1664
0.94527	1665
0.945608	1665
0.945946	1666
0.946284	1666
0.946622	1667
0.946959	1668
0.947297	1668
0.947635	1669
0.947973	1669
0.948311	1670
0.948649	1670
0.948986	1671
0.949324	1672
0.949662	1672
0.95	1673
0.950338	1673
0.950676	1674
0.951014	1674
0.951351	1675
0.951689	1675
0.952027	1676
0.952365	1677
0.952703	1677
0.953041	1678
0.953378	1678
0.953716	1679
0.954054	1679
0.954392	1680
0.95473	1681
0.955068	1681
0.955405	1682
0.955743	1682
0.956081	1683
0.956419	1683
0.956757	1684
0.957095	1685
0.957432	1685
0.95777	1686
0.958108	1686
0.958446	1687
0.958784	1687
0.959122	1688
0.959459	1689
0.959797	1689
0.960135	1690
0.960473	1690
0.960811	1691
0.961149	1691
0.961486	1692
0.961824	1693
0.962162	1693
0.9625	1694
0.962838	1694
0.963176	1695
0.963514	1695
0.963851	1696
0.964189	1696
0.964527	1697
0.964865	1698
0.965203	1698
0.965541	1699
0.965878	1699
0.966216	1700
0.966554	1700
0.966892	1701
0.96723	1702
0.967568	1702
0.967905	1703
0.968243	1703
0.968581	1704
0.968919	1704
0.969257	1705
0.969595	1706
0.969932	1706
0.97027	1707
0.970608	1707
0.970946	1708
0.971284	1708
0.971622	1709
0.971959	1709
0.972297	1710
0.972635	1711
0.972973	1711
0.973311	1712
0.973649	1712
0.973986	1713
0.974324	1713
0.974662	1714
0.975	1715
0.975338	1715
0.975676	1716
0.976014	1716
0.976351	1717
0.976689	1717
0.977027	1718
0.977365	1718
0.977703	1719
0.978041	1720
0.978378	1720
0.978716	1721
0.979054	1721
0.979392	1722
0.97973	1722
0.980068	1723
0.980405	1724
0.980743	1724
0.981081	1725
0.981419	1725
0.981757	1726
0.982095	1726
0.982432	1727
0.98277	1728
0.983108	1728
0.983446	1729
0.983784	1729
0.984122	1730
0.984459	1730
0.984797	1731
0.985135	1732
0.985473	1732
0.985811	1733
0.986149	1733
0.986486	1734
0.986824	1734
0.987162	1735
0.9875	1735
0.987838	1736
0.988176	1737
0.988514	1737
0.988851	1738
0.989189	1738
0.989527	1739
0.989865	1739
0.990203	1740
0.990541	1741
0.990878	1741
0.991216	1742
0.991554	1742
0.991892	1743
0.99223	1743
0.992568	1744
0.992905	1745
0.993243	1745
0.993581	1746
0.993919	1746
0.994257	1747
0.994595	1747
0.994932	1748
0.99527	1748
0.995608	1749
0.995946	1750
0.996284	1750
0.996622	1751
0.996959	1751
0.997297	1752
0.997635	1752
0.997973	1753
0.998311	1754
0.998649	1754
0.998986	1755
0.999324	1755
0.999662	1756
1	1757
1.00034	1757
1.00068	1758
1.00101	1758
1.00135	1759
1.00169	1760
1.00203	1760
1.00236	1761
1.0027	1761
1.00304	1762
1.00338	1762
1.00372	1763
1.00405	1764
1.00439	1764
1.00473	1765
1.00507	1765
1.00541	1766
1.00574	1766
1.00608	1767
1.00642	1768
1.00676	1768
1.00709	1769
1.00743	1769
1.00777	1770
1.00811	1770
1.00845	1771
1.00878	1772
1.00912	1772
1.00946	1773
1.0098	1773
1.01014	1774
1.01047	1774
1.01081	1775
1.01115	1776
1.01149	1776
1.01182	1777
1.01216	1777
1.0125	1778
1.01284	1779
1.01318	1779
1.01351	1780
1.01385	1780
1.01419	1781
1.01453	1781
1.01486	1782
1.0152	1783
1.01554	1783
1.01588	1784
1.01622	1784
1.01655	1785
1.01689	1785
1.01723	1786
1.01757	1787
1.01791	1787
1.01824	1788
1.01858	1788
1.01892	1789
1.01926	1789
1.01959	1790
1.01993	1791
1.02027	1791
1.02061	1792
1.02095	1792
1.02128	1793
1.02162	1793
1.02196	1794
1.0223	1795
1.02264	1795
1.02297	1796
1.02331	1796
1.02365	1797
1.02399	1797
1.02432	1798
1.02466	1799
1.025	1799
1.02534	1800
1.02568	1800
1.02601	1801
1.02635	1802
1.02669	1802
1.02703	1803
1.02736	1803
1.0277	1804
1.02804	1804
1.02838	1805
1.02872	1806
1.02905	1806
1.02939	1807
1.02973	1807
1.03007	1808
1.03041	1809
1.03074	1809
1.03108	1810
1.03142	1810
1.03176	1811
1.03209	1811
1.03243	1812
1.03277	1812
1.03311	1813
1.03345	1814
1.03378	1814
1.03412	1815
1.03446	1815
1.0348	1816
1.03514	1816
1.03547	1817
1.03581	1818
1.03615	1818
1.03649	1819
1.03682	1819
1.03716	1820
1.0375	1821
1.03784	1821
1.03818	1822
1.03851	1823
1.03885	1823
1.03919	1824
1.03953	1825
1.03986	1825
1.0402	1826
1.04054	1826
1.04088	1827
1.04122	1828
1.04155	1828
1.04189	1829
1.04223	1829
1.04257	1830
1.04291	1831
1.04324	1831
1.04358	1832
1.04392	1832
1.04426	1833
1.04459	1834
1.04493	1834
1.04527	1835
1.04561	1835
1.04595	1836
1.04628	1836
1.04662	1837
1.04696	1838
1.0473	1838
1.04764	1839
1.04797	1839
1.04831	1840
1.04865	1840
1.04899	1841
1.04932	1841
1.04966	1842
1.05	1843
1.05034	1843
1.05068	1844
1.05101	1844
1.05135	1845
1.05169	1845
1.05203	1846
1.05236	1847
1.0527	1847
1.05304	1848
1.05338	1848
1.05372	1849
1.05405	1849
1.05439	1850
1.05473	1851
1.05507	1851
1.05541	1852
1.05574	1852
1.05608	1853
1.05642	1853
1.05676	1854
1.05709	1854
1.05743	1855
1.05777	1856
1.05811	1856
1.05845	1857
1.05878	1857
1.05912	1858
1.05946	1858
1.0598	1859
1.06014	1860
1.06047	1860
1.06081	1861
1.06115	1861
1.06149	1862
1.06182	1862
1.06216	1863
1.0625	1864
1.06284	1864
1.06318	1865
1.06351	1865
1.06385	1866
1.06419	1867
1.06453	1867
1.06486	1868
1.0652	1868
1.06554	1869
1.06588	1870
1.06622	1870
1.06655	1871
1.06689	1871
1.06723	1872
1.06757	1873
1.06791	1873
1.06824	1874
1.06858	1874
1.06892	1875
1.06926	1875
1.06959	1876
1.06993	1877
1.07027	1877
1.07061	1878
1.07095	1878
1.07128	1879
1.07162	1879
1.07196	1880
1.0723	1881
1.07264	1881
1.07297	1882
1.07331	1882
1.07365	1883
1.07399	1884
1.07432	1884
1.07466	1885
1.075	1886
1.07534	1886
1.07568	1887
1.07601	1887
1.07635	1888
1.07669	1889
1.07703	1889
1.07736	1890
1.0777	1890
1.07804	1891
1.07838	1891
1.07872	1892
1.07905	1893
1.07939	1893
1.07973	1894
1.08007	1895
1.08041	1896
1.08074	1896
1.08108	1897
1.08142	1897
1.08176	1898
1.08209	1898
1.08243	1899
1.08277	1900
1.08311	1900
1.08345	1901
1.08378	1901
1.08412	1902
1.08446	1902
1.0848	1903
1.08514	1904
1.08547	1904
1.08581	1905
1.08615	1905
1.08649	1906
1.08682	1906
1.08716	1907
1.0875	1908
1.08784	1908
1.08818	1909
1.08851	1909
1.08885	1910
1.08919	1910
1.08953	1911
1.08986	1911
1.0902	1912
1.09054	1913
1.09088	1913
1.09122	1914
1.09155	1914
1.09189	1915
1.09223	1915
1.09257	1916
1.09291	1917
1.09324	1917
1.09358	1918
1.09392	1918
1.09426	1919
1.09459	1919
1.09493	1920
1.09527	1921
1.09561	1921
1.09595	1922
1.09628	1922
1.09662	1923
1.09696	1923
1.0973	1924
1.09764	1924
1.09797	1925
1.09831	1926
1.09865	1926
1.09899	1927
1.09932	1927
1.09966	1928
1.1	1929
1.10034	1929
1.10068	1930
1.10101	1931
1.10135	1931
1.10169	1932
1.10203	1932
1.10236	1933
1.1027	1933
1.10304	1934
1.10338	1934
1.10372	1935
1.10405	1936
1.10439	1936
1.10473	1937
1.10507	1937
1.10541	1938
1.10574	1938
1.10608	1939
1.10642	1940
1.10676	1940
1.10709	1941
1.10743	1941
1.10777	1942
1.10811	1942
1.10845	1943
1.10878	1944
1.10912	1944
1.10946	1945
1.1098	1945
1.11014	1946
1.11047	1946
1.11081	1947
1.11115	1948
1.11149	1948
1.11182	1949
1.11216	1949
1.1125	1950
1.11284	1950
1.11318	1951
1.11351	1951
1.11385	1952
1.11419	1953
1.11453	1953
1.11486	1954
1.1152	1954
1.11554	1955
1.11588	1955
1.11622	1956
1.11655	1957
1.11689	1957
1.11723	1958
1.11757	1958
1.11791	1959
1.11824	1960
1.11858	1960
1.11892	1961
1.11926	1962
1.11959	1962
1.11993	1963
1.12027	1964
1.12061	1964
1.12095	1965
1.12128	1965
1.12162	1966
1.12196	1967
1.1223	1967
1.12264	1968
1.12297	1968
1.12331	1969
1.12365	1970
1.12399	1970
1.12432	1971
1.12466	1971
1.125	1972
1.12534	1972
1.12568	1973
1.12601	1974
1.12635	1974
1.12669	1975
1.12703	1975
1.12736	1976
1.1277	1976
1.12804	1977
1.12838	1978
1.12872	1978
1.12905	1979
1.12939	1979
1.12973	1980
1.13007	1980
1.13041	1981
1.13074	1981
1.13108	1982
1.13142	1983
1.13176	1983
1.13209	1984
1.13243	1984
1.13277	1985
1.13311	1985
1.13345	1986
1.13378	1987
1.13412	1987
1.13446	1988
1.1348	1988
1.13514	1989
1.13547	1989
1.13581	1990
1.13615	1991
1.13649	1991
1.13682	1992
1.13716	1992
1.1375	1993
1.13784	1993
1.13818	1994
1.13851	1994
1.13885	1995
1.13919	1996
1.13953	1996
1.13986	1997
1.1402	1997
1.14054	1998
1.14088	1998
1.14122	1999
1.14155	2000
1.14189	2000
1.14223	2001
1.14257	2001
1.14291	2002
1.14324	2002
1.14358	2003
1.14392	2004
1.14426	2004
1.14459	2005
1.14493	2005
1.14527	2006
1.14561	2006
1.14595	2007
1.14628	2007
1.14662	2008
1.14696	2009
1.1473	2009
1.14764	2010
1.14797	2010
1.14831	2011
1.14865	2011
1.14899	2012
1.14932	2013
1.14966	2013
1.15	2014
1.15034	2014
1.15068	2015
1.15101	2015
1.15135	2016
1.15169	2017
1.15203	2017
1.15236	2018
1.1527	2018
1.15304	2019
1.15338	2019
1.15372	2020
1.15405	2020
1.15439	2021
1.15473	2022
1.15507	2022
1.15541	2023
1.15574	2023
1.15608	2024
1.15642	2024
1.15676	2025
1.15709	2026
1.15743	2026
1.15777	2027
1.15811	2027
1.15845	2028
1.15878	2028
1.15912	2029
1.15946	2030
1.1598	2030
1.16014	2031
1.16047	2031
1.16081	2032
1.16115	2032
1.16149	2033
1.16182	2034
1.16216	2034
1.1625	2035
1.16284	2035
1.16318	2036
1.16351	2036
1.16385	2037
1.16419	2038
1.16453	2038
1.16486	2039
1.1652	2039
1.16554	2040
1.16588	2040
1.16622	2041
1.16655	2042
1.16689	2042
1.16723	2043
1.16757	2043
1.16791	2044
1.16824	2044
1.16858	2045
1.16892	2045
1.16926	2046
1.16959	2047
1.16993	2047
1.17027	2048
1.17061	2048
1.17095	2049
1.17128	2049
1.17162	2050
1.17196	2051
1.1723	2051
1.17264	2052
1.17297	2052
1.17331	2053
1.17365	2053
1.17399	2054
1.17432	2055
1.17466	2055
1.175	2056
1.17534	2056
1.17568	2057
1.17601	2057
1.17635	2058
1.17669	2059
1.17703	2059
1.17736	2060
1.1777	2060
1.17804	2061
1.17838	2062
1.17872	2062
1.17905	2063
1.17939	2064
1.17973	2064
1.18007	2065
1.18041	2066
1.18074	2066
1.18108	2067
1.18142	2068
1.18176	2068
1.18209	2069
1.18243	2069
1.18277	2070
1.18311	2070
1.18345	2071
1.18378	2072
1.18412	2072
1.18446	2073
1.1848	2073
1.18514	2074
1.18547	2074
1.18581	2075
1.18615	2076
1.18649	2076
1.18682	2077
1.18716	2077
1.1875	2078
1.18784	2078
1.18818	2079
1.18851	2080
1.18885	2080
1.18919	2081
1.18953	2081
1.18986	2082
1.1902	2082
1.19054	2083
1.19088	2083
1.19122	2084
1.19155	2085
1.19189	2085
1.19223	2086
1.19257	2086
1.19291	2087
1.19324	2087
1.19358	2088
1.19392	2089
1.19426	2089
1.19459	2090
1.19493	2090
1.19527	2091
1.19561	2091
1.19595	2092
1.19628	2093
1.19662	2093
1.19696	2094
1.1973	2094
1.19764	2095
1.19797	2095
1.19831	2096
1.19865	2096
1.19899	2097
1.19932	2098
1.19966	2098
1.2	2099
1.20034	2100
1.20068	2100
1.20101	2101
1.20135	2101
1.20169	2102
1.20203	2103
1.20236	2103
1.2027	2104
1.20304	2104
1.20338	2105
1.20372	2105
1.20405	2106
1.20439	2106
1.20473	2107
1.20507	2108
1.20541	2108
1.20574	2109
1.20608	2109
1.20642	2110
1.20676	2110
1.20709	2111
1.20743	2112
1.20777	2112
1.20811	2113
1.20845	2113
1.20878	2114
1.20912	2114
1.20946	2115
1.2098	2116
1.21014	2116
1.21047	2117
1.21081	2117
1.21115	2118
1.21149	2118
1.21182	2119
1.21216	2119
1.2125	2120
1.21284	2121
1.21318	2121
1.21351	2122
1.21385	2122
1.21419	2123
1.21453	2123
1.21486	2124
1.2152	2125
1.21554	2125
1.21588	2126
1.21622	2126
1.21655	2127
1.21689	2127
1.21723	2128
1.21757	2129
1.21791	2129
1.21824	2130
1.21858	2130
1.21892	2131
1.21926	2131
1.21959	2132
1.21993	2133
1.22027	2133
1.22061	2134
1.22095	2134
1.22128	2135
1.22162	2136
1.22196	2136
1.2223	2137
1.22264	2137
1.22297	2138
1.22331	2138
1.22365	2139
1.22399	2140
1.22432	2140
1.22466	2141
1.225	2141
1.22534	2142
1.22568	2142
1.22601	2143
1.22635	2144
1.22669	2144
1.22703	2145
1.22736	2145
1.2277	2146
1.22804	2146
1.22838	2147
1.22872	2148
1.22905	2148
1.22939	2149
1.22973	2149
1.23007	2150
1.23041	2151
1.23074	2151
1.23108	2152
1.23142	2152
1.23176	2153
1.23209	2153
1.23243	2154
1.23277	2155
1.23311	2155
1.23345	2156
1.23378	2156
1.23412	2157
1.23446	2157
1.2348	2158
1.23514	2159
1.23547	2159
1.23581	2160
1.23615	2160
1.23649	2161
1.23682	2162
1.23716	2162
1.2375	2163
1.23784	2163
1.23818	2164
1.23851	2164
1.23885	2165
1.23919	2166
1.23953	2166
1.23986	2167
1.2402	2168
1.24054	2168
1.24088	2169
1.24122	2170
1.24155	2170
1.24189	2171
1.24223	2172
1.24257	2172
1.24291	2173
1.24324	2173
1.24358	2174
1.24392	2175
1.24426	2175
1.24459	2176
1.24493	2177
1.24527	2177
1.24561	2178
1.24595	2178
1.24628	2179
1.24662	2179
1.24696	2180
1.2473	2181
1.24764	2181
1.24797	2182
1.24831	2182
1.24865	2183
1.24899	2184
1.24932	2184
1.24966	2185
1.25	2186
1.25034	2186
1.25068	2187
1.25101	2188
1.25135	2188
1.25169	2189
1.25203	2190
1.25236	2190
1.2527	2191
1.25304	2192
1.25338	2192
1.25372	2193
1.25405	2193
1.25439	2194
1.25473	2195
1.25507	2195
1.25541	2196
1.25574	2196
1.25608	2197
1.25642	2198
1.25676	2198
1.25709	2199
1.25743	2199
1.25777	2200
1.25811	2200
1.25845	2201
1.25878	2202
1.25912	2202
1.25946	2203
1.2598	2203
1.26014	2204
1.26047	2204
1.26081	2205
1.26115	2206
1.26149	2206
1.26182	2207
1.26216	2207
1.2625	2208
1.26284	2209
1.26318	2209
1.26351	2210
1.26385	2210
1.26419	2211
1.26453	2211
1.26486	2212
1.2652	2213
1.26554	2213
1.26588	2214
1.26622	2214
1.26655	2215
1.26689	2216
1.26723	2216
1.26757	2217
1.26791	2217
1.26824	2218
1.26858	2219
1.26892	2219
1.26926	2220
1.26959	2220
1.26993	2221
1.27027	2221
1.27061	2222
1.27095	2223
1.27128	2223
1.27162	2224
1.27196	2224
1.2723	2225
1.27264	2226
1.27297	2226
1.27331	2227
1.27365	2227
1.27399	2228
1.27432	2228
1.27466	2229
1.275	2230
1.27534	2230
1.27568	2231
1.27601	2231
1.27635	2232
1.27669	2233
1.27703	2233
1.27736	2234
1.2777	2234
1.27804	2235
1.27838	2235
1.27872	2236
1.27905	2237
1.27939	2237
1.27973	2238
1.28007	2238
1.28041	2239
1.28074	2240
1.28108	2240
1.28142	2241
1.28176	2241
1.28209	2242
1.28243	2243
1.28277	2243
1.28311	2244
1.28345	2244
1.28378	2245
1.28412	2246
1.28446	2246
1.2848	2247
1.28514	2247
1.28547	2248
1.28581	2249
1.28615	2249
1.28649	2250
1.28682	2251
1.28716	2251
1.2875	2252
1.28784	2252
1.28818	2253
1.28851	2254
1.28885	2254
1.28919	2255
1.28953	2256
1.28986	2256
1.2902	2257
1.29054	2258
1.29088	2258
1.29122	2259
1.29155	2260
1.29189	2260
1.29223	2261
1.29257	2262
1.29291	2262
1.29324	2263
1.29358	2263
1.29392	2264
1.29426	2265
1.29459	2265
1.29493	2266
1.29527	2266
1.29561	2267
1.29595	2268
1.29628	2268
1.29662	2269
1.29696	2270
1.2973	2270
1.29764	2271
1.29797	2271
1.29831	2272
1.29865	2273
1.29899	2273
1.29932	2274
1.29966	2274
1.3	2275
1.30034	2276
1.30068	2277
1.30101	2277
1.30135	2278
1.30169	2278
1.30203	2279
1.30236	2280
1.3027	2280
1.30304	2281
1.30338	2281
1.30372	2282
1.30405	2283
1.30439	2283
1.30473	2284
1.30507	2284
1.30541	2285
1.30574	2286
1.30608	2286
1.30642	2287
1.30676	2287
1.30709	2288
1.30743	2289
1.30777	2289
1.30811	2290
1.30845	2291
1.30878	2291
1.30912	2292
1.30946	2292
1.3098	2293
1.31014	2294
1.31047	2294
1.31081	2295
1.31115	2295
1.31149	2296
1.31182	2297
1.31216	2297
1.3125	2298
1.31284	2298
1.31318	2299
1.31351	2300
1.31385	2300
1.31419	2301
1.31453	2302
1.31486	2302
1.3152	2303
1.31554	2303
1.31588	2304
1.31622	2305
1.31655	2305
1.31689	2306
1.31723	2306
1.31757	2307
1.31791	2308
1.31824	2308
1.31858	2309
1.31892	2309
1.31926	2310
1.31959	2311
1.31993	2311
1.32027	2312
1.32061	2312
1.32095	2313
1.32128	2314
1.32162	2314
1.32196	2315
1.3223	2315
1.32264	2316
1.32297	2317
1.32331	2317
1.32365	2318
1.32399	2318
1.32432	2319
1.32466	2319
1.325	2320
1.32534	2321
1.32568	2321
1.32601	2322
1.32635	2322
1.32669	2323
1.32703	2323
1.32736	2324
1.3277	2325
1.32804	2325
1.32838	2326
1.32872	2326
1.32905	2327
1.32939	2327
1.32973	2328
1.33007	2329
1.33041	2329
1.33074	2330
1.33108	2330
1.33142	2331
1.33176	2332
1.33209	2332
1.33243	2333
1.33277	2333
1.33311	2334
1.33345	2334
1.33378	2335
1.33412	2336
1.33446	2336
1.3348	2337
1.33514	2337
1.33547	2338
1.33581	2338
1.33615	2339
1.33649	2339
1.33682	2340
1.33716	2341
1.3375	2341
1.33784	2342
1.33818	2342
1.33851	2343
1.33885	2343
1.33919	2344
1.33953	2345
1.33986	2345
1.3402	2346
1.34054	2346
1.34088	2347
1.34122	2348
1.34155	2348
1.34189	2349
1.34223	2350
1.34257	2350
1.34291	2351
1.34324	2351
1.34358	2352
1.34392	2353
1.34426	2353
1.34459	2354
1.34493	2355
1.34527	2355
1.34561	2356
1.34595	2357
1.34628	2357
1.34662	2358
1.34696	2359
1.3473	2359
1.34764	2360
1.34797	2360
1.34831	2361
1.34865	2362
1.34899	2362
1.34932	2363
1.34966	2363
1.35	2364
1.35034	2365
1.35068	2365
1.35101	2366
1.35135	2367
1.35169	2367
1.35203	2368
1.35236	2368
1.3527	2369
1.35304	2369
1.35338	2370
1.35372	2371
1.35405	2371
1.35439	2372
1.35473	2372
1.35507	2373
1.35541	2373
1.35574	2374
1.35608	2375
1.35642	2375
1.35676	2376
1.35709	2376
1.35743	2377
1.35777	2377
1.35811	2378
1.35845	2378
1.35878	2379
1.35912	2380
1.35946	2380
1.3598	2381
1.36014	2381
1.36047	2382
1.36081	2382
1.36115	2383
1.36149	2384
1.36182	2384
1.36216	2385
1.3625	2385
1.36284	2386
1.36318	2386
1.36351	2387
1.36385	2388
1.36419	2388
1.36453	2389
1.36486	2389
1.3652	2390
1.36554	2390
1.36588	2391
1.36622	2391
1.36655	2392
1.36689	2393
1.36723	2393
1.36757	2394
1.36791	2394
1.36824	2395
1.36858	2395
1.36892	2396
1.36926	2397
1.36959	2397
1.36993	2398
1.37027	2398
1.37061	2399
1.37095	2399
1.37128	2400
1.37162	2401
1.37196	2401
1.3723	2402
1.37264	2402
1.37297	2403
1.37331	2403
1.37365	2404
1.37399	2405
1.37432	2405
1.37466	2406
1.375	2406
1.37534	2407
1.37568	2407
1.37601	2408
1.37635	2409
1.37669	2409
1.37703	2410
1.37736	2410
1.3777	2411
1.37804	2411
1.37838	2412
1.37872	2412
1.37905	2413
1.37939	2414
1.37973	2414
1.38007	2415
1.38041	2415
1.38074	2416
1.38108	2416
1.38142	2417
1.38176	2418
1.38209	2418
1.38243	2419
1.38277	2419
1.38311	2420
1.38345	2420
1.38378	2421
1.38412	2422
1.38446	2422
1.3848	2423
1.38514	2423
1.38547	2424
1.38581	2424
1.38615	2425
1.38649	2426
1.38682	2426
1.38716	2427
1.3875	2427
1.38784	2428
1.38818	2428
1.38851	2429
1.38885	2429
1.38919	2430
1.38953	2431
1.38986	2431
1.3902	2432
1.39054	2432
1.39088	2433
1.39122	2433
1.39155	2434
1.39189	2435
1.39223	2435
1.39257	2436
1.39291	2436
1.39324	2437
1.39358	2437
1.39392	2438
1.39426	2439
1.39459	2439
1.39493	2440
1.39527	2440
1.39561	2441
1.39595	2441
1.39628	2442
1.39662	2442
1.39696	2443
1.3973	2444
1.39764	2444
1.39797	2445
1.39831	2445
1.39865	2446
1.39899	2446
1.39932	2447
1.39966	2448
1.4	2448
1.40034	2449
1.40068	2450
1.40101	2450
1.40135	2451
1.40169	2451
1.40203	2452
1.40236	2452
1.4027	2453
1.40304	2453
1.40338	2454
1.40372	2455
1.40405	2455
1.40439	2456
1.40473	2456
1.40507	2457
1.40541	2457
1.40574	2458
1.40608	2459
1.40642	2459
1.40676	2460
1.40709	2461
1.40743	2461
1.40777	2462
1.40811	2463
1.40845	2463
1.40878	2464
1.40912	2465
1.40946	2465
1.4098	2466
1.41014	2466
1.41047	2467
1.41081	2468
1.41115	2468
1.41149	2469
1.41182	2470
1.41216	2470
1.4125	2471
1.41284	2472
1.41318	2472
1.41351	2473
1.41385	2474
1.41419	2474
1.41453	2475
1.41486	2476
1.4152	2476
1.41554	2477
1.41588	2477
1.41622	2478
1.41655	2478
1.41689	2479
1.41723	2480
1.41757	2480
1.41791	2481
1.41824	2481
1.41858	2482
1.41892	2482
1.41926	2483
1.41959	2484
1.41993	2484
1.42027	2485
1.42061	2485
1.42095	2486
1.42128	2487
1.42162	2487
1.42196	2488
1.4223	2488
1.42264	2489
1.42297	2489
1.42331	2490
1.42365	2491
1.42399	2491
1.42432	2492
1.42466	2492
1.425	2493
1.42534	2493
1.42568	2494
1.42601	2495
1.42635	2495
1.42669	2496
1.42703	2496
1.42736	2497
1.4277	2497
1.42804	2498
1.42838	2498
1.42872	2499
1.42905	2500
1.42939	2500
1.42973	2501
1.43007	2501
1.43041	2502
1.43074	2502
1.43108	2503
1.43142	2504
1.43176	2504
1.43209	2505
1.43243	2505
1.43277	2506
1.43311	2506
1.43345	2507
1.43378	2507
1.43412	2508
1.43446	2509
1.4348	2509
1.43514	2510
1.43547	2510
1.43581	2511
1.43615	2511
1.43649	2512
1.43682	2513
1.43716	2513
1.4375	2514
1.43784	2514
1.43818	2515
1.43851	2515
1.43885	2516
1.43919	2517
1.43953	2517
1.43986	2518
1.4402	2518
1.44054	2519
1.44088	2519
1.44122	2520
1.44155	2521
1.44189	2521
1.44223	2522
1.44257	2522
1.44291	2523
1.44324	2523
1.44358	2524
1.44392	2524
1.44426	2525
1.44459	2526
1.44493	2526
1.44527	2527
1.44561	2527
1.44595	2528
1.44628	2528
1.44662	2529
1.44696	2530
1.4473	2530
1.44764	2531
1.44797	2531
1.44831	2532
1.44865	2533
1.44899	2533
1.44932	2534
1.44966	2534
1.45	2535
1.45034	2536
1.45068	2536
1.45101	2537
1.45135	2537
1.45169	2538
1.45203	2539
1.45236	2539
1.4527	2540
1.45304	2540
1.45338	2541
1.45372	2542
1.45405	2542
1.45439	2543
1.45473	2543
1.45507	2544
1.45541	2545
1.45574	2545
1.45608	2546
1.45642	2546
1.45676	2547
1.45709	2548
1.45743	2548
1.45777	2549
1.45811	2550
1.45845	2550
1.45878	2551
1.45912	2551
1.45946	2552
1.4598	2553
1.46014	2553
1.46047	2554
1.46081	2554
1.46115	2555
1.46149	2556
1.46182	2556
1.46216	2557
1.4625	2558
1.46284	2558
1.46318	2559
1.46351	2559
1.46385	2560
1.46419	2561
1.46453	2561
1.46486	2562
1.4652	2563
1.46554	2563
1.46588	2564
1.46622	2564
1.46655	2565
1.46689	2566
1.46723	2566
1.46757	2567
1.46791	2567
1.46824	2568
1.46858	2569
1.46892	2569
1.46926	2570
1.46959	2570
1.46993	2571
1.47027	2572
1.47061	2572
1.47095	2573
1.47128	2574
1.47162	2574
1.47196	2575
1.4723	2576
1.47264	2576
1.47297	2577
1.47331	2578
1.47365	2578
1.47399	2579
1.47432	2580
1.47466	2580
1.475	2581
1.47534	2582
1.47568	2582
1.47601	2583
1.47635	2584
1.47669	2584
1.47703	2585
1.47736	2585
1.4777	2586
1.47804	2587
1.47838	2587
1.47872	2588
1.47905	2588
1.47939	2589
1.47973	2589
1.48007	2590
1.48041	2591
1.48074	2591
1.48108	2592
1.48142	2592
1.48176	2593
1.48209	2593
1.48243	2594
1.48277	2595
1.48311	2595
1.48345	2596
1.48378	2596
1.48412	2597
1.48446	2597
1.4848	2598
1.48514	2599
1.48547	2599
1.48581	2600
1.48615	2600
1.48649	2601
1.48682	2601
1.48716	2602
1.4875	2602
1.48784	2603
1.48818	2604
1.48851	2604
1.48885	2605
1.48919	2605
1.48953	2606
1.48986	2607
1.4902	2607
1.49054	2608
1.49088	2608
1.49122	2609
1.49155	2610
1.49189	2610
1.49223	2611
1.49257	2611
1.49291	2612
1.49324	2613
1.49358	2613
1.49392	2614
1.49426	2614
1.49459	2615
1.49493	2616
1.49527	2616
1.49561	2617
1.49595	2618
1.49628	2618
1.49662	2619
1.49696	2619
1.4973	2620
1.49764	2621
1.49797	2621
1.49831	2622
1.49865	2622
1.49899	2623
1.49932	2624
1.49966	2624
1.5	2625
1.50034	2626
1.50068	2627
1.50101	2627
1.50135	2628
1.50169	2628
1.50203	2629
1.50236	2630
1.5027	2630
1.50304	2631
1.50338	2631
1.50372	2632
1.50405	2633
1.50439	2633
1.50473	2634
1.50507	2635
1.50541	2635
1.50574	2636
1.50608	2636
1.50642	2637
1.50676	2638
1.50709	2638
1.50743	2639
1.50777	2640
1.50811	2640
1.50845	2641
1.50878	2641
1.50912	2642
1.50946	2643
1.5098	2643
1.51014	2644
1.51047	2644
1.51081	2645
1.51115	2646
1.51149	2646
1.51182	2647
1.51216	2648
1.5125	2648
1.51284	2649
1.51318	2649
1.51351	2650
1.51385	2651
1.51419	2651
1.51453	2652
1.51486	2653
1.5152	2653
1.51554	2654
1.51588	2654
1.51622	2655
1.51655	2656
1.51689	2656
1.51723	2657
1.51757	2657
1.51791	2658
1.51824	2659
1.51858	2659
1.51892	2660
1.51926	2661
1.51959	2661
1.51993	2662
1.52027	2662
1.52061	2663
1.52095	2664
1.52128	2664
1.52162	2665
1.52196	2665
1.5223	2666
1.52264	2667
1.52297	2667
1.52331	2668
1.52365	2669
1.52399	2669
1.52432	2670
1.52466	2670
1.525	2671
1.52534	2672
1.52568	2672
1.52601	2673
1.52635	2674
1.52669	2674
1.52703	2675
1.52736	2675
1.5277	2676
1.52804	2677
1.52838	2677
1.52872	2678
1.52905	2678
1.52939	2679
1.52973	2680
1.53007	2680
1.53041	2681
1.53074	2681
1.53108	2682
1.53142	2683
1.53176	2683
1.53209	2684
1.53243	2685
1.53277	2685
1.53311	2686
1.53345	2687
1.53378	2687
1.53412	2688
1.53446	2688
1.5348	2689
1.53514	2690
1.53547	2690
1.53581	2691
1.53615	2692
1.53649	2692
1.53682	2693
1.53716	2693
1.5375	2694
1.53784	2695
1.53818	2695
1.53851	2696
1.53885	2696
1.53919	2697
1.53953	2698
1.53986	2698
1.5402	2699
1.54054	2699
1.54088	2700
1.54122	2701
1.54155	2701
1.54189	2702
1.54223	2702
1.54257	2703
1.54291	2704
1.54324	2704
1.54358	2705
1.54392	2706
1.54426	2706
1.54459	2707
1.54493	2707
1.54527	2708
1.54561	2708
1.54595	2709
1.54628	2710
1.54662	2710
1.54696	2711
1.5473	2711
1.54764	2712
1.54797	2713
1.54831	2713
1.54865	2714
1.54899	2714
1.54932	2715
1.54966	2716
1.55	2716
1.55034	2717
1.55068	2717
1.55101	2718
1.55135	2719
1.55169	2719
1.55203	2720
1.55236	2720
1.5527	2721
1.55304	2722
1.55338	2722
1.55372	2723
1.55405	2723
1.55439	2724
1.55473	2724
1.55507	2725
1.55541	2726
1.55574	2726
1.55608	2727
1.55642	2727
1.55676	2728
1.55709	2728
1.55743	2729
1.55777	2730
1.55811	2730
1.55845	2731
1.55878	2731
1.55912	2732
1.55946	2732
1.5598	2733
1.56014	2734
1.56047	2734
1.56081	2735
1.56115	2735
1.56149	2736
1.56182	2736
1.56216	2737
1.5625	2738
1.56284	2738
1.56318	2739
1.56351	2739
1.56385	2740
1.56419	2740
1.56453	2741
1.56486	2741
1.5652	2742
1.56554	2743
1.56588	2743
1.56622	2744
1.56655	2744
1.56689	2745
1.56723	2745
1.56757	2746
1.56791	2747
1.56824	2747
1.56858	2748
1.56892	2748
1.56926	2749
1.56959	2749
1.56993	2750
1.57027	2751
1.57061	2751
1.57095	2752
1.57128	2752
1.57162	2753
1.57196	2753
1.5723	2754
1.57264	2755
1.57297	2755
1.57331	2756
1.57365	2756
1.57399	2757
1.57432	2757
1.57466	2758
1.575	2759
1.57534	2759
1.57568	2760
1.57601	2760
1.57635	2761
1.57669	2761
1.57703	2762
1.57736	2762
1.5777	2763
1.57804	2764
1.57838	2764
1.57872	2765
1.57905	2765
1.57939	2766
1.57973	2766
1.58007	2767
1.58041	2768
1.58074	2768
1.58108	2769
1.58142	2769
1.58176	2770
1.58209	2770
1.58243	2771
1.58277	2772
1.58311	2772
1.58345	2773
1.58378	2773
1.58412	2774
1.58446	2774
1.5848	2775
1.58514	2775
1.58547	2776
1.58581	2777
1.58615	2777
1.58649	2778
1.58682	2778
1.58716	2779
1.5875	2779
1.58784	2780
1.58818	2781
1.58851	2781
1.58885	2782
1.58919	2782
1.58953	2783
1.58986	2783
1.5902	2784
1.59054	2784
1.59088	2785
1.59122	2786
1.59155	2786
1.59189	2787
1.59223	2787
1.59257	2788
1.59291	2788
1.59324	2789
1.59358	2790
1.59392	2790
1.59426	2791
1.59459	2791
1.59493	2792
1.59527	2792
1.59561	2793
1.59595	2794
1.59628	2794
1.59662	2795
1.59696	2795
1.5973	2796
1.59764	2796
1.59797	2797
1.59831	2797
1.59865	2798
1.59899	2799
1.59932	2799
1.59966	2800
1.6	2801
1.60034	2801
1.60068	2802
1.60101	2803
1.60135	2803
1.60169	2804
1.60203	2804
1.60236	2805
1.6027	2806
1.60304	2806
1.60338	2807
1.60372	2807
1.60405	2808
1.60439	2809
1.60473	2809
1.60507	2810
1.60541	2810
1.60574	2811
1.60608	2812
1.60642	2812
1.60676	2813
1.60709	2813
1.60743	2814
1.60777	2814
1.60811	2815
1.60845	2816
1.60878	2816
1.60912	2817
1.60946	2817
1.6098	2818
1.61014	2818
1.61047	2819
1.61081	2820
1.61115	2820
1.61149	2821
1.61182	2821
1.61216	2822
1.6125	2822
1.61284	2823
1.61318	2824
1.61351	2824
1.61385	2825
1.61419	2825
1.61453	2826
1.61486	2826
1.6152	2827
1.61554	2827
1.61588	2828
1.61622	2829
1.61655	2829
1.61689	2830
1.61723	2830
1.61757	2831
1.61791	2831
1.61824	2832
1.61858	2833
1.61892	2833
1.61926	2834
1.61959	2834
1.61993	2835
1.62027	2835
1.62061	2836
1.62095	2837
1.62128	2837
1.62162	2838
1.62196	2838
1.6223	2839
1.62264	2839
1.62297	2840
1.62331	2840
1.62365	2841
1.62399	2842
1.62432	2842
1.62466	2843
1.625	2843
1.62534	2844
1.62568	2844
1.62601	2845
1.62635	2846
1.62669	2846
1.62703	2847
1.62736	2847
1.6277	2848
1.62804	2848
1.62838	2849
1.62872	2850
1.62905	2850
1.62939	2851
1.62973	2851
1.63007	2852
1.63041	2852
1.63074	2853
1.63108	2854
1.63142	2854
1.63176	2855
1.63209	2855
1.63243	2856
1.63277	2856
1.63311	2857
1.63345	2858
1.63378	2858
1.63412	2859
1.63446	2859
1.6348	2860
1.63514	2860
1.63547	2861
1.63581	2862
1.63615	2862
1.63649	2863
1.63682	2863
1.63716	2864
1.6375	2864
1.63784	2865
1.63818	2865
1.63851	2866
1.63885	2867
1.63919	2867
1.63953	2868
1.63986	2868
1.6402	2869
1.64054	2869
1.64088	2870
1.64122	2871
1.64155	2871
1.64189	2872
1.64223	2872
1.64257	2873
1.64291	2873
1.64324	2874
1.64358	2875
1.64392	2875
1.64426	2876
1.64459	2876
1.64493	2877
1.64527	2877
1.64561	2878
1.64595	2878
1.64628	2879
1.64662	2880
1.64696	2880
1.6473	2881
1.64764	2881
1.64797	2882
1.64831	2882
1.64865	2883
1.64899	2884
1.64932	2884
1.64966	2885
1.65	2885
1.65034	2886
1.65068	2886
1.65101	2887
1.65135	2888
1.65169	2888
1.65203	2889
1.65236	2889
1.6527	2890
1.65304	2890
1.65338	2891
1.65372	2892
1.65405	2892
1.65439	2893
1.65473	2893
1.65507	2894
1.65541	2894
1.65574	2895
1.65608	2895
1.65642	2896
1.65676	2897
1.65709	2897
1.65743	2898
1.65777	2898
1.65811	2899
1.65845	2899
1.65878	2900
1.65912	2901
1.65946	2901
1.6598	2902
1.66014	2902
1.66047	2903
1.66081	2903
1.66115	2904
1.66149	2905
1.66182	2905
1.66216	2906
1.6625	2906
1.66284	2907
1.66318	2907
1.66351	2908
1.66385	2908
1.66419	2909
1.66453	2910
1.66486	2910
1.6652	2911
1.66554	2911
1.66588	2912
1.66622	2912
1.66655	2913
1.66689	2914
1.66723	2914
1.66757	2915
1.66791	2915
1.66824	2916
1.66858	2916
1.66892	2917
1.66926	2917
1.66959	2918
1.66993	2919
1.67027	2919
1.67061	2920
1.67095	2920
1.67128	2921
1.67162	2921
1.67196	2922
1.6723	2923
1.67264	2923
1.67297	2924
1.67331	2924
1.67365	2925
1.67399	2925
1.67432	2926
1.67466	2927
1.675	2927
1.67534	2928
1.67568	2928
1.67601	2929
1.67635	2930
1.67669	2930
1.67703	2931
1.67736	2932
1.6777	2932
1.67804	2933
1.67838	2933
1.67872	2934
1.67905	2935
1.67939	2935
1.67973	2936
1.68007	2936
1.68041	2937
1.68074	2938
1.68108	2938
1.68142	2939
1.68176	2940
1.68209	2940
1.68243	2941
1.68277	2942
1.68311	2942
1.68345	2943
1.68378	2943
1.68412	2944
1.68446	2945
1.6848	2945
1.68514	2946
1.68547	2947
1.68581	2947
1.68615	2948
1.68649	2949
1.68682	2949
1.68716	2950
1.6875	2951
1.68784	2951
1.68818	2952
1.68851	2953
1.68885	2953
1.68919	2954
1.68953	2955
1.68986	2955
1.6902	2956
1.69054	2956
1.69088	2957
1.69122	2958
1.69155	2958
1.69189	2959
1.69223	2959
1.69257	2960
1.69291	2960
1.69324	2961
1.69358	2962
1.69392	2962
1.69426	2963
1.69459	2963
1.69493	2964
1.69527	2965
1.69561	2965
1.69595	2966
1.69628	2966
1.69662	2967
1.69696	2967
1.6973	2968
1.69764	2969
1.69797	2969
1.69831	2970
1.69865	2970
1.69899	2971
1.69932	2972
1.69966	2972
1.7	2973
1.70034	2974
1.70068	2974
1.70101	2975
1.70135	2975
1.70169	2976
1.70203	2977
1.70236	2977
1.7027	2978
1.70304	2978
1.70338	2979
1.70372	2979
1.70405	2980
1.70439	2981
1.70473	2981
1.70507	2982
1.70541	2982
1.70574	2983
1.70608	2983
1.70642	2984
1.70676	2985
1.70709	2985
1.70743	2986
1.70777	2986
1.70811	2987
1.70845	2988
1.70878	2988
1.70912	2989
1.70946	2989
1.7098	2990
1.71014	2990
1.71047	2991
1.71081	2992
1.71115	2992
1.71149	2993
1.71182	2993
1.71216	2994
1.7125	2994
1.71284	2995
1.71318	2996
1.71351	2996
1.71385	2997
1.71419	2997
1.71453	2998
1.71486	2999
1.7152	2999
1.71554	3000
1.71588	3000
1.71622	3001
1.71655	3001
1.71689	3002
1.71723	3003
1.71757	3003
1.71791	3004
1.71824	3004
1.71858	3005
1.71892	3006
1.71926	3006
1.71959	3007
1.71993	3007
1.72027	3008
1.72061	3008
1.72095	3009
1.72128	3010
1.72162	3010
1.72196	3011
1.7223	3011
1.72264	3012
1.72297	3012
1.72331	3013
1.72365	3014
1.72399	3014
1.72432	3015
1.72466	3015
1.725	3016
1.72534	3017
1.72568	3017
1.72601	3018
1.72635	3018
1.72669	3019
1.72703	3019
1.72736	3020
1.7277	3021
1.72804	3021
1.72838	3022
1.72872	3022
1.72905	3023
1.72939	3023
1.72973	3024
1.73007	3025
1.73041	3025
1.73074	3026
1.73108	3026
1.73142	3027
1.73176	3028
1.73209	3028
1.73243	3029
1.73277	3029
1.73311	3030
1.73345	3030
1.73378	3031
1.73412	3032
1.73446	3032
1.7348	3033
1.73514	3033
1.73547	3034
1.73581	3035
1.73615	3035
1.73649	3036
1.73682	3036
1.73716	3037
1.7375	3037
1.73784	3038
1.73818	3039
1.73851	3039
1.73885	3040
1.73919	3040
1.73953	3041
1.73986	3041
1.7402	3042
1.74054	3043
1.74088	3043
1.74122	3044
1.74155	3044
1.74189	3045
1.74223	3045
1.74257	3046
1.74291	3047
1.74324	3047
1.74358	3048
1.74392	3049
1.74426	3049
1.74459	3050
1.74493	3051
1.74527	3051
1.74561	3052
1.74595	3053
1.74628	3053
1.74662	3054
1.74696	3055
1.7473	3055
1.74764	3056
1.74797	3056
1.74831	3057
1.74865	3058
1.74899	3058
1.74932	3059
1.74966	3060
1.75	3060
1.75034	3061
1.75068	3062
1.75101	3062
1.75135	3063
1.75169	3064
1.75203	3064
1.75236	3065
1.7527	3066
1.75304	3066
1.75338	3067
1.75372	3067
1.75405	3068
1.75439	3069
1.75473	3069
1.75507	3070
1.75541	3070
1.75574	3071
1.75608	3072
1.75642	3072
1.75676	3073
1.75709	3073
1.75743	3074
1.75777	3075
1.75811	3075
1.75845	3076
1.75878	3076
1.75912	3077
1.75946	3078
1.7598	3078
1.76014	3079
1.76047	3079
1.76081	3080
1.76115	3081
1.76149	3081
1.76182	3082
1.76216	3082
1.7625	3083
1.76284	3084
1.76318	3084
1.76351	3085
1.76385	3085
1.76419	3086
1.76453	3086
1.76486	3087
1.7652	3088
1.76554	3088
1.76588	3089
1.76622	3089
1.76655	3090
1.76689	3091
1.76723	3091
1.76757	3092
1.76791	3092
1.76824	3093
1.76858	3094
1.76892	3094
1.76926	3095
1.76959	3095
1.76993	3096
1.77027	3096
1.77061	3097
1.77095	3098
1.77128	3098
1.77162	3099
1.77196	3099
1.7723	3100
1.77264	3101
1.77297	3101
1.77331	3102
1.77365	3102
1.77399	3103
1.77432	3103
1.77466	3104
1.775	3105
1.77534	3105
1.77568	3106
1.77601	3106
1.77635	3107
1.77669	3108
1.77703	3108
1.77736	3109
1.7777	3109
1.77804	3110
1.77838	3110
1.77872	3111
1.77905	3112
1.77939	3112
1.77973	3113
1.78007	3113
1.78041	3114
1.78074	3114
1.78108	3115
1.78142	3116
1.78176	3116
1.78209	3117
1.78243	3117
1.78277	3118
1.78311	3119
1.78345	3119
1.78378	3120
1.78412	3120
1.78446	3121
1.7848	3121
1.78514	3122
1.78547	3123
1.78581	3123
1.78615	3124
1.78649	3124
1.78682	3125
1.78716	3125
1.7875	3126
1.78784	3127
1.78818	3127
1.78851	3128
1.78885	3128
1.78919	3129
1.78953	3130
1.78986	3130
1.7902	3131
1.79054	3131
1.79088	3132
1.79122	3132
1.79155	3133
1.79189	3134
1.79223	3134
1.79257	3135
1.79291	3135
1.79324	3136
1.79358	3137
1.79392	3137
1.79426	3138
1.79459	3138
1.79493	3139
1.79527	3139
1.79561	3140
1.79595	3141
1.79628	3141
1.79662	3142
1.79696	3142
1.7973	3143
1.79764	3144
1.79797	3144
1.79831	3145
1.79865	3145
1.79899	3146
1.79932	3146
1.79966	3147
1.8	3148
1.80034	3148
1.80068	3149
1.80101	3150
1.80135	3150
1.80169	3151
1.80203	3151
1.80236	3152
1.8027	3153
1.80304	3153
1.80338	3154
1.80372	3154
1.80405	3155
1.80439	3155
1.80473	3156
1.80507	3157
1.80541	3157
1.80574	3158
1.80608	3158
1.80642	3159
1.80676	3160
1.80709	3160
1.80743	3161
1.80777	3161
1.80811	3162
1.80845	3162
1.80878	3163
1.80912	3164
1.80946	3164
1.8098	3165
1.81014	3165
1.81047	3166
1.81081	3167
1.81115	3167
1.81149	3168
1.81182	3169
1.81216	3169
1.8125	3170
1.81284	3171
1.81318	3171
1.81351	3172
1.81385	3172
1.81419	3173
1.81453	3174
1.81486	3174
1.8152	3175
1.81554	3175
1.81588	3176
1.81622	3177
1.81655	3177
1.81689	3178
1.81723	3178
1.81757	3179
1.81791	3180
1.81824	3180
1.81858	3181
1.81892	3181
1.81926	3182
1.81959	3183
1.81993	3183
1.82027	3184
1.82061	3184
1.82095	3185
1.82128	3186
1.82162	3186
1.82196	3187
1.8223	3187
1.82264	3188
1.82297	3189
1.82331	3189
1.82365	3190
1.82399	3190
1.82432	3191
1.82466	3192
1.825	3192
1.82534	3193
1.82568	3193
1.82601	3194
1.82635	3194
1.82669	3195
1.82703	3196
1.82736	3196
1.8277	3197
1.82804	3197
1.82838	3198
1.82872	3199
1.82905	3199
1.82939	3200
1.82973	3200
1.83007	3201
1.83041	3201
1.83074	3202
1.83108	3203
1.83142	3203
1.83176	3204
1.83209	3204
1.83243	3205
1.83277	3206
1.83311	3206
1.83345	3207
1.83378	3207
1.83412	3208
1.83446	3208
1.8348	3209
1.83514	3210
1.83547	3210
1.83581	3211
1.83615	3211
1.83649	3212
1.83682	3213
1.83716	3213
1.8375	3214
1.83784	3214
1.83818	3215
1.83851	3216
1.83885	3216
1.83919	3217
1.83953	3217
1.83986	3218
1.8402	3219
1.84054	3219
1.84088	3220
1.84122	3220
1.84155	3221
1.84189	3221
1.84223	3222
1.84257	3223
1.84291	3223
1.84324	3224
1.84358	3224
1.84392	3225
1.84426	3226
1.84459	3226
1.84493	3227
1.84527	3227
1.84561	3228
1.84595	3229
1.84628	3229
1.84662	3230
1.84696	3230
1.8473	3231
1.84764	3232
1.84797	3232
1.84831	3233
1.84865	3233
1.84899	3234
1.84932	3234
1.84966	3235
1.85	3236
1.85034	3236
1.85068	3237
1.85101	3237
1.85135	3238
1.85169	3238
1.85203	3239
1.85236	3240
1.8527	3240
1.85304	3241
1.85338	3241
1.85372	3242
1.85405	3243
1.85439	3243
1.85473	3244
1.85507	3244
1.85541	3245
1.85574	3245
1.85608	3246
1.85642	3247
1.85676	3247
1.85709	3248
1.85743	3248
1.85777	3249
1.85811	3249
1.85845	3250
1.85878	3251
1.85912	3251
1.85946	3252
1.8598	3252
1.86014	3253
1.86047	3254
1.86081	3254
1.86115	3255
1.86149	3255
1.86182	3256
1.86216	3256
1.8625	3257
1.86284	3258
1.86318	3258
1.86351	3259
1.86385	3259
1.86419	3260
1.86453	3261
1.86486	3261
1.8652	3262
1.86554	3262
1.86588	3263
1.86622	3263
1.86655	3264
1.86689	3265
1.86723	3265
1.86757	3266
1.86791	3266
1.86824	3267
1.86858	3268
1.86892	3268
1.86926	3269
1.86959	3269
1.86993	3270
1.87027	3271
1.87061	3271
1.87095	3272
1.87128	3273
1.87162	3273
1.87196	3274
1.8723	3275
1.87264	3275
1.87297	3276
1.87331	3277
1.87365	3277
1.87399	3278
1.87432	3279
1.87466	3279
1.875	3280
1.87534	3280
1.87568	3281
1.87601	3282
1.87635	3282
1.87669	3283
1.87703	3284
1.87736	3284
1.8777	3285
1.87804	3286
1.87838	3286
1.87872	3287
1.87905	3288
1.87939	3288
1.87973	3289
1.88007	3290
1.88041	3290
1.88074	3291
1.88108	3292
1.88142	3292
1.88176	3293
1.88209	3294
1.88243	3294
1.88277	3295
1.88311	3296
1.88345	3296
1.88378	3297
1.88412	3298
1.88446	3298
1.8848	3299
1.88514	3300
1.88547	3300
1.88581	3301
1.88615	3302
1.88649	3302
1.88682	3303
1.88716	3303
1.8875	3304
1.88784	3305
1.88818	3305
1.88851	3306
1.88885	3306
1.88919	3307
1.88953	3308
1.88986	3308
1.8902	3309
1.89054	3309
1.89088	3310
1.89122	3311
1.89155	3311
1.89189	3312
1.89223	3312
1.89257	3313
1.89291	3314
1.89324	3314
1.89358	3315
1.89392	3315
1.89426	3316
1.89459	3316
1.89493	3317
1.89527	3318
1.89561	3318
1.89595	3319
1.89628	3319
1.89662	3320
1.89696	3320
1.8973	3321
1.89764	3322
1.89797	3322
1.89831	3323
1.89865	3323
1.89899	3324
1.89932	3325
1.89966	3325
1.9	3326
1.90034	3327
1.90068	3327
1.90101	3328
1.90135	3328
1.90169	3329
1.90203	3330
1.90236	3330
1.9027	3331
1.90304	3331
1.90338	3332
1.90372	3332
1.90405	3333
1.90439	3334
1.90473	3334
1.90507	3335
1.90541	3335
1.90574	3336
1.90608	3337
1.90642	3337
1.90676	3338
1.90709	3338
1.90743	3339
1.90777	3339
1.90811	3340
1.90845	3341
1.90878	3341
1.90912	3342
1.90946	3342
1.9098	3343
1.91014	3344
1.91047	3344
1.91081	3345
1.91115	3345
1.91149	3346
1.91182	3346
1.91216	3347
1.9125	3348
1.91284	3348
1.91318	3349
1.91351	3349
1.91385	3350
1.91419	3351
1.91453	3351
1.91486	3352
1.9152	3352
1.91554	3353
1.91588	3353
1.91622	3354
1.91655	3355
1.91689	3355
1.91723	3356
1.91757	3356
1.91791	3357
1.91824	3357
1.91858	3358
1.91892	3359
1.91926	3359
1.91959	3360
1.91993	3360
1.92027	3361
1.92061	3362
1.92095	3362
1.92128	3363
1.92162	3363
1.92196	3364
1.9223	3365
1.92264	3365
1.92297	3366
1.92331	3366
1.92365	3367
1.92399	3367
1.92432	3368
1.92466	3369
1.925	3369
1.92534	3370
1.92568	3370
1.92601	3371
1.92635	3371
1.92669	3372
1.92703	3373
1.92736	3373
1.9277	3374
1.92804	3374
1.92838	3375
1.92872	3375
1.92905	3376
1.92939	3377
1.92973	3377
1.93007	3378
1.93041	3378
1.93074	3379
1.93108	3380
1.93142	3380
1.93176	3381
1.93209	3381
1.93243	3382
1.93277	3382
1.93311	3383
1.93345	3383
1.93378	3384
1.93412	3385
1.93446	3385
1.9348	3386
1.93514	3386
1.93547	3387
1.93581	3388
1.93615	3388
1.93649	3389
1.93682	3389
1.93716	3390
1.9375	3391
1.93784	3391
1.93818	3392
1.93851	3392
1.93885	3393
1.93919	3393
1.93953	3394
1.93986	3395
1.9402	3395
1.94054	3396
1.94088	3396
1.94122	3397
1.94155	3398
1.94189	3398
1.94223	3399
1.94257	3399
1.94291	3400
1.94324	3401
1.94358	3401
1.94392	3402
1.94426	3403
1.94459	3403
1.94493	3404
1.94527	3404
1.94561	3405
1.94595	3406
1.94628	3406
1.94662	3407
1.94696	3407
1.9473	3408
1.94764	3409
1.94797	3409
1.94831	3410
1.94865	3410
1.94899	3411
1.94932	3411
1.94966	3412
1.95	3413
1.95034	3413
1.95068	3414
1.95101	3414
1.95135	3415
1.95169	3415
1.95203	3416
1.95236	3417
1.9527	3417
1.95304	3418
1.95338	3418
1.95372	3419
1.95405	3419
1.95439	3420
1.95473	3421
1.95507	3421
1.95541	3422
1.95574	3422
1.95608	3423
1.95642	3423
1.95676	3424
1.95709	3424
1.95743	3425
1.95777	3426
1.95811	3426
1.95845	3427
1.95878	3427
1.95912	3428
1.95946	3428
1.9598	3429
1.96014	3429
1.96047	3430
1.96081	3431
1.96115	3431
1.96149	3432
1.96182	3432
1.96216	3433
1.9625	3433
1.96284	3434
1.96318	3435
1.96351	3435
1.96385	3436
1.96419	3436
1.96453	3437
1.96486	3437
1.9652	3438
1.96554	3438
1.96588	3439
1.96622	3440
1.96655	3440
1.96689	3441
1.96723	3441
1.96757	3442
1.96791	3442
1.96824	3443
1.96858	3443
1.96892	3444
1.96926	3445
1.96959	3445
1.96993	3446
1.97027	3446
1.97061	3447
1.97095	3447
1.97128	3448
1.97162	3448
1.97196	3449
1.9723	3450
1.97264	3450
1.97297	3451
1.97331	3451
1.97365	3452
1.97399	3452
1.97432	3453
1.97466	3454
1.975	3454
1.97534	3455
1.97568	3455
1.97601	3456
1.97635	3456
1.97669	3457
1.97703	3458
1.97736	3458
1.9777	3459
1.97804	3459
1.97838	3460
1.97872	3460
1.97905	3461
1.97939	3461
1.97973	3462
1.98007	3463
1.98041	3463
1.98074	3464
1.98108	3464
1.98142	3465
1.98176	3465
1.98209	3466
1.98243	3467
1.98277	3467
1.98311	3468
1.98345	3468
1.98378	3469
1.98412	3469
1.98446	3470
1.9848	3470
1.98514	3471
1.98547	3472
1.98581	3472
1.98615	3473
1.98649	3473
1.98682	3474
1.98716	3474
1.9875	3475
1.98784	3475
1.98818	3476
1.98851	3477
1.98885	3477
1.98919	3478
1.98953	3478
1.98986	3479
1.9902	3479
1.99054	3480
1.99088	3481
1.99122	3481
1.99155	3482
1.99189	3482
1.99223	3483
1.99257	3483
1.99291	3484
1.99324	3484
1.99358	3485
1.99392	3486
1.99426	3486
1.99459	3487
1.99493	3487
1.99527	3488
1.99561	3488
1.99595	3489
1.99628	3489
1.99662	3490
1.99696	3491
1.9973	3491
1.99764	3492
1.99797	3492
1.99831	3493
1.99865	3493
1.99899	3494
1.99932	3495
1.99966	3495
2	3496
