	2.27
0.000274725	1.64
0.000547199	2.37
0.000820421	3.07
0.00109746	3.74
0.00137843	4.42
0.00166264	5.11
0.00194934	5.8
0.00223858	6.51
0.0025304	7.23
0.00282487	7.92
0.00312114	8.61
0.00341923	9.26
0.00371824	9.91
0.00401912	10.56
0.00432095	11.22
0.00462469	11.87
0.0049294	12.5
0.00523509	13.15
0.00554277	13.81
0.00585146	14.46
0.00616116	15.11
0.00647086	15.76
0.00678158	16.4
0.00709231	17.05
0.00740408	17.66
0.00771585	18.27
0.00802762	18.88
0.00833939	19.5
0.00865223	20.13
0.00896506	20.75
0.0092779	21.39
0.00959073	22.02
0.00990357	22.64
0.0102164	23.28
0.0105292	23.9
0.0108421	24.52
0.0111549	25.15
0.0114677	25.77
0.0117806	26.39
0.0120934	27.02
0.0124062	27.62
0.0127191	28.23
0.0130319	28.84
0.0133448	29.43
0.0136576	30.06
0.0139716	30.68
0.0142855	31.29
0.0145995	31.92
0.0149135	32.53
0.0152274	33.15
0.0155414	33.78
0.0158554	34.4
0.0161694	35.02
0.0164833	35.64
0.0167973	36.26
0.0171113	36.9
0.0174253	37.53
0.0177392	38.17
0.0180532	38.77
0.0183684	39.38
0.0186836	40.03
0.0189987	40.65
0.0193139	41.25
0.0196291	41.85
0.0199443	42.46
0.0202595	43.08
0.0205746	43.69
0.0208898	44.31
0.021205	44.92
0.0215214	45.54
0.0218379	46.14
0.0221543	46.76
0.0224708	47.38
0.0227872	48
0.0231037	48.63
0.0234201	49.24
0.0237366	49.85
0.024053	50.46
0.0243708	51.07
0.0246886	51.68
0.0250063	52.3
0.0253241	52.9
0.0256419	53.49
0.0259596	54.15
0.0262774	54.86
0.0265952	55.56
0.0269129	56.28
0.0272321	56.99
0.0275513	57.76
0.0278704	58.46
0.0281896	59.16
0.0285087	59.84
0.0288279	60.52
0.029147	61.22
0.0294662	61.93
0.0297868	62.63
0.0301074	63.35
0.030428	64.04
0.0307486	64.74
0.0310692	65.44
0.0313898	66.13
0.0317105	66.82
0.0320311	67.49
0.0323532	68.12
0.0326753	68.78
0.0329974	69.42
0.0333196	70.06
0.0336417	70.7
0.0339638	71.34
0.0342875	71.96
0.0346112	72.6
0.034935	73.23
0.0352587	73.87
0.0355824	74.51
0.0359061	75.16
0.0362314	75.78
0.0365568	76.41
0.0368821	77.07
0.0372075	77.71
0.0375345	78.34
0.0378616	78.97
0.0381886	79.6
0.0385156	80.23
0.0388444	80.85
0.0391732	81.49
0.039502	82.13
0.0398326	82.77
0.0401632	83.41
0.0404938	84.05
0.0408244	84.7
0.0411568	85.32
0.0414893	85.98
0.0418217	86.62
0.0421561	87.25
0.0424904	87.88
0.0428248	88.52
0.0431611	89.15
0.0434975	89.78
0.0438358	90.43
0.0441741	91.07
0.0445125	91.7
0.0448508	92.33
0.0451891	92.97
0.0455275	93.6
0.0458658	94.24
0.0462042	94.86
0.0465425	95.49
0.0468808	96.13
0.0472192	96.76
0.0475575	97.39
0.0478959	98.02
0.0482342	98.66
0.0485725	99.29
0.0489109	99.93
0.0492492	100.57
0.0495875	101.2
0.0499259	101.85
0.0502642	102.46
0.0506026	103.1
0.0509409	103.74
0.0512792	104.37
0.0516176	105.01
0.0519559	105.64
0.0522943	106.27
0.0526326	106.91
0.0529709	107.54
0.0533093	108.19
0.0536476	108.84
0.053986	109.49
0.0543243	110.12
0.0546626	110.77
0.055001	111.4
0.0553393	112.05
0.0556776	112.7
0.056016	113.34
0.0563543	113.99
0.0566927	114.63
0.057031	115.29
0.0573693	115.94
0.0577077	116.59
0.058046	117.26
0.0583844	117.9
0.0587227	118.53
0.059061	119.17
0.0593994	119.83
0.0597377	120.47
0.060076	121.13
0.0604144	121.77
0.0607527	122.42
0.0610911	123.07
0.0614294	123.71
0.0617677	124.38
0.0621061	125.04
0.0624444	125.68
0.0627828	126.35
0.0631211	127
0.0634594	127.66
0.0637978	128.33
0.0641361	128.99
0.0644744	129.65
0.0648128	130.31
0.0651511	130.96
0.0654895	131.62
0.0658278	132.28
0.0661661	132.93
0.0665045	133.58
0.0668428	134.25
0.0671812	134.89
0.0675195	135.56
0.0678578	136.21
0.0681962	136.87
0.0685345	137.52
0.0688728	138.16
0.0692112	138.82
0.0695495	139.48
0.0698879	140.14
0.0702262	140.79
0.0705645	141.45
0.0709029	142.11
0.0712412	142.78
0.0715796	143.44
0.0719179	144.1
0.0722562	144.76
0.0725946	145.4
0.0729329	146.06
0.0732713	146.72
0.0736096	147.4
0.0739479	148.05
0.0742863	148.71
0.0746246	149.37
0.0749629	150.03
0.0753013	150.67
0.0756396	151.33
0.075978	151.99
0.0763163	152.64
0.0766546	153.29
0.076993	153.95
0.0773313	154.6
0.0776697	155.25
0.078008	155.92
0.0783463	156.59
0.0786847	157.26
0.079023	157.91
0.0793613	158.55
0.0796997	159.19
0.080038	159.85
0.0803764	160.52
0.0807147	161.18
0.081053	161.82
0.0813914	162.46
0.0817297	163.11
0.0820681	163.75
0.0824064	164.43
0.0827447	165.16
0.0830831	165.85
0.0834214	166.52
0.0837597	167.19
0.0840981	167.85
0.0844364	168.55
0.0847748	169.24
0.0851131	169.91
0.0854514	170.63
0.0857898	171.34
0.0861281	172.07
0.0864665	172.79
0.0868048	173.52
0.0871431	174.29
0.0874815	175.02
0.0878198	175.76
0.0881581	176.52
0.0884965	177.31
0.0888348	178.06
0.0891732	178.82
0.0895115	179.55
0.0898498	180.26
0.0901882	180.94
0.0905265	181.62
0.0908649	182.3
0.0912032	183.01
0.0915415	183.7
0.0918799	184.38
0.0922182	185.06
0.0925566	185.77
0.0928949	186.49
0.0932332	187.2
0.0935716	187.91
0.0939099	188.58
0.0942482	189.24
0.0945866	189.9
0.0949249	190.57
0.0952633	191.23
0.0956016	191.88
0.0959399	192.53
0.0962783	193.17
0.0966166	193.81
0.096955	194.45
0.0972933	195.1
0.0976316	195.74
0.09797	196.38
0.0983083	197.02
0.0986466	197.68
0.098985	198.33
0.0993233	198.97
0.0996617	199.61
0.1	200.6
0.100338	201.25
0.100676	201.89
0.101014	202.53
0.101351	203.19
0.101689	203.83
0.102027	204.47
0.102365	205.11
0.102703	205.76
0.103041	206.41
0.103378	207.08
0.103716	207.73
0.104054	208.38
0.104392	209.03
0.10473	209.69
0.105068	210.34
0.105405	210.99
0.105743	211.65
0.106081	212.3
0.106419	212.96
0.106757	213.61
0.107095	214.28
0.107432	214.94
0.10777	215.6
0.108108	216.25
0.108446	216.91
0.108784	217.56
0.109122	218.22
0.109459	218.88
0.109797	219.53
0.110135	220.19
0.110473	220.84
0.110811	221.5
0.111149	222.15
0.111486	222.81
0.111824	223.46
0.112162	224.11
0.1125	224.77
0.112838	225.43
0.113176	226.08
0.113514	226.73
0.113851	227.39
0.114189	228.05
0.114527	228.7
0.114865	229.36
0.115203	230.01
0.115541	230.67
0.115878	231.31
0.116216	231.95
0.116554	232.59
0.116892	233.24
0.11723	233.9
0.117568	234.56
0.117905	235.21
0.118243	235.86
0.118581	236.52
0.118919	237.19
0.119257	237.86
0.119595	238.51
0.119932	239.17
0.12027	239.81
0.120608	240.47
0.120946	241.12
0.121284	241.77
0.121622	242.43
0.121959	243.08
0.122297	243.75
0.122635	244.4
0.122973	245.06
0.123311	245.71
0.123649	246.37
0.123986	247.02
0.124324	247.67
0.124662	248.32
0.125	248.98
0.125338	249.63
0.125676	250.29
0.126014	250.95
0.126351	251.6
0.126689	252.25
0.127027	252.91
0.127365	253.56
0.127703	254.21
0.128041	254.87
0.128378	255.54
0.128716	256.19
0.129054	256.84
0.129392	257.49
0.12973	258.15
0.130068	258.81
0.130405	259.47
0.130743	260.13
0.131081	260.78
0.131419	261.44
0.131757	262.09
0.132095	262.84
0.132432	263.59
0.13277	264.39
0.133108	265.15
0.133446	265.91
0.133784	266.66
0.134122	267.35
0.134459	268.08
0.134797	268.83
0.135135	269.62
0.135473	270.38
0.135811	271.13
0.136149	271.88
0.136486	272.58
0.136824	273.3
0.137162	273.98
0.1375	274.66
0.137838	275.33
0.138176	276.01
0.138514	276.66
0.138851	277.34
0.139189	277.98
0.139527	278.61
0.139865	279.25
0.140203	279.91
0.140541	280.56
0.140878	281.22
0.141216	281.86
0.141554	282.51
0.141892	283.15
0.14223	283.81
0.142568	284.45
0.142905	285.11
0.143243	285.75
0.143581	286.4
0.143919	287.05
0.144257	287.7
0.144595	288.33
0.144932	288.97
0.14527	289.59
0.145608	290.22
0.145946	290.85
0.146284	291.49
0.146622	292.13
0.146959	292.76
0.147297	293.4
0.147635	294.05
0.147973	294.68
0.148311	295.31
0.148649	295.94
0.148986	296.57
0.149324	297.21
0.149662	297.85
0.15	298.48
0.150338	299.13
0.150676	299.76
0.151014	300.39
0.151351	301.01
0.151689	301.64
0.152027	302.27
0.152365	302.9
0.152703	303.53
0.153041	304.16
0.153378	304.8
0.153716	305.43
0.154054	306.07
0.154392	306.71
0.15473	307.4
0.155068	308.04
0.155405	308.67
0.155743	309.3
0.156081	309.93
0.156419	310.57
0.156757	311.2
0.157095	311.81
0.157432	312.45
0.15777	313.08
0.158108	313.71
0.158446	314.35
0.158784	314.99
0.159122	315.64
0.159459	316.3
0.159797	316.94
0.160135	317.57
0.160473	318.21
0.160811	318.83
0.161149	319.47
0.161486	320.09
0.161824	320.7
0.162162	321.37
0.1625	322
0.162838	322.63
0.163176	323.25
0.163514	323.88
0.163851	324.51
0.164189	325.14
0.164527	325.76
0.164865	326.38
0.165203	327.03
0.165541	327.66
0.165878	328.3
0.166216	328.93
0.166554	329.55
0.166892	330.18
0.16723	330.81
0.167568	331.44
0.167905	332.09
0.168243	332.7
0.168581	333.33
0.168919	333.93
0.169257	334.55
0.169595	335.18
0.169932	335.81
0.17027	336.45
0.170608	337.07
0.170946	337.69
0.171284	338.3
0.171622	338.92
0.171959	339.54
0.172297	340.16
0.172635	340.8
0.172973	341.42
0.173311	342.05
0.173649	342.66
0.173986	343.28
0.174324	343.88
0.174662	344.48
0.175	345.09
0.175338	345.69
0.175676	346.29
0.176014	346.9
0.176351	347.51
0.176689	348.12
0.177027	348.73
0.177365	349.33
0.177703	349.93
0.178041	350.53
0.178378	351.14
0.178716	351.74
0.179054	352.35
0.179392	352.95
0.17973	353.55
0.180068	354.16
0.180405	354.76
0.180743	355.37
0.181081	355.97
0.181419	356.57
0.181757	357.19
0.182095	357.78
0.182432	358.38
0.18277	358.98
0.183108	359.57
0.183446	360.16
0.183784	360.74
0.184122	361.34
0.184459	361.93
0.184797	362.51
0.185135	363.11
0.185473	363.69
0.185811	364.29
0.186149	364.94
0.186486	365.57
0.186824	366.17
0.187162	366.77
0.1875	367.36
0.187838	367.96
0.188176	368.56
0.188514	369.15
0.188851	369.74
0.189189	370.33
0.189527	370.98
0.189865	371.65
0.190203	372.29
0.190541	372.93
0.190878	373.56
0.191216	374.2
0.191554	374.8
0.191892	375.43
0.19223	376.05
0.192568	376.66
0.192905	377.26
0.193243	377.85
0.193581	378.44
0.193919	379.05
0.194257	379.66
0.194595	380.25
0.194932	380.84
0.19527	381.43
0.195608	382.03
0.195946	382.62
0.196284	383.21
0.196622	383.8
0.196959	384.39
0.197297	384.97
0.197635	385.56
0.197973	386.15
0.198311	386.75
0.198649	387.35
0.198986	387.94
0.199324	388.54
0.199662	389.15
0.2	390.08
0.200338	390.68
0.200676	391.28
0.201014	391.87
0.201351	392.46
0.201689	393.05
0.202027	393.64
0.202365	394.23
0.202703	394.83
0.203041	395.43
0.203378	396.03
0.203716	396.64
0.204054	397.26
0.204392	397.85
0.20473	398.44
0.205068	399.02
0.205405	399.61
0.205743	400.2
0.206081	400.8
0.206419	401.39
0.206757	401.98
0.207095	402.56
0.207432	403.15
0.20777	403.74
0.208108	404.33
0.208446	404.92
0.208784	405.52
0.209122	406.1
0.209459	406.69
0.209797	407.28
0.210135	407.87
0.210473	408.47
0.210811	409.06
0.211149	409.65
0.211486	410.24
0.211824	410.83
0.212162	411.42
0.2125	412.01
0.212838	412.6
0.213176	413.19
0.213514	413.78
0.213851	414.38
0.214189	414.97
0.214527	415.55
0.214865	416.14
0.215203	416.75
0.215541	417.35
0.215878	417.94
0.216216	418.52
0.216554	419.11
0.216892	419.72
0.21723	420.33
0.217568	420.92
0.217905	421.51
0.218243	422.12
0.218581	422.71
0.218919	423.3
0.219257	423.89
0.219595	424.48
0.219932	425.08
0.22027	425.67
0.220608	426.26
0.220946	426.84
0.221284	427.43
0.221622	428.02
0.221959	428.61
0.222297	429.2
0.222635	429.79
0.222973	430.39
0.223311	430.98
0.223649	431.57
0.223986	432.16
0.224324	432.75
0.224662	433.34
0.225	433.93
0.225338	434.52
0.225676	435.12
0.226014	435.71
0.226351	436.29
0.226689	436.89
0.227027	437.47
0.227365	438.07
0.227703	438.67
0.228041	439.29
0.228378	439.9
0.228716	440.49
0.229054	441.08
0.229392	441.67
0.22973	442.26
0.230068	442.86
0.230405	443.44
0.230743	444.04
0.231081	444.63
0.231419	445.21
0.231757	445.8
0.232095	446.4
0.232432	447
0.23277	447.59
0.233108	448.18
0.233446	448.77
0.233784	449.36
0.234122	449.95
0.234459	450.54
0.234797	451.13
0.235135	451.72
0.235473	452.31
0.235811	452.9
0.236149	453.49
0.236486	454.08
0.236824	454.67
0.237162	455.26
0.2375	455.86
0.237838	456.47
0.238176	457.06
0.238514	457.65
0.238851	458.24
0.239189	458.83
0.239527	459.43
0.239865	460.02
0.240203	460.61
0.240541	461.19
0.240878	461.78
0.241216	462.38
0.241554	463
0.241892	463.58
0.24223	464.17
0.242568	464.77
0.242905	465.35
0.243243	465.94
0.243581	466.54
0.243919	467.13
0.244257	467.72
0.244595	468.31
0.244932	468.9
0.24527	469.49
0.245608	470.08
0.245946	470.67
0.246284	471.26
0.246622	471.85
0.246959	472.45
0.247297	473.03
0.247635	473.63
0.247973	474.22
0.248311	474.81
0.248649	475.43
0.248986	476.05
0.249324	476.66
0.249662	477.3
0.25	477.94
0.250338	478.57
0.250676	479.18
0.251014	479.8
0.251351	480.44
0.251689	481.07
0.252027	481.71
0.252365	482.34
0.252703	482.98
0.253041	483.6
0.253378	484.24
0.253716	484.88
0.254054	485.5
0.254392	486.14
0.25473	486.79
0.255068	487.43
0.255405	488.08
0.255743	488.73
0.256081	489.36
0.256419	490.02
0.256757	490.66
0.257095	491.31
0.257432	491.96
0.25777	492.61
0.258108	493.25
0.258446	493.91
0.258784	494.56
0.259122	495.22
0.259459	495.88
0.259797	496.52
0.260135	497.16
0.260473	497.8
0.260811	498.46
0.261149	499.11
0.261486	499.75
0.261824	500.41
0.262162	501.05
0.2625	501.71
0.262838	502.35
0.263176	502.99
0.263514	503.64
0.263851	504.3
0.264189	504.95
0.264527	505.6
0.264865	506.25
0.265203	506.89
0.265541	507.58
0.265878	508.25
0.266216	508.9
0.266554	509.55
0.266892	510.18
0.26723	510.84
0.267568	511.51
0.267905	512.21
0.268243	512.86
0.268581	513.53
0.268919	514.18
0.269257	514.83
0.269595	515.48
0.269932	516.15
0.27027	516.8
0.270608	517.45
0.270946	518.09
0.271284	518.74
0.271622	519.36
0.271959	519.97
0.272297	520.59
0.272635	521.2
0.272973	521.82
0.273311	522.44
0.273649	523.06
0.273986	523.68
0.274324	524.28
0.274662	524.9
0.275	525.52
0.275338	526.14
0.275676	526.75
0.276014	527.37
0.276351	527.99
0.276689	528.6
0.277027	529.2
0.277365	529.81
0.277703	530.42
0.278041	531.04
0.278378	531.65
0.278716	532.27
0.279054	532.88
0.279392	533.49
0.27973	534.1
0.280068	534.72
0.280405	535.34
0.280743	535.95
0.281081	536.74
0.281419	537.38
0.281757	537.97
0.282095	538.56
0.282432	539.15
0.28277	539.74
0.283108	540.33
0.283446	540.92
0.283784	541.51
0.284122	542.09
0.284459	542.68
0.284797	543.28
0.285135	543.87
0.285473	544.46
0.285811	545.03
0.286149	545.62
0.286486	546.21
0.286824	546.81
0.287162	547.39
0.2875	547.98
0.287838	548.57
0.288176	549.16
0.288514	549.75
0.288851	550.35
0.289189	550.94
0.289527	551.52
0.289865	552.11
0.290203	552.7
0.290541	553.28
0.290878	553.87
0.291216	554.46
0.291554	555.05
0.291892	555.63
0.29223	556.21
0.292568	556.8
0.292905	557.4
0.293243	557.98
0.293581	558.57
0.293919	559.14
0.294257	559.73
0.294595	560.31
0.294932	560.9
0.29527	561.48
0.295608	562.06
0.295946	562.65
0.296284	563.24
0.296622	563.82
0.296959	564.4
0.297297	564.98
0.297635	565.57
0.297973	566.14
0.298311	566.74
0.298649	567.33
0.298986	567.89
0.299324	568.48
0.299662	569.08
0.3	570
0.300338	570.59
0.300676	571.17
0.301014	571.76
0.301351	572.34
0.301689	572.93
0.302027	573.51
0.302365	574.09
0.302703	574.67
0.303041	575.26
0.303378	575.85
0.303716	576.43
0.304054	577.03
0.304392	577.63
0.30473	578.23
0.305068	578.82
0.305405	579.41
0.305743	580
0.306081	580.56
0.306419	581.16
0.306757	581.74
0.307095	582.31
0.307432	582.89
0.30777	583.48
0.308108	584.07
0.308446	584.63
0.308784	585.21
0.309122	585.8
0.309459	586.38
0.309797	586.97
0.310135	587.56
0.310473	588.13
0.310811	588.7
0.311149	589.28
0.311486	589.85
0.311824	590.45
0.312162	591.01
0.3125	591.61
0.312838	592.18
0.313176	592.79
0.313514	593.39
0.313851	593.98
0.314189	594.56
0.314527	595.16
0.314865	595.74
0.315203	596.32
0.315541	596.92
0.315878	597.5
0.316216	598.08
0.316554	598.65
0.316892	599.23
0.31723	599.81
0.317568	600.39
0.317905	600.97
0.318243	601.56
0.318581	602.13
0.318919	602.72
0.319257	603.3
0.319595	603.86
0.319932	604.43
0.32027	604.99
0.320608	605.57
0.320946	606.16
0.321284	606.74
0.321622	607.31
0.321959	607.87
0.322297	608.43
0.322635	609
0.322973	609.57
0.323311	610.15
0.323649	610.71
0.323986	611.29
0.324324	611.87
0.324662	612.45
0.325	613.02
0.325338	613.61
0.325676	614.17
0.326014	614.73
0.326351	615.3
0.326689	615.88
0.327027	616.44
0.327365	617.01
0.327703	617.57
0.328041	618.13
0.328378	618.7
0.328716	619.26
0.329054	619.82
0.329392	620.39
0.32973	620.95
0.330068	621.51
0.330405	622.08
0.330743	622.65
0.331081	623.21
0.331419	623.78
0.331757	624.35
0.332095	624.91
0.332432	625.48
0.33277	626.05
0.333108	626.62
0.333446	627.21
0.333784	627.78
0.334122	628.36
0.334459	628.92
0.334797	629.5
0.335135	630.07
0.335473	630.64
0.335811	631.21
0.336149	631.8
0.336486	632.36
0.336824	632.92
0.337162	633.49
0.3375	634.06
0.337838	634.63
0.338176	635.21
0.338514	635.8
0.338851	636.38
0.339189	636.97
0.339527	637.54
0.339865	638.1
0.340203	638.69
0.340541	639.25
0.340878	639.82
0.341216	640.41
0.341554	640.98
0.341892	641.54
0.34223	642.13
0.342568	642.69
0.342905	643.26
0.343243	643.84
0.343581	644.41
0.343919	644.97
0.344257	645.56
0.344595	646.12
0.344932	646.69
0.34527	647.25
0.345608	647.83
0.345946	648.4
0.346284	648.97
0.346622	649.53
0.346959	650.11
0.347297	650.67
0.347635	651.25
0.347973	651.82
0.348311	652.39
0.348649	652.95
0.348986	653.52
0.349324	654.09
0.349662	654.66
0.35	655.23
0.350338	655.92
0.350676	656.55
0.351014	657.21
0.351351	657.83
0.351689	658.42
0.352027	659
0.352365	659.57
0.352703	660.13
0.353041	660.71
0.353378	661.27
0.353716	661.85
0.354054	662.41
0.354392	662.99
0.35473	663.57
0.355068	664.15
0.355405	664.71
0.355743	665.28
0.356081	665.87
0.356419	666.48
0.356757	667.06
0.357095	667.65
0.357432	668.23
0.35777	668.79
0.358108	669.36
0.358446	669.95
0.358784	670.53
0.359122	671.14
0.359459	671.75
0.359797	672.35
0.360135	672.98
0.360473	673.62
0.360811	674.26
0.361149	674.89
0.361486	675.54
0.361824	676.16
0.362162	676.79
0.3625	677.44
0.362838	678.08
0.363176	678.74
0.363514	679.42
0.363851	680.1
0.364189	680.79
0.364527	681.47
0.364865	682.17
0.365203	682.83
0.365541	683.46
0.365878	684.07
0.366216	684.66
0.366554	685.24
0.366892	685.8
0.36723	686.37
0.367568	686.94
0.367905	687.51
0.368243	688.08
0.368581	688.64
0.368919	689.2
0.369257	689.76
0.369595	690.32
0.369932	690.89
0.37027	691.47
0.370608	692.03
0.370946	692.6
0.371284	693.16
0.371622	693.74
0.371959	694.3
0.372297	694.87
0.372635	695.44
0.372973	696
0.373311	696.56
0.373649	697.12
0.373986	697.69
0.374324	698.26
0.374662	698.82
0.375	699.38
0.375338	699.94
0.375676	700.51
0.376014	701.07
0.376351	701.64
0.376689	702.2
0.377027	702.76
0.377365	703.33
0.377703	703.9
0.378041	704.46
0.378378	705.03
0.378716	705.59
0.379054	706.15
0.379392	706.72
0.37973	707.28
0.380068	707.85
0.380405	708.41
0.380743	708.97
0.381081	709.53
0.381419	710.1
0.381757	710.67
0.382095	711.23
0.382432	711.8
0.38277	712.36
0.383108	712.93
0.383446	713.49
0.383784	714.05
0.384122	714.62
0.384459	715.18
0.384797	715.75
0.385135	716.32
0.385473	716.9
0.385811	717.46
0.386149	718.03
0.386486	718.59
0.386824	719.15
0.387162	719.72
0.3875	720.29
0.387838	720.85
0.388176	721.41
0.388514	721.98
0.388851	722.54
0.389189	723.12
0.389527	723.68
0.389865	724.24
0.390203	724.81
0.390541	725.37
0.390878	725.94
0.391216	726.51
0.391554	727.07
0.391892	727.63
0.39223	728.2
0.392568	728.77
0.392905	729.33
0.393243	729.9
0.393581	730.47
0.393919	731.05
0.394257	731.62
0.394595	732.19
0.394932	732.77
0.39527	733.35
0.395608	733.93
0.395946	734.51
0.396284	735.08
0.396622	735.66
0.396959	736.24
0.397297	736.82
0.397635	737.4
0.397973	737.97
0.398311	738.55
0.398649	739.13
0.398986	739.7
0.399324	740.28
0.399662	740.87
0.4	741.8
0.400338	742.37
0.400676	742.95
0.401014	743.53
0.401351	744.1
0.401689	744.68
0.402027	745.26
0.402365	745.83
0.402703	746.41
0.403041	747.01
0.403378	747.61
0.403716	748.2
0.404054	748.78
0.404392	749.36
0.40473	749.93
0.405068	750.51
0.405405	751.09
0.405743	751.66
0.406081	752.23
0.406419	752.81
0.406757	753.39
0.407095	753.97
0.407432	754.54
0.40777	755.11
0.408108	755.69
0.408446	756.26
0.408784	756.86
0.409122	757.44
0.409459	758.03
0.409797	758.62
0.410135	759.2
0.410473	759.78
0.410811	760.36
0.411149	760.93
0.411486	761.51
0.411824	762.07
0.412162	762.64
0.4125	763.22
0.412838	763.79
0.413176	764.36
0.413514	764.94
0.413851	765.51
0.414189	766.08
0.414527	766.66
0.414865	767.23
0.415203	767.82
0.415541	768.39
0.415878	768.97
0.416216	769.54
0.416554	770.15
0.416892	770.81
0.41723	771.45
0.417568	772.09
0.417905	772.73
0.418243	773.34
0.418581	773.93
0.418919	774.54
0.419257	775.14
0.419595	775.74
0.419932	776.33
0.42027	776.95
0.420608	777.56
0.420946	778.16
0.421284	778.76
0.421622	779.37
0.421959	779.99
0.422297	780.67
0.422635	781.34
0.422973	782
0.423311	782.64
0.423649	783.25
0.423986	783.83
0.424324	784.43
0.424662	784.99
0.425	785.57
0.425338	786.14
0.425676	786.72
0.426014	787.28
0.426351	787.87
0.426689	788.43
0.427027	788.99
0.427365	789.55
0.427703	790.12
0.428041	790.68
0.428378	791.26
0.428716	791.82
0.429054	792.4
0.429392	793.01
0.42973	793.67
0.430068	794.31
0.430405	794.97
0.430743	795.63
0.431081	796.28
0.431419	796.93
0.431757	797.61
0.432095	798.28
0.432432	798.91
0.43277	799.5
0.433108	800.09
0.433446	800.67
0.433784	801.26
0.434122	801.84
0.434459	802.43
0.434797	803.01
0.435135	803.57
0.435473	804.14
0.435811	804.71
0.436149	805.27
0.436486	805.84
0.436824	806.4
0.437162	806.97
0.4375	807.54
0.437838	808.1
0.438176	808.67
0.438514	809.23
0.438851	809.8
0.439189	810.37
0.439527	810.93
0.439865	811.5
0.440203	812.05
0.440541	812.61
0.440878	813.16
0.441216	813.73
0.441554	814.29
0.441892	814.85
0.44223	815.4
0.442568	815.96
0.442905	816.51
0.443243	817.06
0.443581	817.61
0.443919	818.18
0.444257	818.73
0.444595	819.29
0.444932	819.84
0.44527	820.4
0.445608	820.96
0.445946	821.52
0.446284	822.09
0.446622	822.65
0.446959	823.21
0.447297	823.78
0.447635	824.34
0.447973	824.91
0.448311	825.48
0.448649	826.04
0.448986	826.6
0.449324	827.17
0.449662	827.73
0.45	828.29
0.450338	828.85
0.450676	829.42
0.451014	829.98
0.451351	830.55
0.451689	831.1
0.452027	831.67
0.452365	832.22
0.452703	832.83
0.453041	833.42
0.453378	833.99
0.453716	834.55
0.454054	835.13
0.454392	835.68
0.45473	836.25
0.455068	836.8
0.455405	837.4
0.455743	837.95
0.456081	838.53
0.456419	839.08
0.456757	839.66
0.457095	840.21
0.457432	840.77
0.45777	841.32
0.458108	841.88
0.458446	842.44
0.458784	843.01
0.459122	843.57
0.459459	844.15
0.459797	844.7
0.460135	845.29
0.460473	845.84
0.460811	846.4
0.461149	846.95
0.461486	847.52
0.461824	848.07
0.462162	848.63
0.4625	849.18
0.462838	849.75
0.463176	850.31
0.463514	850.89
0.463851	851.45
0.464189	852.03
0.464527	852.6
0.464865	853.18
0.465203	853.75
0.465541	854.31
0.465878	854.86
0.466216	855.44
0.466554	855.99
0.466892	856.57
0.46723	857.12
0.467568	857.7
0.467905	858.25
0.468243	858.83
0.468581	859.38
0.468919	859.96
0.469257	860.51
0.469595	861.08
0.469932	861.64
0.47027	862.21
0.470608	862.79
0.470946	863.35
0.471284	863.91
0.471622	864.48
0.471959	865.04
0.472297	865.61
0.472635	866.17
0.472973	866.74
0.473311	867.33
0.473649	867.92
0.473986	868.5
0.474324	869.09
0.474662	869.7
0.475	870.31
0.475338	870.92
0.475676	871.5
0.476014	872.06
0.476351	872.63
0.476689	873.2
0.477027	873.76
0.477365	874.32
0.477703	874.88
0.478041	875.44
0.478378	876
0.478716	876.56
0.479054	877.13
0.479392	877.69
0.47973	878.25
0.480068	878.81
0.480405	879.38
0.480743	879.95
0.481081	880.51
0.481419	881.07
0.481757	881.63
0.482095	882.19
0.482432	882.75
0.48277	883.34
0.483108	883.9
0.483446	884.47
0.483784	885.04
0.484122	885.62
0.484459	886.19
0.484797	886.76
0.485135	887.31
0.485473	887.88
0.485811	888.44
0.486149	888.99
0.486486	889.53
0.486824	890.1
0.487162	890.66
0.4875	891.23
0.487838	891.77
0.488176	892.33
0.488514	892.89
0.488851	893.46
0.489189	894.04
0.489527	894.71
0.489865	895.35
0.490203	896
0.490541	896.64
0.490878	897.31
0.491216	897.93
0.491554	898.57
0.491892	899.17
0.49223	899.79
0.492568	900.39
0.492905	900.99
0.493243	901.58
0.493581	902.18
0.493919	902.78
0.494257	903.41
0.494595	904.02
0.494932	904.62
0.49527	905.22
0.495608	905.83
0.495946	906.42
0.496284	907.01
0.496622	907.6
0.496959	908.2
0.497297	908.79
0.497635	909.38
0.497973	909.98
0.498311	910.57
0.498649	911.17
0.498986	911.76
0.499324	912.36
0.499662	912.96
0.5	913.89
0.500338	914.44
0.500676	914.98
0.501014	915.52
0.501351	916.06
0.501689	916.6
0.502027	917.14
0.502365	917.69
0.502703	918.25
0.503041	918.81
0.503378	919.38
0.503716	919.94
0.504054	920.5
0.504392	921.05
0.50473	921.59
0.505068	922.13
0.505405	922.67
0.505743	923.21
0.506081	923.75
0.506419	924.28
0.506757	924.82
0.507095	925.38
0.507432	925.91
0.50777	926.45
0.508108	927
0.508446	927.54
0.508784	928.08
0.509122	928.61
0.509459	929.15
0.509797	929.69
0.510135	930.22
0.510473	930.77
0.510811	931.32
0.511149	931.86
0.511486	932.4
0.511824	932.94
0.512162	933.49
0.5125	934.03
0.512838	934.57
0.513176	935.11
0.513514	935.67
0.513851	936.22
0.514189	936.78
0.514527	937.31
0.514865	937.88
0.515203	938.41
0.515541	938.98
0.515878	939.52
0.516216	940.09
0.516554	940.62
0.516892	941.19
0.51723	941.72
0.517568	942.29
0.517905	942.82
0.518243	943.39
0.518581	943.95
0.518919	944.52
0.519257	945.09
0.519595	945.66
0.519932	946.25
0.52027	946.84
0.520608	947.41
0.520946	947.99
0.521284	948.56
0.521622	949.14
0.521959	949.72
0.522297	950.29
0.522635	950.87
0.522973	951.45
0.523311	952.02
0.523649	952.6
0.523986	953.17
0.524324	953.73
0.524662	954.33
0.525	954.93
0.525338	955.53
0.525676	956.09
0.526014	956.65
0.526351	957.24
0.526689	957.78
0.527027	958.35
0.527365	958.91
0.527703	959.48
0.528041	960.02
0.528378	960.58
0.528716	961.12
0.529054	961.68
0.529392	962.22
0.52973	962.78
0.530068	963.35
0.530405	963.91
0.530743	964.45
0.531081	965.01
0.531419	965.59
0.531757	966.15
0.532095	966.69
0.532432	967.27
0.53277	967.8
0.533108	968.35
0.533446	968.89
0.533784	969.44
0.534122	969.98
0.534459	970.53
0.534797	971.06
0.535135	971.62
0.535473	972.16
0.535811	972.71
0.536149	973.26
0.536486	973.82
0.536824	974.35
0.537162	974.9
0.5375	975.45
0.537838	976
0.538176	976.55
0.538514	977.11
0.538851	977.66
0.539189	978.22
0.539527	978.78
0.539865	979.35
0.540203	979.92
0.540541	980.5
0.540878	981.06
0.541216	981.63
0.541554	982.19
0.541892	982.76
0.54223	983.33
0.542568	983.89
0.542905	984.45
0.543243	985.02
0.543581	985.59
0.543919	986.16
0.544257	986.72
0.544595	987.28
0.544932	987.85
0.54527	988.42
0.545608	988.98
0.545946	989.54
0.546284	990.1
0.546622	990.66
0.546959	991.24
0.547297	991.8
0.547635	992.35
0.547973	992.9
0.548311	993.45
0.548649	994
0.548986	994.55
0.549324	995.1
0.549662	995.66
0.55	996.21
0.550338	996.75
0.550676	997.31
0.551014	997.86
0.551351	998.4
0.551689	998.95
0.552027	999.52
0.552365	1000.07
0.552703	1000.62
0.553041	1001.18
0.553378	1001.73
0.553716	1002.29
0.554054	1002.84
0.554392	1003.4
0.55473	1003.96
0.555068	1004.52
0.555405	1005.08
0.555743	1005.64
0.556081	1006.19
0.556419	1006.75
0.556757	1007.3
0.557095	1007.86
0.557432	1008.43
0.55777	1008.99
0.558108	1009.57
0.558446	1010.13
0.558784	1010.69
0.559122	1011.25
0.559459	1011.81
0.559797	1012.38
0.560135	1012.94
0.560473	1013.49
0.560811	1014.06
0.561149	1014.62
0.561486	1015.18
0.561824	1015.73
0.562162	1016.29
0.5625	1016.84
0.562838	1017.42
0.563176	1017.98
0.563514	1018.55
0.563851	1019.11
0.564189	1019.67
0.564527	1020.23
0.564865	1020.79
0.565203	1021.36
0.565541	1021.93
0.565878	1022.49
0.566216	1023.05
0.566554	1023.61
0.566892	1024.17
0.56723	1024.73
0.567568	1025.3
0.567905	1025.87
0.568243	1026.43
0.568581	1026.98
0.568919	1027.54
0.569257	1028.1
0.569595	1028.66
0.569932	1029.24
0.57027	1029.8
0.570608	1030.37
0.570946	1030.94
0.571284	1031.49
0.571622	1032.04
0.571959	1032.59
0.572297	1033.15
0.572635	1033.7
0.572973	1034.26
0.573311	1034.81
0.573649	1035.36
0.573986	1035.91
0.574324	1036.47
0.574662	1037.07
0.575	1037.66
0.575338	1038.23
0.575676	1038.82
0.576014	1039.39
0.576351	1039.98
0.576689	1040.56
0.577027	1041.15
0.577365	1041.73
0.577703	1042.32
0.578041	1042.89
0.578378	1043.47
0.578716	1044.05
0.579054	1044.62
0.579392	1045.22
0.57973	1045.8
0.580068	1046.41
0.580405	1047
0.580743	1047.61
0.581081	1048.22
0.581419	1048.85
0.581757	1049.46
0.582095	1050.08
0.582432	1050.67
0.58277	1051.29
0.583108	1051.9
0.583446	1052.51
0.583784	1053.12
0.584122	1053.75
0.584459	1054.37
0.584797	1055
0.585135	1055.62
0.585473	1056.27
0.585811	1056.86
0.586149	1057.44
0.586486	1057.99
0.586824	1058.56
0.587162	1059.12
0.5875	1059.68
0.587838	1060.26
0.588176	1060.82
0.588514	1061.38
0.588851	1061.95
0.589189	1062.52
0.589527	1063.08
0.589865	1063.64
0.590203	1064.21
0.590541	1064.77
0.590878	1065.34
0.591216	1065.9
0.591554	1066.47
0.591892	1067.03
0.59223	1067.59
0.592568	1068.16
0.592905	1068.72
0.593243	1069.29
0.593581	1069.86
0.593919	1070.43
0.594257	1071
0.594595	1071.58
0.594932	1072.15
0.59527	1072.73
0.595608	1073.32
0.595946	1073.91
0.596284	1074.52
0.596622	1075.14
0.596959	1075.73
0.597297	1076.34
0.597635	1076.93
0.597973	1077.56
0.598311	1078.16
0.598649	1078.74
0.598986	1079.34
0.599324	1079.94
0.599662	1080.53
0.6	1081.45
0.600338	1082.06
0.600676	1082.62
0.601014	1083.18
0.601351	1083.75
0.601689	1084.31
0.602027	1084.88
0.602365	1085.45
0.602703	1086.01
0.603041	1086.58
0.603378	1087.14
0.603716	1087.71
0.604054	1088.27
0.604392	1088.84
0.60473	1089.4
0.605068	1089.98
0.605405	1090.54
0.605743	1091.09
0.606081	1091.66
0.606419	1092.23
0.606757	1092.79
0.607095	1093.35
0.607432	1093.93
0.60777	1094.49
0.608108	1095.05
0.608446	1095.64
0.608784	1096.21
0.609122	1096.8
0.609459	1097.4
0.609797	1097.99
0.610135	1098.57
0.610473	1099.15
0.610811	1099.73
0.611149	1100.31
0.611486	1100.89
0.611824	1101.46
0.612162	1102.02
0.6125	1102.59
0.612838	1103.15
0.613176	1103.72
0.613514	1104.29
0.613851	1104.86
0.614189	1105.42
0.614527	1105.97
0.614865	1106.55
0.615203	1107.11
0.615541	1107.67
0.615878	1108.24
0.616216	1108.8
0.616554	1109.37
0.616892	1109.94
0.61723	1110.5
0.617568	1111.07
0.617905	1111.63
0.618243	1112.2
0.618581	1112.74
0.618919	1113.3
0.619257	1113.87
0.619595	1114.44
0.619932	1114.98
0.62027	1115.54
0.620608	1116.08
0.620946	1116.64
0.621284	1117.18
0.621622	1117.75
0.621959	1118.3
0.622297	1118.86
0.622635	1119.4
0.622973	1119.96
0.623311	1120.51
0.623649	1121.07
0.623986	1121.61
0.624324	1122.17
0.624662	1122.71
0.625	1123.27
0.625338	1123.81
0.625676	1124.38
0.626014	1124.91
0.626351	1125.48
0.626689	1126.01
0.627027	1126.57
0.627365	1127.12
0.627703	1127.68
0.628041	1128.22
0.628378	1128.78
0.628716	1129.32
0.629054	1129.89
0.629392	1130.43
0.62973	1130.99
0.630068	1131.53
0.630405	1132.09
0.630743	1132.63
0.631081	1133.19
0.631419	1133.73
0.631757	1134.3
0.632095	1134.84
0.632432	1135.41
0.63277	1135.94
0.633108	1136.51
0.633446	1137.06
0.633784	1137.64
0.634122	1138.2
0.634459	1138.77
0.634797	1139.33
0.635135	1139.9
0.635473	1140.43
0.635811	1140.99
0.636149	1141.53
0.636486	1142.1
0.636824	1142.64
0.637162	1143.2
0.6375	1143.74
0.637838	1144.3
0.638176	1144.86
0.638514	1145.43
0.638851	1145.97
0.639189	1146.54
0.639527	1147.07
0.639865	1147.63
0.640203	1148.17
0.640541	1148.73
0.640878	1149.27
0.641216	1149.84
0.641554	1150.4
0.641892	1150.96
0.64223	1151.49
0.642568	1152.05
0.642905	1152.62
0.643243	1153.18
0.643581	1153.72
0.643919	1154.28
0.644257	1154.82
0.644595	1155.39
0.644932	1155.92
0.64527	1156.48
0.645608	1157.05
0.645946	1157.61
0.646284	1158.15
0.646622	1158.72
0.646959	1159.25
0.647297	1159.81
0.647635	1160.36
0.647973	1160.92
0.648311	1161.48
0.648649	1162.04
0.648986	1162.58
0.649324	1163.14
0.649662	1163.7
0.65	1164.26
0.650338	1164.88
0.650676	1165.5
0.651014	1166.06
0.651351	1166.67
0.651689	1167.23
0.652027	1167.81
0.652365	1168.36
0.652703	1168.95
0.653041	1169.51
0.653378	1170.1
0.653716	1170.66
0.654054	1171.25
0.654392	1171.81
0.65473	1172.42
0.655068	1172.99
0.655405	1173.57
0.655743	1174.14
0.656081	1174.72
0.656419	1175.29
0.656757	1175.88
0.657095	1176.45
0.657432	1177.04
0.65777	1177.6
0.658108	1178.18
0.658446	1178.75
0.658784	1179.32
0.659122	1179.87
0.659459	1180.43
0.659797	1180.97
0.660135	1181.54
0.660473	1182.07
0.660811	1182.64
0.661149	1183.21
0.661486	1183.77
0.661824	1184.32
0.662162	1184.89
0.6625	1185.46
0.662838	1186.03
0.663176	1186.58
0.663514	1187.14
0.663851	1187.69
0.664189	1188.26
0.664527	1188.82
0.664865	1189.39
0.665203	1189.94
0.665541	1190.51
0.665878	1191.07
0.666216	1191.64
0.666554	1192.21
0.666892	1192.78
0.66723	1193.34
0.667568	1193.92
0.667905	1194.49
0.668243	1195.06
0.668581	1195.62
0.668919	1196.18
0.669257	1196.73
0.669595	1197.31
0.669932	1197.87
0.67027	1198.43
0.670608	1198.98
0.670946	1199.54
0.671284	1200.09
0.671622	1200.66
0.671959	1201.21
0.672297	1201.78
0.672635	1202.33
0.672973	1202.89
0.673311	1203.44
0.673649	1204.01
0.673986	1204.56
0.674324	1205.12
0.674662	1205.67
0.675	1206.24
0.675338	1206.79
0.675676	1207.36
0.676014	1207.91
0.676351	1208.47
0.676689	1209.02
0.677027	1209.59
0.677365	1210.14
0.677703	1210.7
0.678041	1211.25
0.678378	1211.82
0.678716	1212.37
0.679054	1212.93
0.679392	1213.49
0.67973	1214.05
0.680068	1214.6
0.680405	1215.16
0.680743	1215.72
0.681081	1216.28
0.681419	1216.83
0.681757	1217.4
0.682095	1217.95
0.682432	1218.51
0.68277	1219.07
0.683108	1219.63
0.683446	1220.18
0.683784	1220.74
0.684122	1221.29
0.684459	1221.85
0.684797	1222.4
0.685135	1222.97
0.685473	1223.53
0.685811	1224.09
0.686149	1224.64
0.686486	1225.2
0.686824	1225.76
0.687162	1226.32
0.6875	1226.87
0.687838	1227.44
0.688176	1227.99
0.688514	1228.55
0.688851	1229.11
0.689189	1229.67
0.689527	1230.22
0.689865	1230.78
0.690203	1231.33
0.690541	1231.9
0.690878	1232.45
0.691216	1233.01
0.691554	1233.56
0.691892	1234.12
0.69223	1234.68
0.692568	1235.24
0.692905	1235.79
0.693243	1236.35
0.693581	1236.9
0.693919	1237.47
0.694257	1238.02
0.694595	1238.59
0.694932	1239.14
0.69527	1239.71
0.695608	1240.26
0.695946	1240.82
0.696284	1241.37
0.696622	1241.93
0.696959	1242.48
0.697297	1243.04
0.697635	1243.59
0.697973	1244.16
0.698311	1244.71
0.698649	1245.28
0.698986	1245.83
0.699324	1246.39
0.699662	1246.94
0.7	1247.85
0.700338	1248.4
0.700676	1248.98
0.701014	1249.53
0.701351	1250.09
0.701689	1250.64
0.702027	1251.21
0.702365	1251.76
0.702703	1252.33
0.703041	1252.88
0.703378	1253.44
0.703716	1253.99
0.704054	1254.56
0.704392	1255.11
0.70473	1255.67
0.705068	1256.22
0.705405	1256.78
0.705743	1257.36
0.706081	1257.93
0.706419	1258.48
0.706757	1259.05
0.707095	1259.6
0.707432	1260.16
0.70777	1260.73
0.708108	1261.29
0.708446	1261.84
0.708784	1262.4
0.709122	1262.96
0.709459	1263.53
0.709797	1264.09
0.710135	1264.66
0.710473	1265.23
0.710811	1265.79
0.711149	1266.36
0.711486	1266.93
0.711824	1267.5
0.712162	1268.07
0.7125	1268.64
0.712838	1269.22
0.713176	1269.8
0.713514	1270.37
0.713851	1270.96
0.714189	1271.53
0.714527	1272.09
0.714865	1272.67
0.715203	1273.25
0.715541	1273.83
0.715878	1274.41
0.716216	1274.98
0.716554	1275.57
0.716892	1276.14
0.71723	1276.72
0.717568	1277.28
0.717905	1277.85
0.718243	1278.41
0.718581	1278.97
0.718919	1279.55
0.719257	1280.11
0.719595	1280.67
0.719932	1281.24
0.72027	1281.8
0.720608	1282.36
0.720946	1282.95
0.721284	1283.51
0.721622	1284.09
0.721959	1284.65
0.722297	1285.22
0.722635	1285.78
0.722973	1286.35
0.723311	1286.9
0.723649	1287.47
0.723986	1288.01
0.724324	1288.57
0.724662	1289.12
0.725	1289.68
0.725338	1290.23
0.725676	1290.8
0.726014	1291.35
0.726351	1291.91
0.726689	1292.47
0.727027	1293.01
0.727365	1293.56
0.727703	1294.11
0.728041	1294.66
0.728378	1295.21
0.728716	1295.76
0.729054	1296.32
0.729392	1296.87
0.72973	1297.44
0.730068	1297.99
0.730405	1298.55
0.730743	1299.09
0.731081	1299.7
0.731419	1300.34
0.731757	1301.01
0.732095	1301.66
0.732432	1302.31
0.73277	1302.99
0.733108	1303.67
0.733446	1304.32
0.733784	1304.95
0.734122	1305.56
0.734459	1306.17
0.734797	1306.78
0.735135	1307.38
0.735473	1307.95
0.735811	1308.53
0.736149	1309.1
0.736486	1309.68
0.736824	1310.25
0.737162	1310.83
0.7375	1311.41
0.737838	1312.03
0.738176	1312.63
0.738514	1313.19
0.738851	1313.76
0.739189	1314.32
0.739527	1314.9
0.739865	1315.47
0.740203	1316.05
0.740541	1316.63
0.740878	1317.21
0.741216	1317.79
0.741554	1318.37
0.741892	1318.94
0.74223	1319.5
0.742568	1320.07
0.742905	1320.63
0.743243	1321.2
0.743581	1321.76
0.743919	1322.32
0.744257	1322.88
0.744595	1323.45
0.744932	1324.01
0.74527	1324.58
0.745608	1325.15
0.745946	1325.71
0.746284	1326.27
0.746622	1326.84
0.746959	1327.4
0.747297	1327.99
0.747635	1328.58
0.747973	1329.17
0.748311	1329.75
0.748649	1330.34
0.748986	1330.9
0.749324	1331.46
0.749662	1332.03
0.75	1332.59
0.750338	1333.15
0.750676	1333.71
0.751014	1334.28
0.751351	1334.85
0.751689	1335.41
0.752027	1335.98
0.752365	1336.54
0.752703	1337.1
0.753041	1337.67
0.753378	1338.24
0.753716	1338.8
0.754054	1339.36
0.754392	1339.93
0.75473	1340.49
0.755068	1341.05
0.755405	1341.61
0.755743	1342.18
0.756081	1342.74
0.756419	1343.31
0.756757	1343.88
0.757095	1344.44
0.757432	1345
0.75777	1345.57
0.758108	1346.13
0.758446	1346.71
0.758784	1347.28
0.759122	1347.84
0.759459	1348.4
0.759797	1348.96
0.760135	1349.53
0.760473	1350.09
0.760811	1350.65
0.761149	1351.22
0.761486	1351.79
0.761824	1352.35
0.762162	1352.91
0.7625	1353.48
0.762838	1354.04
0.763176	1354.6
0.763514	1355.16
0.763851	1355.73
0.764189	1356.29
0.764527	1356.89
0.764865	1357.45
0.765203	1358.02
0.765541	1358.6
0.765878	1359.17
0.766216	1359.74
0.766554	1360.3
0.766892	1360.86
0.76723	1361.43
0.767568	1362
0.767905	1362.56
0.768243	1363.13
0.768581	1363.69
0.768919	1364.25
0.769257	1364.81
0.769595	1365.37
0.769932	1365.94
0.77027	1366.51
0.770608	1367.07
0.770946	1367.63
0.771284	1368.2
0.771622	1368.77
0.771959	1369.34
0.772297	1369.91
0.772635	1370.47
0.772973	1371.04
0.773311	1371.6
0.773649	1372.16
0.773986	1372.73
0.774324	1373.29
0.774662	1373.86
0.775	1374.43
0.775338	1374.99
0.775676	1375.55
0.776014	1376.12
0.776351	1376.68
0.776689	1377.26
0.777027	1377.83
0.777365	1378.4
0.777703	1378.96
0.778041	1379.52
0.778378	1380.09
0.778716	1380.65
0.779054	1381.22
0.779392	1381.78
0.77973	1382.34
0.780068	1382.91
0.780405	1383.47
0.780743	1384.04
0.781081	1384.6
0.781419	1385.16
0.781757	1385.73
0.782095	1386.29
0.782432	1386.85
0.78277	1387.42
0.783108	1387.99
0.783446	1388.55
0.783784	1389.12
0.784122	1389.68
0.784459	1390.24
0.784797	1390.81
0.785135	1391.37
0.785473	1391.93
0.785811	1392.51
0.786149	1393.09
0.786486	1393.66
0.786824	1394.24
0.787162	1394.81
0.7875	1395.39
0.787838	1395.97
0.788176	1396.56
0.788514	1397.15
0.788851	1397.74
0.789189	1398.32
0.789527	1398.9
0.789865	1399.48
0.790203	1400.06
0.790541	1400.64
0.790878	1401.22
0.791216	1401.83
0.791554	1402.4
0.791892	1402.96
0.79223	1403.52
0.792568	1404.09
0.792905	1404.65
0.793243	1405.22
0.793581	1405.78
0.793919	1406.34
0.794257	1406.92
0.794595	1407.49
0.794932	1408.06
0.79527	1408.62
0.795608	1409.18
0.795946	1409.74
0.796284	1410.31
0.796622	1410.87
0.796959	1411.43
0.797297	1411.99
0.797635	1412.56
0.797973	1413.12
0.798311	1413.69
0.798649	1414.25
0.798986	1414.81
0.799324	1415.38
0.799662	1415.95
0.8	1416.86
0.800338	1417.43
0.800676	1417.99
0.801014	1418.55
0.801351	1419.12
0.801689	1419.68
0.802027	1420.24
0.802365	1420.81
0.802703	1421.37
0.803041	1421.94
0.803378	1422.5
0.803716	1423.06
0.804054	1423.63
0.804392	1424.19
0.80473	1424.75
0.805068	1425.32
0.805405	1425.88
0.805743	1426.44
0.806081	1427
0.806419	1427.57
0.806757	1428.13
0.807095	1428.69
0.807432	1429.27
0.80777	1429.83
0.808108	1430.39
0.808446	1430.95
0.808784	1431.51
0.809122	1432.07
0.809459	1432.64
0.809797	1433.2
0.810135	1433.76
0.810473	1434.33
0.810811	1434.89
0.811149	1435.45
0.811486	1436.01
0.811824	1436.57
0.812162	1437.14
0.8125	1437.72
0.812838	1438.29
0.813176	1438.85
0.813514	1439.42
0.813851	1439.98
0.814189	1440.54
0.814527	1441.1
0.814865	1441.66
0.815203	1442.22
0.815541	1442.85
0.815878	1443.52
0.816216	1444.17
0.816554	1444.81
0.816892	1445.45
0.81723	1446.08
0.817568	1446.73
0.817905	1447.36
0.818243	1447.98
0.818581	1448.6
0.818919	1449.22
0.819257	1449.82
0.819595	1450.42
0.819932	1451.02
0.82027	1451.61
0.820608	1452.19
0.820946	1452.81
0.821284	1453.42
0.821622	1454.02
0.821959	1454.65
0.822297	1455.27
0.822635	1455.89
0.822973	1456.52
0.823311	1457.14
0.823649	1457.75
0.823986	1458.37
0.824324	1458.98
0.824662	1459.61
0.825	1460.25
0.825338	1460.88
0.825676	1461.49
0.826014	1462.08
0.826351	1462.66
0.826689	1463.26
0.827027	1463.84
0.827365	1464.43
0.827703	1464.99
0.828041	1465.55
0.828378	1466.12
0.828716	1466.68
0.829054	1467.25
0.829392	1467.81
0.82973	1468.39
0.830068	1468.95
0.830405	1469.51
0.830743	1470.07
0.831081	1470.64
0.831419	1471.2
0.831757	1471.77
0.832095	1472.34
0.832432	1472.9
0.83277	1473.46
0.833108	1474.03
0.833446	1474.6
0.833784	1475.16
0.834122	1475.72
0.834459	1476.29
0.834797	1476.85
0.835135	1477.42
0.835473	1477.98
0.835811	1478.54
0.836149	1479.12
0.836486	1479.68
0.836824	1480.24
0.837162	1480.8
0.8375	1481.36
0.837838	1481.93
0.838176	1482.51
0.838514	1483.08
0.838851	1483.64
0.839189	1484.2
0.839527	1484.77
0.839865	1485.34
0.840203	1485.9
0.840541	1486.46
0.840878	1487.03
0.841216	1487.61
0.841554	1488.17
0.841892	1488.74
0.84223	1489.3
0.842568	1489.87
0.842905	1490.47
0.843243	1491.05
0.843581	1491.63
0.843919	1492.21
0.844257	1492.79
0.844595	1493.36
0.844932	1493.94
0.84527	1494.52
0.845608	1495.1
0.845946	1495.68
0.846284	1496.26
0.846622	1496.83
0.846959	1497.47
0.847297	1498.05
0.847635	1498.61
0.847973	1499.17
0.848311	1499.73
0.848649	1500.3
0.848986	1500.87
0.849324	1501.43
0.849662	1501.99
0.85	1502.55
0.850338	1503.12
0.850676	1503.68
0.851014	1504.25
0.851351	1504.81
0.851689	1505.38
0.852027	1505.94
0.852365	1506.51
0.852703	1507.07
0.853041	1507.63
0.853378	1508.2
0.853716	1508.76
0.854054	1509.33
0.854392	1509.89
0.85473	1510.46
0.855068	1511.02
0.855405	1511.58
0.855743	1512.15
0.856081	1512.71
0.856419	1513.27
0.856757	1513.85
0.857095	1514.41
0.857432	1514.97
0.85777	1515.54
0.858108	1516.1
0.858446	1516.66
0.858784	1517.22
0.859122	1517.79
0.859459	1518.35
0.859797	1518.92
0.860135	1519.48
0.860473	1520.04
0.860811	1520.62
0.861149	1521.18
0.861486	1521.75
0.861824	1522.31
0.862162	1522.87
0.8625	1523.43
0.862838	1524
0.863176	1524.56
0.863514	1525.13
0.863851	1525.69
0.864189	1526.26
0.864527	1526.82
0.864865	1527.4
0.865203	1527.97
0.865541	1528.54
0.865878	1529.1
0.866216	1529.67
0.866554	1530.23
0.866892	1530.79
0.86723	1531.35
0.867568	1531.92
0.867905	1532.48
0.868243	1533.04
0.868581	1533.61
0.868919	1534.18
0.869257	1534.74
0.869595	1535.31
0.869932	1535.87
0.87027	1536.43
0.870608	1537
0.870946	1537.56
0.871284	1538.12
0.871622	1538.68
0.871959	1539.25
0.872297	1539.81
0.872635	1540.38
0.872973	1540.94
0.873311	1541.51
0.873649	1542.07
0.873986	1542.64
0.874324	1543.2
0.874662	1543.77
0.875	1544.33
0.875338	1544.89
0.875676	1545.46
0.876014	1546.02
0.876351	1546.58
0.876689	1547.15
0.877027	1547.71
0.877365	1548.28
0.877703	1548.84
0.878041	1549.41
0.878378	1549.97
0.878716	1550.54
0.879054	1551.1
0.879392	1551.66
0.87973	1552.23
0.880068	1552.8
0.880405	1553.36
0.880743	1553.92
0.881081	1554.49
0.881419	1555.05
0.881757	1555.61
0.882095	1556.18
0.882432	1556.74
0.88277	1557.32
0.883108	1557.89
0.883446	1558.45
0.883784	1559.02
0.884122	1559.59
0.884459	1560.15
0.884797	1560.72
0.885135	1561.28
0.885473	1561.84
0.885811	1562.41
0.886149	1562.97
0.886486	1563.54
0.886824	1564.1
0.887162	1564.66
0.8875	1565.23
0.887838	1565.79
0.888176	1566.35
0.888514	1566.92
0.888851	1567.49
0.889189	1568.05
0.889527	1568.62
0.889865	1569.18
0.890203	1569.74
0.890541	1570.31
0.890878	1570.88
0.891216	1571.44
0.891554	1572
0.891892	1572.57
0.89223	1573.13
0.892568	1573.7
0.892905	1574.26
0.893243	1574.83
0.893581	1575.39
0.893919	1575.96
0.894257	1576.52
0.894595	1577.16
0.894932	1577.74
0.89527	1578.3
0.895608	1578.86
0.895946	1579.42
0.896284	1579.99
0.896622	1580.55
0.896959	1581.11
0.897297	1581.67
0.897635	1582.24
0.897973	1582.8
0.898311	1583.37
0.898649	1583.93
0.898986	1584.49
0.899324	1585.05
0.899662	1585.61
0.9	1586.53
0.900338	1587.1
0.900676	1587.66
0.901014	1588.23
0.901351	1588.79
0.901689	1589.35
0.902027	1589.91
0.902365	1590.47
0.902703	1591.03
0.903041	1591.6
0.903378	1592.16
0.903716	1592.72
0.904054	1593.29
0.904392	1593.85
0.90473	1594.41
0.905068	1594.97
0.905405	1595.53
0.905743	1596.11
0.906081	1596.81
0.906419	1597.49
0.906757	1598.15
0.907095	1598.79
0.907432	1599.42
0.90777	1600.05
0.908108	1600.68
0.908446	1601.29
0.908784	1601.9
0.909122	1602.5
0.909459	1603.09
0.909797	1603.67
0.910135	1604.24
0.910473	1604.8
0.910811	1605.37
0.911149	1605.94
0.911486	1606.5
0.911824	1607.07
0.912162	1607.63
0.9125	1608.2
0.912838	1608.78
0.913176	1609.37
0.913514	1609.98
0.913851	1610.62
0.914189	1611.28
0.914527	1611.93
0.914865	1612.57
0.915203	1613.19
0.915541	1613.83
0.915878	1614.47
0.916216	1615.09
0.916554	1615.71
0.916892	1616.29
0.91723	1616.86
0.917568	1617.44
0.917905	1618.01
0.918243	1618.57
0.918581	1619.13
0.918919	1619.7
0.919257	1620.26
0.919595	1620.83
0.919932	1621.39
0.92027	1621.95
0.920608	1622.52
0.920946	1623.09
0.921284	1623.65
0.921622	1624.22
0.921959	1624.78
0.922297	1625.35
0.922635	1625.91
0.922973	1626.47
0.923311	1627.04
0.923649	1627.61
0.923986	1628.18
0.924324	1628.74
0.924662	1629.3
0.925	1629.87
0.925338	1630.43
0.925676	1631
0.926014	1631.56
0.926351	1632.13
0.926689	1632.69
0.927027	1633.25
0.927365	1633.82
0.927703	1634.39
0.928041	1634.95
0.928378	1635.51
0.928716	1636.08
0.929054	1636.64
0.929392	1637.2
0.92973	1637.77
0.930068	1638.33
0.930405	1638.9
0.930743	1639.46
0.931081	1640.03
0.931419	1640.59
0.931757	1641.15
0.932095	1641.72
0.932432	1642.28
0.93277	1642.85
0.933108	1643.42
0.933446	1643.99
0.933784	1644.55
0.934122	1645.11
0.934459	1645.68
0.934797	1646.25
0.935135	1646.82
0.935473	1647.38
0.935811	1647.95
0.936149	1648.51
0.936486	1649.07
0.936824	1649.64
0.937162	1650.2
0.9375	1650.79
0.937838	1651.36
0.938176	1651.92
0.938514	1652.49
0.938851	1653.05
0.939189	1653.62
0.939527	1654.18
0.939865	1654.75
0.940203	1655.31
0.940541	1655.88
0.940878	1656.45
0.941216	1657.05
0.941554	1657.61
0.941892	1658.18
0.94223	1658.74
0.942568	1659.3
0.942905	1659.87
0.943243	1660.43
0.943581	1660.99
0.943919	1661.56
0.944257	1662.12
0.944595	1662.69
0.944932	1663.26
0.94527	1663.82
0.945608	1664.38
0.945946	1664.94
0.946284	1665.51
0.946622	1666.08
0.946959	1666.65
0.947297	1667.21
0.947635	1667.77
0.947973	1668.34
0.948311	1668.9
0.948649	1669.46
0.948986	1670.03
0.949324	1670.6
0.949662	1671.16
0.95	1671.72
0.950338	1672.29
0.950676	1672.85
0.951014	1673.42
0.951351	1673.98
0.951689	1674.55
0.952027	1675.12
0.952365	1675.68
0.952703	1676.24
0.953041	1676.81
0.953378	1677.38
0.953716	1677.96
0.954054	1678.53
0.954392	1679.09
0.95473	1679.65
0.955068	1680.22
0.955405	1680.79
0.955743	1681.35
0.956081	1681.92
0.956419	1682.49
0.956757	1683.06
0.957095	1683.66
0.957432	1684.24
0.95777	1684.8
0.958108	1685.36
0.958446	1685.92
0.958784	1686.48
0.959122	1687.05
0.959459	1687.62
0.959797	1688.19
0.960135	1688.76
0.960473	1689.32
0.960811	1689.89
0.961149	1690.45
0.961486	1691.01
0.961824	1691.59
0.962162	1692.15
0.9625	1692.72
0.962838	1693.28
0.963176	1693.84
0.963514	1694.41
0.963851	1694.97
0.964189	1695.54
0.964527	1696.1
0.964865	1696.67
0.965203	1697.23
0.965541	1697.79
0.965878	1698.35
0.966216	1698.92
0.966554	1699.49
0.966892	1700.05
0.96723	1700.62
0.967568	1701.18
0.967905	1701.74
0.968243	1702.31
0.968581	1702.87
0.968919	1703.43
0.969257	1704
0.969595	1704.57
0.969932	1705.14
0.97027	1705.71
0.970608	1706.27
0.970946	1706.84
0.971284	1707.4
0.971622	1707.96
0.971959	1708.52
0.972297	1709.09
0.972635	1709.65
0.972973	1710.21
0.973311	1710.78
0.973649	1711.35
0.973986	1711.91
0.974324	1712.47
0.974662	1713.04
0.975	1713.6
0.975338	1714.16
0.975676	1714.72
0.976014	1715.29
0.976351	1715.85
0.976689	1716.42
0.977027	1716.98
0.977365	1717.55
0.977703	1718.11
0.978041	1718.67
0.978378	1719.24
0.978716	1719.81
0.979054	1720.37
0.979392	1720.93
0.97973	1721.49
0.980068	1722.06
0.980405	1722.62
0.980743	1723.19
0.981081	1723.75
0.981419	1724.31
0.981757	1724.88
0.982095	1725.45
0.982432	1726.01
0.98277	1726.58
0.983108	1727.14
0.983446	1727.7
0.983784	1728.27
0.984122	1728.83
0.984459	1729.41
0.984797	1729.98
0.985135	1730.55
0.985473	1731.12
0.985811	1731.69
0.986149	1732.26
0.986486	1732.83
0.986824	1733.39
0.987162	1733.95
0.9875	1734.52
0.987838	1735.08
0.988176	1735.64
0.988514	1736.21
0.988851	1736.78
0.989189	1737.34
0.989527	1737.92
0.989865	1738.49
0.990203	1739.06
0.990541	1739.62
0.990878	1740.18
0.991216	1740.74
0.991554	1741.3
0.991892	1741.87
0.99223	1742.43
0.992568	1743
0.992905	1743.56
0.993243	1744.12
0.993581	1744.68
0.993919	1745.24
0.994257	1745.8
0.994595	1746.37
0.994932	1746.93
0.99527	1747.5
0.995608	1748.06
0.995946	1748.62
0.996284	1749.19
0.996622	1749.75
0.996959	1750.31
0.997297	1750.87
0.997635	1751.43
0.997973	1752.01
0.998311	1752.57
0.998649	1753.13
0.998986	1753.69
0.999324	1754.25
0.999662	1754.81
1	1755.73
1.00034	1756.29
1.00068	1756.85
1.00101	1757.48
1.00135	1758.08
1.00169	1758.65
1.00203	1759.21
1.00236	1759.77
1.0027	1760.33
1.00304	1760.9
1.00338	1761.46
1.00372	1762.03
1.00405	1762.59
1.00439	1763.15
1.00473	1763.71
1.00507	1764.29
1.00541	1764.86
1.00574	1765.42
1.00608	1765.98
1.00642	1766.55
1.00676	1767.12
1.00709	1767.68
1.00743	1768.24
1.00777	1768.8
1.00811	1769.37
1.00845	1769.96
1.00878	1770.53
1.00912	1771.12
1.00946	1771.71
1.0098	1772.29
1.01014	1772.88
1.01047	1773.46
1.01081	1774.04
1.01115	1774.63
1.01149	1775.24
1.01182	1775.82
1.01216	1776.41
1.0125	1777
1.01284	1777.58
1.01318	1778.16
1.01351	1778.73
1.01385	1779.29
1.01419	1779.87
1.01453	1780.44
1.01486	1781.01
1.0152	1781.57
1.01554	1782.14
1.01588	1782.71
1.01622	1783.28
1.01655	1783.85
1.01689	1784.41
1.01723	1784.99
1.01757	1785.57
1.01791	1786.15
1.01824	1786.73
1.01858	1787.31
1.01892	1787.91
1.01926	1788.49
1.01959	1789.07
1.01993	1789.64
1.02027	1790.2
1.02061	1790.77
1.02095	1791.33
1.02128	1791.9
1.02162	1792.47
1.02196	1793.03
1.0223	1793.6
1.02264	1794.16
1.02297	1794.72
1.02331	1795.29
1.02365	1795.85
1.02399	1796.43
1.02432	1797.02
1.02466	1797.63
1.025	1798.22
1.02534	1798.81
1.02568	1799.4
1.02601	1799.98
1.02635	1800.57
1.02669	1801.15
1.02703	1801.73
1.02736	1802.32
1.0277	1802.9
1.02804	1803.48
1.02838	1804.06
1.02872	1804.66
1.02905	1805.24
1.02939	1805.82
1.02973	1806.4
1.03007	1806.97
1.03041	1807.54
1.03074	1808.1
1.03108	1808.68
1.03142	1809.27
1.03176	1809.84
1.03209	1810.4
1.03243	1810.96
1.03277	1811.52
1.03311	1812.08
1.03345	1812.65
1.03378	1813.22
1.03412	1813.78
1.03446	1814.34
1.0348	1814.9
1.03514	1815.46
1.03547	1816.02
1.03581	1816.59
1.03615	1817.16
1.03649	1817.72
1.03682	1818.41
1.03716	1819.09
1.0375	1819.75
1.03784	1820.4
1.03818	1821.04
1.03851	1821.66
1.03885	1822.28
1.03919	1822.91
1.03953	1823.53
1.03986	1824.15
1.0402	1824.74
1.04054	1825.33
1.04088	1825.96
1.04122	1826.58
1.04155	1827.22
1.04189	1827.87
1.04223	1828.5
1.04257	1829.13
1.04291	1829.69
1.04324	1830.31
1.04358	1830.88
1.04392	1831.44
1.04426	1832.01
1.04459	1832.58
1.04493	1833.14
1.04527	1833.71
1.04561	1834.27
1.04595	1834.83
1.04628	1835.39
1.04662	1835.96
1.04696	1836.53
1.0473	1837.1
1.04764	1837.66
1.04797	1838.23
1.04831	1838.79
1.04865	1839.35
1.04899	1839.91
1.04932	1840.48
1.04966	1841.04
1.05	1841.61
1.05034	1842.18
1.05068	1842.74
1.05101	1843.3
1.05135	1843.87
1.05169	1844.44
1.05203	1845
1.05236	1845.56
1.0527	1846.13
1.05304	1846.69
1.05338	1847.26
1.05372	1847.83
1.05405	1848.39
1.05439	1848.96
1.05473	1849.53
1.05507	1850.1
1.05541	1850.66
1.05574	1851.22
1.05608	1851.81
1.05642	1852.38
1.05676	1852.95
1.05709	1853.52
1.05743	1854.09
1.05777	1854.65
1.05811	1855.22
1.05845	1855.78
1.05878	1856.35
1.05912	1856.92
1.05946	1857.51
1.0598	1858.07
1.06014	1858.64
1.06047	1859.22
1.06081	1859.78
1.06115	1860.35
1.06149	1860.91
1.06182	1861.47
1.06216	1862.04
1.0625	1862.61
1.06284	1863.19
1.06318	1863.8
1.06351	1864.43
1.06385	1865.03
1.06419	1865.62
1.06453	1866.22
1.06486	1866.85
1.0652	1867.47
1.06554	1868.1
1.06588	1868.73
1.06622	1869.33
1.06655	1869.89
1.06689	1870.45
1.06723	1871.01
1.06757	1871.58
1.06791	1872.14
1.06824	1872.7
1.06858	1873.26
1.06892	1873.82
1.06926	1874.4
1.06959	1874.97
1.06993	1875.54
1.07027	1876.1
1.07061	1876.67
1.07095	1877.23
1.07128	1877.79
1.07162	1878.35
1.07196	1878.95
1.0723	1879.58
1.07264	1880.2
1.07297	1880.82
1.07331	1881.44
1.07365	1882.06
1.07399	1882.69
1.07432	1883.32
1.07466	1883.95
1.075	1884.58
1.07534	1885.2
1.07568	1885.81
1.07601	1886.39
1.07635	1886.97
1.07669	1887.54
1.07703	1888.12
1.07736	1888.69
1.0777	1889.27
1.07804	1889.83
1.07838	1890.39
1.07872	1890.95
1.07905	1891.52
1.07939	1892.08
1.07973	1892.65
1.08007	1893.37
1.08041	1893.95
1.08074	1894.51
1.08108	1895.07
1.08142	1895.64
1.08176	1896.2
1.08209	1896.76
1.08243	1897.33
1.08277	1897.89
1.08311	1898.46
1.08345	1899.03
1.08378	1899.59
1.08412	1900.15
1.08446	1900.72
1.0848	1901.28
1.08514	1901.85
1.08547	1902.41
1.08581	1902.97
1.08615	1903.53
1.08649	1904.1
1.08682	1904.67
1.08716	1905.23
1.0875	1905.79
1.08784	1906.36
1.08818	1906.92
1.08851	1907.48
1.08885	1908.06
1.08919	1908.62
1.08953	1909.19
1.08986	1909.76
1.0902	1910.32
1.09054	1910.89
1.09088	1911.45
1.09122	1912.02
1.09155	1912.58
1.09189	1913.15
1.09223	1913.71
1.09257	1914.28
1.09291	1914.84
1.09324	1915.41
1.09358	1915.97
1.09392	1916.54
1.09426	1917.1
1.09459	1917.68
1.09493	1918.26
1.09527	1918.83
1.09561	1919.39
1.09595	1919.95
1.09628	1920.51
1.09662	1921.08
1.09696	1921.64
1.0973	1922.21
1.09764	1922.78
1.09797	1923.35
1.09831	1923.91
1.09865	1924.47
1.09899	1925.04
1.09932	1925.61
1.09966	1926.17
1.1	1927.09
1.10034	1927.65
1.10068	1928.22
1.10101	1928.79
1.10135	1929.35
1.10169	1929.92
1.10203	1930.49
1.10236	1931.06
1.1027	1931.62
1.10304	1932.19
1.10338	1932.75
1.10372	1933.31
1.10405	1933.88
1.10439	1934.47
1.10473	1935.06
1.10507	1935.62
1.10541	1936.18
1.10574	1936.75
1.10608	1937.31
1.10642	1937.88
1.10676	1938.45
1.10709	1939.01
1.10743	1939.58
1.10777	1940.14
1.10811	1940.71
1.10845	1941.27
1.10878	1941.83
1.10912	1942.4
1.10946	1942.97
1.1098	1943.53
1.11014	1944.1
1.11047	1944.66
1.11081	1945.24
1.11115	1945.8
1.11149	1946.36
1.11182	1946.93
1.11216	1947.49
1.1125	1948.05
1.11284	1948.61
1.11318	1949.17
1.11351	1949.73
1.11385	1950.3
1.11419	1950.86
1.11453	1951.43
1.11486	1951.99
1.1152	1952.55
1.11554	1953.11
1.11588	1953.67
1.11622	1954.23
1.11655	1954.81
1.11689	1955.39
1.11723	1956.02
1.11757	1956.67
1.11791	1957.32
1.11824	1957.99
1.11858	1958.64
1.11892	1959.29
1.11926	1959.93
1.11959	1960.57
1.11993	1961.18
1.12027	1961.8
1.12061	1962.41
1.12095	1963.03
1.12128	1963.62
1.12162	1964.21
1.12196	1964.79
1.1223	1965.37
1.12264	1965.99
1.12297	1966.59
1.12331	1967.21
1.12365	1967.83
1.12399	1968.44
1.12432	1969
1.12466	1969.57
1.125	1970.14
1.12534	1970.7
1.12568	1971.26
1.12601	1971.83
1.12635	1972.39
1.12669	1972.96
1.12703	1973.52
1.12736	1974.09
1.1277	1974.66
1.12804	1975.22
1.12838	1975.78
1.12872	1976.35
1.12905	1976.91
1.12939	1977.47
1.12973	1978.06
1.13007	1978.63
1.13041	1979.19
1.13074	1979.75
1.13108	1980.32
1.13142	1980.88
1.13176	1981.44
1.13209	1982
1.13243	1982.57
1.13277	1983.13
1.13311	1983.7
1.13345	1984.27
1.13378	1984.83
1.13412	1985.4
1.13446	1985.96
1.1348	1986.52
1.13514	1987.08
1.13547	1987.65
1.13581	1988.22
1.13615	1988.79
1.13649	1989.35
1.13682	1989.92
1.13716	1990.48
1.1375	1991.04
1.13784	1991.61
1.13818	1992.17
1.13851	1992.73
1.13885	1993.31
1.13919	1993.87
1.13953	1994.44
1.13986	1995
1.1402	1995.56
1.14054	1996.12
1.14088	1996.68
1.14122	1997.26
1.14155	1997.82
1.14189	1998.38
1.14223	1998.94
1.14257	1999.5
1.14291	2000.08
1.14324	2000.64
1.14358	2001.2
1.14392	2001.77
1.14426	2002.34
1.14459	2002.9
1.14493	2003.47
1.14527	2004.03
1.14561	2004.6
1.14595	2005.16
1.14628	2005.73
1.14662	2006.3
1.14696	2006.87
1.1473	2007.43
1.14764	2007.99
1.14797	2008.55
1.14831	2009.12
1.14865	2009.68
1.14899	2010.25
1.14932	2010.82
1.14966	2011.38
1.15	2011.94
1.15034	2012.5
1.15068	2013.07
1.15101	2013.63
1.15135	2014.2
1.15169	2014.79
1.15203	2015.35
1.15236	2015.92
1.1527	2016.48
1.15304	2017.04
1.15338	2017.61
1.15372	2018.18
1.15405	2018.75
1.15439	2019.31
1.15473	2019.87
1.15507	2020.44
1.15541	2021
1.15574	2021.56
1.15608	2022.13
1.15642	2022.69
1.15676	2023.26
1.15709	2023.82
1.15743	2024.39
1.15777	2024.96
1.15811	2025.52
1.15845	2026.08
1.15878	2026.65
1.15912	2027.21
1.15946	2027.78
1.1598	2028.34
1.16014	2028.9
1.16047	2029.47
1.16081	2030.07
1.16115	2030.68
1.16149	2031.27
1.16182	2031.84
1.16216	2032.4
1.1625	2032.97
1.16284	2033.53
1.16318	2034.1
1.16351	2034.66
1.16385	2035.23
1.16419	2035.79
1.16453	2036.35
1.16486	2036.92
1.1652	2037.48
1.16554	2038.07
1.16588	2038.63
1.16622	2039.2
1.16655	2039.77
1.16689	2040.33
1.16723	2040.89
1.16757	2041.46
1.16791	2042.02
1.16824	2042.59
1.16858	2043.16
1.16892	2043.72
1.16926	2044.28
1.16959	2044.86
1.16993	2045.42
1.17027	2045.99
1.17061	2046.56
1.17095	2047.12
1.17128	2047.68
1.17162	2048.26
1.17196	2048.82
1.1723	2049.39
1.17264	2049.96
1.17297	2050.54
1.17331	2051.1
1.17365	2051.67
1.17399	2052.24
1.17432	2052.83
1.17466	2053.4
1.175	2053.96
1.17534	2054.53
1.17568	2055.1
1.17601	2055.66
1.17635	2056.23
1.17669	2056.8
1.17703	2057.38
1.17736	2057.96
1.1777	2058.53
1.17804	2059.15
1.17838	2059.79
1.17872	2060.44
1.17905	2061.09
1.17939	2061.77
1.17973	2062.48
1.18007	2063.17
1.18041	2063.85
1.18074	2064.5
1.18108	2065.13
1.18142	2065.8
1.18176	2066.44
1.18209	2067.02
1.18243	2067.59
1.18277	2068.16
1.18311	2068.72
1.18345	2069.3
1.18378	2069.87
1.18412	2070.44
1.18446	2071
1.1848	2071.57
1.18514	2072.13
1.18547	2072.7
1.18581	2073.26
1.18615	2073.83
1.18649	2074.39
1.18682	2074.95
1.18716	2075.52
1.1875	2076.08
1.18784	2076.65
1.18818	2077.21
1.18851	2077.78
1.18885	2078.35
1.18919	2078.91
1.18953	2079.48
1.18986	2080.04
1.1902	2080.6
1.19054	2081.17
1.19088	2081.73
1.19122	2082.29
1.19155	2082.86
1.19189	2083.42
1.19223	2083.99
1.19257	2084.55
1.19291	2085.11
1.19324	2085.68
1.19358	2086.25
1.19392	2086.81
1.19426	2087.37
1.19459	2087.93
1.19493	2088.5
1.19527	2089.06
1.19561	2089.63
1.19595	2090.2
1.19628	2090.76
1.19662	2091.33
1.19696	2091.89
1.1973	2092.45
1.19764	2093.02
1.19797	2093.58
1.19831	2094.15
1.19865	2094.72
1.19899	2095.28
1.19932	2095.84
1.19966	2096.41
1.2	2097.32
1.20034	2097.91
1.20068	2098.47
1.20101	2099.04
1.20135	2099.61
1.20169	2100.17
1.20203	2100.73
1.20236	2101.3
1.2027	2101.86
1.20304	2102.43
1.20338	2103
1.20372	2103.56
1.20405	2104.13
1.20439	2104.69
1.20473	2105.25
1.20507	2105.82
1.20541	2106.39
1.20574	2106.96
1.20608	2107.52
1.20642	2108.09
1.20676	2108.65
1.20709	2109.22
1.20743	2109.78
1.20777	2110.35
1.20811	2110.92
1.20845	2111.48
1.20878	2112.04
1.20912	2112.61
1.20946	2113.17
1.2098	2113.73
1.21014	2114.3
1.21047	2114.87
1.21081	2115.44
1.21115	2116
1.21149	2116.56
1.21182	2117.13
1.21216	2117.69
1.2125	2118.25
1.21284	2118.83
1.21318	2119.4
1.21351	2119.97
1.21385	2120.54
1.21419	2121.11
1.21453	2121.67
1.21486	2122.23
1.2152	2122.81
1.21554	2123.38
1.21588	2123.96
1.21622	2124.52
1.21655	2125.1
1.21689	2125.67
1.21723	2126.26
1.21757	2126.83
1.21791	2127.41
1.21824	2127.97
1.21858	2128.54
1.21892	2129.11
1.21926	2129.69
1.21959	2130.26
1.21993	2130.85
1.22027	2131.41
1.22061	2131.99
1.22095	2132.56
1.22128	2133.14
1.22162	2133.71
1.22196	2134.29
1.2223	2134.87
1.22264	2135.45
1.22297	2136.02
1.22331	2136.61
1.22365	2137.18
1.22399	2137.76
1.22432	2138.34
1.22466	2138.91
1.225	2139.49
1.22534	2140.06
1.22568	2140.64
1.22601	2141.22
1.22635	2141.79
1.22669	2142.38
1.22703	2142.95
1.22736	2143.53
1.2277	2144.1
1.22804	2144.68
1.22838	2145.26
1.22872	2145.83
1.22905	2146.41
1.22939	2146.99
1.22973	2147.57
1.23007	2148.15
1.23041	2148.72
1.23074	2149.3
1.23108	2149.87
1.23142	2150.45
1.23176	2151.02
1.23209	2151.6
1.23243	2152.17
1.23277	2152.76
1.23311	2153.34
1.23345	2153.91
1.23378	2154.49
1.23412	2155.07
1.23446	2155.65
1.2348	2156.23
1.23514	2156.8
1.23547	2157.38
1.23581	2157.97
1.23615	2158.55
1.23649	2159.13
1.23682	2159.7
1.23716	2160.27
1.2375	2160.85
1.23784	2161.42
1.23818	2162.01
1.23851	2162.59
1.23885	2163.26
1.23919	2163.91
1.23953	2164.56
1.23986	2165.22
1.2402	2165.86
1.24054	2166.5
1.24088	2167.14
1.24122	2167.78
1.24155	2168.42
1.24189	2169.08
1.24223	2169.73
1.24257	2170.37
1.24291	2171.01
1.24324	2171.65
1.24358	2172.27
1.24392	2172.9
1.24426	2173.53
1.24459	2174.15
1.24493	2174.72
1.24527	2175.3
1.24561	2175.88
1.24595	2176.45
1.24628	2177.04
1.24662	2177.64
1.24696	2178.24
1.2473	2178.84
1.24764	2179.44
1.24797	2180.05
1.24831	2180.69
1.24865	2181.32
1.24899	2181.97
1.24932	2182.6
1.24966	2183.24
1.25	2183.89
1.25034	2184.56
1.25068	2185.21
1.25101	2185.88
1.25135	2186.53
1.25169	2187.2
1.25203	2187.86
1.25236	2188.51
1.2527	2189.17
1.25304	2189.83
1.25338	2190.45
1.25372	2191.04
1.25405	2191.64
1.25439	2192.23
1.25473	2192.82
1.25507	2193.4
1.25541	2194
1.25574	2194.58
1.25608	2195.16
1.25642	2195.73
1.25676	2196.31
1.25709	2196.9
1.25743	2197.47
1.25777	2198.05
1.25811	2198.63
1.25845	2199.2
1.25878	2199.78
1.25912	2200.35
1.25946	2200.94
1.2598	2201.52
1.26014	2202.1
1.26047	2202.67
1.26081	2203.26
1.26115	2203.85
1.26149	2204.44
1.26182	2205.01
1.26216	2205.6
1.2625	2206.17
1.26284	2206.76
1.26318	2207.34
1.26351	2207.93
1.26385	2208.51
1.26419	2209.1
1.26453	2209.68
1.26486	2210.27
1.2652	2210.85
1.26554	2211.44
1.26588	2212.01
1.26622	2212.6
1.26655	2213.19
1.26689	2213.78
1.26723	2214.36
1.26757	2214.95
1.26791	2215.53
1.26824	2216.12
1.26858	2216.69
1.26892	2217.28
1.26926	2217.88
1.26959	2218.48
1.26993	2219.05
1.27027	2219.64
1.27061	2220.22
1.27095	2220.81
1.27128	2221.39
1.27162	2221.99
1.27196	2222.56
1.2723	2223.15
1.27264	2223.73
1.27297	2224.32
1.27331	2224.89
1.27365	2225.49
1.27399	2226.07
1.27432	2226.66
1.27466	2227.24
1.275	2227.83
1.27534	2228.41
1.27568	2229
1.27601	2229.57
1.27635	2230.16
1.27669	2230.74
1.27703	2231.34
1.27736	2231.92
1.2777	2232.5
1.27804	2233.09
1.27838	2233.68
1.27872	2234.27
1.27905	2234.86
1.27939	2235.44
1.27973	2236.04
1.28007	2236.63
1.28041	2237.22
1.28074	2237.81
1.28108	2238.39
1.28142	2238.98
1.28176	2239.57
1.28209	2240.16
1.28243	2240.75
1.28277	2241.35
1.28311	2241.94
1.28345	2242.54
1.28378	2243.13
1.28412	2243.73
1.28446	2244.32
1.2848	2244.94
1.28514	2245.53
1.28547	2246.13
1.28581	2246.71
1.28615	2247.37
1.28649	2248.04
1.28682	2248.71
1.28716	2249.37
1.2875	2250.05
1.28784	2250.66
1.28818	2251.29
1.28851	2251.91
1.28885	2252.52
1.28919	2253.13
1.28953	2253.77
1.28986	2254.42
1.2902	2255.12
1.29054	2255.78
1.29088	2256.46
1.29122	2257.15
1.29155	2257.84
1.29189	2258.47
1.29223	2259.11
1.29257	2259.73
1.29291	2260.36
1.29324	2260.96
1.29358	2261.56
1.29392	2262.17
1.29426	2262.78
1.29459	2263.38
1.29493	2264
1.29527	2264.63
1.29561	2265.24
1.29595	2265.87
1.29628	2266.49
1.29662	2267.11
1.29696	2267.71
1.2973	2268.31
1.29764	2268.92
1.29797	2269.52
1.29831	2270.12
1.29865	2270.73
1.29899	2271.33
1.29932	2271.93
1.29966	2272.55
1.3	2273.53
1.30034	2274.13
1.30068	2274.73
1.30101	2275.34
1.30135	2275.95
1.30169	2276.55
1.30203	2277.15
1.30236	2277.77
1.3027	2278.39
1.30304	2278.99
1.30338	2279.6
1.30372	2280.2
1.30405	2280.81
1.30439	2281.41
1.30473	2282.02
1.30507	2282.62
1.30541	2283.23
1.30574	2283.84
1.30608	2284.44
1.30642	2285.04
1.30676	2285.65
1.30709	2286.25
1.30743	2286.86
1.30777	2287.46
1.30811	2288.08
1.30845	2288.68
1.30878	2289.29
1.30912	2289.89
1.30946	2290.5
1.3098	2291.1
1.31014	2291.71
1.31047	2292.31
1.31081	2292.93
1.31115	2293.53
1.31149	2294.14
1.31182	2294.74
1.31216	2295.34
1.3125	2295.95
1.31284	2296.55
1.31318	2297.16
1.31351	2297.83
1.31385	2298.45
1.31419	2299.08
1.31453	2299.7
1.31486	2300.31
1.3152	2300.93
1.31554	2301.55
1.31588	2302.16
1.31622	2302.75
1.31655	2303.35
1.31689	2303.95
1.31723	2304.56
1.31757	2305.15
1.31791	2305.76
1.31824	2306.35
1.31858	2306.94
1.31892	2307.54
1.31926	2308.15
1.31959	2308.74
1.31993	2309.34
1.32027	2309.93
1.32061	2310.54
1.32095	2311.13
1.32128	2311.72
1.32162	2312.31
1.32196	2312.9
1.3223	2313.49
1.32264	2314.08
1.32297	2314.67
1.32331	2315.25
1.32365	2315.83
1.32399	2316.41
1.32432	2316.99
1.32466	2317.58
1.325	2318.17
1.32534	2318.75
1.32568	2319.32
1.32601	2319.9
1.32635	2320.48
1.32669	2321.05
1.32703	2321.63
1.32736	2322.21
1.3277	2322.78
1.32804	2323.35
1.32838	2323.93
1.32872	2324.51
1.32905	2325.09
1.32939	2325.65
1.32973	2326.23
1.33007	2326.81
1.33041	2327.39
1.33074	2327.96
1.33108	2328.53
1.33142	2329.11
1.33176	2329.68
1.33209	2330.25
1.33243	2330.83
1.33277	2331.39
1.33311	2331.95
1.33345	2332.52
1.33378	2333.09
1.33412	2333.67
1.33446	2334.23
1.3348	2334.81
1.33514	2335.37
1.33547	2335.93
1.33581	2336.49
1.33615	2337.05
1.33649	2337.63
1.33682	2338.21
1.33716	2338.77
1.3375	2339.35
1.33784	2339.91
1.33818	2340.48
1.33851	2341.04
1.33885	2341.6
1.33919	2342.16
1.33953	2342.72
1.33986	2343.28
1.3402	2343.86
1.34054	2344.43
1.34088	2345.1
1.34122	2345.76
1.34155	2346.42
1.34189	2347.07
1.34223	2347.71
1.34257	2348.36
1.34291	2348.99
1.34324	2349.64
1.34358	2350.29
1.34392	2350.96
1.34426	2351.61
1.34459	2352.27
1.34493	2352.92
1.34527	2353.58
1.34561	2354.25
1.34595	2354.9
1.34628	2355.53
1.34662	2356.16
1.34696	2356.77
1.3473	2357.36
1.34764	2357.96
1.34797	2358.55
1.34831	2359.16
1.34865	2359.78
1.34899	2360.4
1.34932	2361.01
1.34966	2361.63
1.35	2362.25
1.35034	2362.88
1.35068	2363.49
1.35101	2364.11
1.35135	2364.71
1.35169	2365.29
1.35203	2365.86
1.35236	2366.42
1.3527	2366.99
1.35304	2367.56
1.35338	2368.13
1.35372	2368.7
1.35405	2369.27
1.35439	2369.83
1.35473	2370.39
1.35507	2370.97
1.35541	2371.53
1.35574	2372.09
1.35608	2372.67
1.35642	2373.24
1.35676	2373.81
1.35709	2374.38
1.35743	2374.94
1.35777	2375.51
1.35811	2376.07
1.35845	2376.64
1.35878	2377.2
1.35912	2377.76
1.35946	2378.33
1.3598	2378.89
1.36014	2379.45
1.36047	2380.01
1.36081	2380.58
1.36115	2381.15
1.36149	2381.71
1.36182	2382.28
1.36216	2382.84
1.3625	2383.4
1.36284	2383.97
1.36318	2384.53
1.36351	2385.1
1.36385	2385.66
1.36419	2386.23
1.36453	2386.79
1.36486	2387.36
1.3652	2387.93
1.36554	2388.49
1.36588	2389.06
1.36622	2389.62
1.36655	2390.18
1.36689	2390.75
1.36723	2391.31
1.36757	2391.88
1.36791	2392.45
1.36824	2393.04
1.36858	2393.61
1.36892	2394.18
1.36926	2394.74
1.36959	2395.31
1.36993	2395.87
1.37027	2396.43
1.37061	2397
1.37095	2397.57
1.37128	2398.17
1.37162	2398.75
1.37196	2399.31
1.3723	2399.87
1.37264	2400.44
1.37297	2401
1.37331	2401.56
1.37365	2402.13
1.37399	2402.69
1.37432	2403.26
1.37466	2403.83
1.375	2404.39
1.37534	2404.96
1.37568	2405.52
1.37601	2406.08
1.37635	2406.65
1.37669	2407.21
1.37703	2407.78
1.37736	2408.35
1.3777	2408.91
1.37804	2409.47
1.37838	2410.04
1.37872	2410.6
1.37905	2411.17
1.37939	2411.74
1.37973	2412.3
1.38007	2412.87
1.38041	2413.43
1.38074	2413.99
1.38108	2414.56
1.38142	2415.12
1.38176	2415.68
1.38209	2416.27
1.38243	2416.84
1.38277	2417.4
1.38311	2417.96
1.38345	2418.53
1.38378	2419.09
1.38412	2419.67
1.38446	2420.23
1.3848	2420.8
1.38514	2421.36
1.38547	2421.93
1.38581	2422.51
1.38615	2423.08
1.38649	2423.64
1.38682	2424.21
1.38716	2424.78
1.3875	2425.35
1.38784	2425.91
1.38818	2426.48
1.38851	2427.04
1.38885	2427.61
1.38919	2428.17
1.38953	2428.73
1.38986	2429.3
1.3902	2429.87
1.39054	2430.43
1.39088	2430.99
1.39122	2431.56
1.39155	2432.12
1.39189	2432.68
1.39223	2433.25
1.39257	2433.82
1.39291	2434.38
1.39324	2434.95
1.39358	2435.52
1.39392	2436.08
1.39426	2436.65
1.39459	2437.21
1.39493	2437.77
1.39527	2438.34
1.39561	2438.9
1.39595	2439.46
1.39628	2440.04
1.39662	2440.6
1.39696	2441.16
1.3973	2441.72
1.39764	2442.28
1.39797	2442.85
1.39831	2443.41
1.39865	2443.97
1.39899	2444.53
1.39932	2445.1
1.39966	2445.66
1.4	2446.56
1.40034	2447.12
1.40068	2447.69
1.40101	2448.25
1.40135	2448.81
1.40169	2449.38
1.40203	2449.94
1.40236	2450.5
1.4027	2451.07
1.40304	2451.63
1.40338	2452.19
1.40372	2452.75
1.40405	2453.31
1.40439	2453.88
1.40473	2454.44
1.40507	2455
1.40541	2455.57
1.40574	2456.22
1.40608	2456.86
1.40642	2457.49
1.40676	2458.16
1.40709	2458.78
1.40743	2459.41
1.40777	2460.05
1.40811	2460.7
1.40845	2461.34
1.40878	2461.99
1.40912	2462.64
1.40946	2463.28
1.4098	2463.92
1.41014	2464.59
1.41047	2465.24
1.41081	2465.9
1.41115	2466.57
1.41149	2467.23
1.41182	2467.9
1.41216	2468.55
1.4125	2469.21
1.41284	2469.87
1.41318	2470.52
1.41351	2471.15
1.41385	2471.79
1.41419	2472.43
1.41453	2473.05
1.41486	2473.66
1.4152	2474.25
1.41554	2474.82
1.41588	2475.41
1.41622	2475.97
1.41655	2476.55
1.41689	2477.14
1.41723	2477.72
1.41757	2478.3
1.41791	2478.88
1.41824	2479.46
1.41858	2480.03
1.41892	2480.61
1.41926	2481.19
1.41959	2481.76
1.41993	2482.35
1.42027	2482.93
1.42061	2483.5
1.42095	2484.08
1.42128	2484.65
1.42162	2485.23
1.42196	2485.81
1.4223	2486.39
1.42264	2486.97
1.42297	2487.54
1.42331	2488.1
1.42365	2488.66
1.42399	2489.23
1.42432	2489.79
1.42466	2490.35
1.425	2490.92
1.42534	2491.48
1.42568	2492.04
1.42601	2492.61
1.42635	2493.17
1.42669	2493.75
1.42703	2494.31
1.42736	2494.87
1.4277	2495.44
1.42804	2496
1.42838	2496.56
1.42872	2497.13
1.42905	2497.69
1.42939	2498.26
1.42973	2498.82
1.43007	2499.38
1.43041	2499.95
1.43074	2500.51
1.43108	2501.07
1.43142	2501.64
1.43176	2502.2
1.43209	2502.77
1.43243	2503.33
1.43277	2503.89
1.43311	2504.46
1.43345	2505.03
1.43378	2505.6
1.43412	2506.17
1.43446	2506.73
1.4348	2507.3
1.43514	2507.86
1.43547	2508.42
1.43581	2508.99
1.43615	2509.55
1.43649	2510.12
1.43682	2510.68
1.43716	2511.25
1.4375	2511.81
1.43784	2512.38
1.43818	2512.95
1.43851	2513.51
1.43885	2514.08
1.43919	2514.64
1.43953	2515.2
1.43986	2515.77
1.4402	2516.33
1.44054	2516.89
1.44088	2517.46
1.44122	2518.05
1.44155	2518.61
1.44189	2519.17
1.44223	2519.75
1.44257	2520.31
1.44291	2520.87
1.44324	2521.43
1.44358	2522
1.44392	2522.57
1.44426	2523.13
1.44459	2523.69
1.44493	2524.27
1.44527	2524.84
1.44561	2525.42
1.44595	2525.99
1.44628	2526.57
1.44662	2527.16
1.44696	2527.73
1.4473	2528.32
1.44764	2528.9
1.44797	2529.49
1.44831	2530.08
1.44865	2530.67
1.44899	2531.27
1.44932	2531.86
1.44966	2532.45
1.45	2533.04
1.45034	2533.63
1.45068	2534.22
1.45101	2534.81
1.45135	2535.4
1.45169	2536
1.45203	2536.61
1.45236	2537.21
1.4527	2537.82
1.45304	2538.43
1.45338	2539.04
1.45372	2539.65
1.45405	2540.27
1.45439	2540.88
1.45473	2541.48
1.45507	2542.1
1.45541	2542.72
1.45574	2543.34
1.45608	2543.96
1.45642	2544.57
1.45676	2545.18
1.45709	2545.81
1.45743	2546.43
1.45777	2547.04
1.45811	2547.67
1.45845	2548.28
1.45878	2548.89
1.45912	2549.51
1.45946	2550.12
1.4598	2550.74
1.46014	2551.36
1.46047	2551.97
1.46081	2552.58
1.46115	2553.2
1.46149	2553.81
1.46182	2554.42
1.46216	2555.04
1.4625	2555.68
1.46284	2556.3
1.46318	2556.92
1.46351	2557.53
1.46385	2558.14
1.46419	2558.76
1.46453	2559.37
1.46486	2559.99
1.4652	2560.61
1.46554	2561.22
1.46588	2561.84
1.46622	2562.45
1.46655	2563.07
1.46689	2563.68
1.46723	2564.29
1.46757	2564.89
1.46791	2565.5
1.46824	2566.09
1.46858	2566.71
1.46892	2567.37
1.46926	2567.97
1.46959	2568.59
1.46993	2569.23
1.47027	2569.84
1.47061	2570.45
1.47095	2571.06
1.47128	2571.67
1.47162	2572.29
1.47196	2572.94
1.4723	2573.6
1.47264	2574.26
1.47297	2574.94
1.47331	2575.63
1.47365	2576.34
1.47399	2577.06
1.47432	2577.74
1.47466	2578.41
1.475	2579.06
1.47534	2579.72
1.47568	2580.39
1.47601	2581.04
1.47635	2581.66
1.47669	2582.25
1.47703	2582.85
1.47736	2583.44
1.4777	2584.04
1.47804	2584.64
1.47838	2585.24
1.47872	2585.83
1.47905	2586.41
1.47939	2586.99
1.47973	2587.56
1.48007	2588.14
1.48041	2588.71
1.48074	2589.29
1.48108	2589.85
1.48142	2590.41
1.48176	2590.98
1.48209	2591.54
1.48243	2592.1
1.48277	2592.67
1.48311	2593.24
1.48345	2593.8
1.48378	2594.36
1.48412	2594.94
1.48446	2595.5
1.4848	2596.06
1.48514	2596.63
1.48547	2597.19
1.48581	2597.76
1.48615	2598.32
1.48649	2598.88
1.48682	2599.46
1.48716	2600.02
1.4875	2600.59
1.48784	2601.15
1.48818	2601.74
1.48851	2602.33
1.48885	2602.92
1.48919	2603.51
1.48953	2604.1
1.48986	2604.71
1.4902	2605.31
1.49054	2605.92
1.49088	2606.52
1.49122	2607.13
1.49155	2607.72
1.49189	2608.33
1.49223	2608.93
1.49257	2609.54
1.49291	2610.14
1.49324	2610.75
1.49358	2611.35
1.49392	2611.97
1.49426	2612.57
1.49459	2613.19
1.49493	2613.79
1.49527	2614.41
1.49561	2615.02
1.49595	2615.63
1.49628	2616.25
1.49662	2616.86
1.49696	2617.48
1.4973	2618.11
1.49764	2618.72
1.49797	2619.34
1.49831	2619.95
1.49865	2620.57
1.49899	2621.18
1.49932	2621.8
1.49966	2622.42
1.5	2623.38
1.50034	2624
1.50068	2624.62
1.50101	2625.24
1.50135	2625.86
1.50169	2626.47
1.50203	2627.09
1.50236	2627.7
1.5027	2628.32
1.50304	2628.94
1.50338	2629.56
1.50372	2630.17
1.50405	2630.79
1.50439	2631.42
1.50473	2632.03
1.50507	2632.64
1.50541	2633.26
1.50574	2633.87
1.50608	2634.49
1.50642	2635.11
1.50676	2635.73
1.50709	2636.35
1.50743	2636.98
1.50777	2637.59
1.50811	2638.23
1.50845	2638.86
1.50878	2639.47
1.50912	2640.09
1.50946	2640.7
1.5098	2641.31
1.51014	2641.94
1.51047	2642.55
1.51081	2643.17
1.51115	2643.78
1.51149	2644.39
1.51182	2645.01
1.51216	2645.63
1.5125	2646.24
1.51284	2646.86
1.51318	2647.48
1.51351	2648.1
1.51385	2648.71
1.51419	2649.34
1.51453	2649.95
1.51486	2650.57
1.5152	2651.18
1.51554	2651.81
1.51588	2652.42
1.51622	2653.04
1.51655	2653.65
1.51689	2654.28
1.51723	2654.9
1.51757	2655.51
1.51791	2656.13
1.51824	2656.75
1.51858	2657.36
1.51892	2657.98
1.51926	2658.61
1.51959	2659.22
1.51993	2659.84
1.52027	2660.45
1.52061	2661.07
1.52095	2661.69
1.52128	2662.31
1.52162	2662.93
1.52196	2663.55
1.5223	2664.16
1.52264	2664.78
1.52297	2665.4
1.52331	2666.01
1.52365	2666.63
1.52399	2667.24
1.52432	2667.86
1.52466	2668.47
1.525	2669.11
1.52534	2669.76
1.52568	2670.38
1.52601	2670.99
1.52635	2671.6
1.52669	2672.2
1.52703	2672.8
1.52736	2673.4
1.5277	2674
1.52804	2674.6
1.52838	2675.21
1.52872	2675.81
1.52905	2676.41
1.52939	2677.01
1.52973	2677.62
1.53007	2678.22
1.53041	2678.82
1.53074	2679.42
1.53108	2680.02
1.53142	2680.62
1.53176	2681.25
1.53209	2681.95
1.53243	2682.65
1.53277	2683.35
1.53311	2684.03
1.53345	2684.67
1.53378	2685.29
1.53412	2685.9
1.53446	2686.5
1.5348	2687.11
1.53514	2687.73
1.53547	2688.38
1.53581	2689
1.53615	2689.63
1.53649	2690.23
1.53682	2690.83
1.53716	2691.43
1.5375	2692.04
1.53784	2692.64
1.53818	2693.26
1.53851	2693.87
1.53885	2694.48
1.53919	2695.08
1.53953	2695.67
1.53986	2696.26
1.5402	2696.86
1.54054	2697.45
1.54088	2698.06
1.54122	2698.66
1.54155	2699.28
1.54189	2699.91
1.54223	2700.52
1.54257	2701.12
1.54291	2701.72
1.54324	2702.33
1.54358	2702.94
1.54392	2703.55
1.54426	2704.17
1.54459	2704.77
1.54493	2705.37
1.54527	2705.95
1.54561	2706.54
1.54595	2707.13
1.54628	2707.72
1.54662	2708.31
1.54696	2708.91
1.5473	2709.5
1.54764	2710.09
1.54797	2710.68
1.54831	2711.27
1.54865	2711.86
1.54899	2712.45
1.54932	2713.04
1.54966	2713.63
1.55	2714.23
1.55034	2714.82
1.55068	2715.41
1.55101	2716
1.55135	2716.6
1.55169	2717.18
1.55203	2717.78
1.55236	2718.37
1.5527	2718.97
1.55304	2719.56
1.55338	2720.15
1.55372	2720.74
1.55405	2721.32
1.55439	2721.91
1.55473	2722.5
1.55507	2723.09
1.55541	2723.69
1.55574	2724.26
1.55608	2724.82
1.55642	2725.39
1.55676	2725.95
1.55709	2726.52
1.55743	2727.08
1.55777	2727.64
1.55811	2728.21
1.55845	2728.78
1.55878	2729.34
1.55912	2729.9
1.55946	2730.47
1.5598	2731.04
1.56014	2731.6
1.56047	2732.16
1.56081	2732.73
1.56115	2733.29
1.56149	2733.85
1.56182	2734.41
1.56216	2734.98
1.5625	2735.54
1.56284	2736.11
1.56318	2736.68
1.56351	2737.24
1.56385	2737.8
1.56419	2738.37
1.56453	2738.96
1.56486	2739.53
1.5652	2740.12
1.56554	2740.68
1.56588	2741.24
1.56622	2741.81
1.56655	2742.37
1.56689	2742.93
1.56723	2743.5
1.56757	2744.07
1.56791	2744.63
1.56824	2745.19
1.56858	2745.77
1.56892	2746.34
1.56926	2746.93
1.56959	2747.49
1.56993	2748.05
1.57027	2748.62
1.57061	2749.19
1.57095	2749.75
1.57128	2750.32
1.57162	2750.88
1.57196	2751.44
1.5723	2752
1.57264	2752.57
1.57297	2753.13
1.57331	2753.71
1.57365	2754.27
1.57399	2754.83
1.57432	2755.39
1.57466	2755.96
1.575	2756.52
1.57534	2757.08
1.57568	2757.65
1.57601	2758.24
1.57635	2758.8
1.57669	2759.37
1.57703	2759.94
1.57736	2760.5
1.5777	2761.06
1.57804	2761.63
1.57838	2762.19
1.57872	2762.75
1.57905	2763.32
1.57939	2763.89
1.57973	2764.45
1.58007	2765.01
1.58041	2765.58
1.58074	2766.14
1.58108	2766.7
1.58142	2767.27
1.58176	2767.84
1.58209	2768.4
1.58243	2768.97
1.58277	2769.53
1.58311	2770.09
1.58345	2770.66
1.58378	2771.23
1.58412	2771.8
1.58446	2772.36
1.5848	2772.93
1.58514	2773.49
1.58547	2774.05
1.58581	2774.62
1.58615	2775.19
1.58649	2775.75
1.58682	2776.32
1.58716	2776.88
1.5875	2777.45
1.58784	2778.01
1.58818	2778.57
1.58851	2779.14
1.58885	2779.7
1.58919	2780.26
1.58953	2780.83
1.58986	2781.4
1.5902	2781.96
1.59054	2782.52
1.59088	2783.08
1.59122	2783.64
1.59155	2784.22
1.59189	2784.78
1.59223	2785.35
1.59257	2785.92
1.59291	2786.48
1.59324	2787.04
1.59358	2787.6
1.59392	2788.17
1.59426	2788.73
1.59459	2789.3
1.59493	2789.86
1.59527	2790.42
1.59561	2790.98
1.59595	2791.55
1.59628	2792.1
1.59662	2792.67
1.59696	2793.23
1.5973	2793.79
1.59764	2794.36
1.59797	2794.93
1.59831	2795.5
1.59865	2796.07
1.59899	2796.63
1.59932	2797.21
1.59966	2797.78
1.6	2798.75
1.60034	2799.4
1.60068	2799.98
1.60101	2800.55
1.60135	2801.19
1.60169	2801.8
1.60203	2802.41
1.60236	2803.04
1.6027	2803.64
1.60304	2804.26
1.60338	2804.84
1.60372	2805.44
1.60405	2806.02
1.60439	2806.61
1.60473	2807.23
1.60507	2807.84
1.60541	2808.45
1.60574	2809.07
1.60608	2809.66
1.60642	2810.23
1.60676	2810.79
1.60709	2811.35
1.60743	2811.92
1.60777	2812.48
1.60811	2813.05
1.60845	2813.62
1.60878	2814.18
1.60912	2814.75
1.60946	2815.31
1.6098	2815.88
1.61014	2816.44
1.61047	2817.01
1.61081	2817.57
1.61115	2818.16
1.61149	2818.73
1.61182	2819.29
1.61216	2819.85
1.6125	2820.42
1.61284	2820.99
1.61318	2821.55
1.61351	2822.11
1.61385	2822.68
1.61419	2823.24
1.61453	2823.8
1.61486	2824.37
1.6152	2824.93
1.61554	2825.49
1.61588	2826.07
1.61622	2826.63
1.61655	2827.19
1.61689	2827.76
1.61723	2828.32
1.61757	2828.88
1.61791	2829.45
1.61824	2830.01
1.61858	2830.58
1.61892	2831.14
1.61926	2831.72
1.61959	2832.28
1.61993	2832.85
1.62027	2833.41
1.62061	2833.98
1.62095	2834.54
1.62128	2835.1
1.62162	2835.67
1.62196	2836.23
1.6223	2836.81
1.62264	2837.37
1.62297	2837.93
1.62331	2838.49
1.62365	2839.06
1.62399	2839.62
1.62432	2840.18
1.62466	2840.76
1.625	2841.33
1.62534	2841.9
1.62568	2842.47
1.62601	2843.03
1.62635	2843.59
1.62669	2844.17
1.62703	2844.73
1.62736	2845.3
1.6277	2845.87
1.62804	2846.43
1.62838	2846.99
1.62872	2847.56
1.62905	2848.13
1.62939	2848.69
1.62973	2849.25
1.63007	2849.82
1.63041	2850.38
1.63074	2850.94
1.63108	2851.51
1.63142	2852.07
1.63176	2852.67
1.63209	2853.24
1.63243	2853.8
1.63277	2854.36
1.63311	2854.93
1.63345	2855.53
1.63378	2856.1
1.63412	2856.67
1.63446	2857.24
1.6348	2857.8
1.63514	2858.39
1.63547	2858.95
1.63581	2859.52
1.63615	2860.08
1.63649	2860.65
1.63682	2861.21
1.63716	2861.78
1.6375	2862.34
1.63784	2862.91
1.63818	2863.47
1.63851	2864.06
1.63885	2864.63
1.63919	2865.19
1.63953	2865.75
1.63986	2866.32
1.6402	2866.89
1.64054	2867.46
1.64088	2868.02
1.64122	2868.58
1.64155	2869.15
1.64189	2869.71
1.64223	2870.27
1.64257	2870.85
1.64291	2871.41
1.64324	2871.97
1.64358	2872.53
1.64392	2873.1
1.64426	2873.66
1.64459	2874.23
1.64493	2874.8
1.64527	2875.36
1.64561	2875.93
1.64595	2876.49
1.64628	2877.05
1.64662	2877.63
1.64696	2878.22
1.6473	2878.78
1.64764	2879.36
1.64797	2879.92
1.64831	2880.48
1.64865	2881.04
1.64899	2881.61
1.64932	2882.17
1.64966	2882.73
1.65	2883.3
1.65034	2883.87
1.65068	2884.43
1.65101	2884.99
1.65135	2885.55
1.65169	2886.12
1.65203	2886.69
1.65236	2887.25
1.6527	2887.82
1.65304	2888.38
1.65338	2888.94
1.65372	2889.51
1.65405	2890.08
1.65439	2890.64
1.65473	2891.21
1.65507	2891.77
1.65541	2892.33
1.65574	2892.9
1.65608	2893.46
1.65642	2894.02
1.65676	2894.6
1.65709	2895.16
1.65743	2895.73
1.65777	2896.29
1.65811	2896.85
1.65845	2897.42
1.65878	2897.98
1.65912	2898.54
1.65946	2899.11
1.6598	2899.68
1.66014	2900.25
1.66047	2900.81
1.66081	2901.39
1.66115	2901.95
1.66149	2902.52
1.66182	2903.08
1.66216	2903.65
1.6625	2904.21
1.66284	2904.77
1.66318	2905.34
1.66351	2905.91
1.66385	2906.47
1.66419	2907.03
1.66453	2907.59
1.66486	2908.17
1.6652	2908.73
1.66554	2909.29
1.66588	2909.85
1.66622	2910.42
1.66655	2910.98
1.66689	2911.54
1.66723	2912.11
1.66757	2912.67
1.66791	2913.23
1.66824	2913.79
1.66858	2914.36
1.66892	2914.92
1.66926	2915.48
1.66959	2916.04
1.66993	2916.62
1.67027	2917.19
1.67061	2917.76
1.67095	2918.32
1.67128	2918.9
1.67162	2919.46
1.67196	2920.03
1.6723	2920.59
1.67264	2921.17
1.67297	2921.75
1.67331	2922.33
1.67365	2922.9
1.67399	2923.47
1.67432	2924.04
1.67466	2924.63
1.675	2925.2
1.67534	2925.78
1.67568	2926.39
1.67601	2927.05
1.67635	2927.66
1.67669	2928.25
1.67703	2928.86
1.67736	2929.49
1.6777	2930.11
1.67804	2930.73
1.67838	2931.34
1.67872	2931.93
1.67905	2932.53
1.67939	2933.13
1.67973	2933.74
1.68007	2934.39
1.68041	2935.05
1.68074	2935.72
1.68108	2936.37
1.68142	2937.03
1.68176	2937.67
1.68209	2938.32
1.68243	2938.92
1.68277	2939.53
1.68311	2940.13
1.68345	2940.73
1.68378	2941.34
1.68412	2941.98
1.68446	2942.62
1.6848	2943.28
1.68514	2943.93
1.68547	2944.58
1.68581	2945.26
1.68615	2945.95
1.68649	2946.66
1.68682	2947.36
1.68716	2948.04
1.6875	2948.72
1.68784	2949.4
1.68818	2950.08
1.68851	2950.71
1.68885	2951.34
1.68919	2951.96
1.68953	2952.55
1.68986	2953.14
1.6902	2953.73
1.69054	2954.33
1.69088	2954.92
1.69122	2955.52
1.69155	2956.11
1.69189	2956.69
1.69223	2957.28
1.69257	2957.87
1.69291	2958.46
1.69324	2959.06
1.69358	2959.65
1.69392	2960.23
1.69426	2960.82
1.69459	2961.41
1.69493	2961.99
1.69527	2962.57
1.69561	2963.14
1.69595	2963.73
1.69628	2964.31
1.69662	2964.88
1.69696	2965.46
1.6973	2966.04
1.69764	2966.61
1.69797	2967.2
1.69831	2967.77
1.69865	2968.35
1.69899	2968.92
1.69932	2969.5
1.69966	2970.08
1.7	2971
1.70034	2971.58
1.70068	2972.16
1.70101	2972.73
1.70135	2973.32
1.70169	2973.89
1.70203	2974.48
1.70236	2975.06
1.7027	2975.64
1.70304	2976.22
1.70338	2976.79
1.70372	2977.38
1.70405	2977.97
1.70439	2978.54
1.70473	2979.13
1.70507	2979.71
1.70541	2980.29
1.70574	2980.86
1.70608	2981.44
1.70642	2982.01
1.70676	2982.6
1.70709	2983.19
1.70743	2983.78
1.70777	2984.35
1.70811	2984.93
1.70845	2985.5
1.70878	2986.08
1.70912	2986.66
1.70946	2987.24
1.7098	2987.82
1.71014	2988.41
1.71047	2988.99
1.71081	2989.57
1.71115	2990.15
1.71149	2990.72
1.71182	2991.3
1.71216	2991.88
1.7125	2992.45
1.71284	2993.04
1.71318	2993.62
1.71351	2994.19
1.71385	2994.77
1.71419	2995.35
1.71453	2995.92
1.71486	2996.51
1.7152	2997.09
1.71554	2997.66
1.71588	2998.25
1.71622	2998.84
1.71655	2999.42
1.71689	2999.99
1.71723	3000.57
1.71757	3001.15
1.71791	3001.72
1.71824	3002.3
1.71858	3002.88
1.71892	3003.45
1.71926	3004.03
1.71959	3004.61
1.71993	3005.19
1.72027	3005.77
1.72061	3006.34
1.72095	3006.92
1.72128	3007.5
1.72162	3008.08
1.72196	3008.67
1.7223	3009.25
1.72264	3009.82
1.72297	3010.4
1.72331	3010.98
1.72365	3011.57
1.72399	3012.14
1.72432	3012.72
1.72466	3013.3
1.725	3013.88
1.72534	3014.46
1.72568	3015.04
1.72601	3015.61
1.72635	3016.19
1.72669	3016.77
1.72703	3017.35
1.72736	3017.92
1.7277	3018.51
1.72804	3019.08
1.72838	3019.66
1.72872	3020.23
1.72905	3020.81
1.72939	3021.4
1.72973	3021.98
1.73007	3022.56
1.73041	3023.14
1.73074	3023.72
1.73108	3024.3
1.73142	3024.87
1.73176	3025.46
1.73209	3026.03
1.73243	3026.61
1.73277	3027.2
1.73311	3027.79
1.73345	3028.38
1.73378	3028.96
1.73412	3029.55
1.73446	3030.13
1.7348	3030.72
1.73514	3031.29
1.73547	3031.88
1.73581	3032.46
1.73615	3033.04
1.73649	3033.61
1.73682	3034.19
1.73716	3034.76
1.7375	3035.33
1.73784	3035.91
1.73818	3036.49
1.73851	3037.07
1.73885	3037.65
1.73919	3038.22
1.73953	3038.79
1.73986	3039.37
1.7402	3039.95
1.74054	3040.52
1.74088	3041.1
1.74122	3041.67
1.74155	3042.25
1.74189	3042.82
1.74223	3043.4
1.74257	3043.97
1.74291	3044.55
1.74324	3045.13
1.74358	3045.81
1.74392	3046.46
1.74426	3047.14
1.74459	3047.81
1.74493	3048.49
1.74527	3049.15
1.74561	3049.8
1.74595	3050.45
1.74628	3051.12
1.74662	3051.79
1.74696	3052.46
1.7473	3053.09
1.74764	3053.73
1.74797	3054.33
1.74831	3054.95
1.74865	3055.6
1.74899	3056.25
1.74932	3056.96
1.74966	3057.63
1.75	3058.3
1.75034	3058.99
1.75068	3059.66
1.75101	3060.33
1.75135	3061
1.75169	3061.68
1.75203	3062.33
1.75236	3062.98
1.7527	3063.61
1.75304	3064.2
1.75338	3064.8
1.75372	3065.41
1.75405	3065.99
1.75439	3066.59
1.75473	3067.19
1.75507	3067.79
1.75541	3068.4
1.75574	3069
1.75608	3069.59
1.75642	3070.18
1.75676	3070.78
1.75709	3071.37
1.75743	3071.96
1.75777	3072.55
1.75811	3073.14
1.75845	3073.74
1.75878	3074.33
1.75912	3074.92
1.75946	3075.51
1.7598	3076.1
1.76014	3076.69
1.76047	3077.29
1.76081	3077.93
1.76115	3078.52
1.76149	3079.11
1.76182	3079.7
1.76216	3080.29
1.7625	3080.88
1.76284	3081.47
1.76318	3082.07
1.76351	3082.66
1.76385	3083.25
1.76419	3083.84
1.76453	3084.43
1.76486	3085.02
1.7652	3085.6
1.76554	3086.19
1.76588	3086.76
1.76622	3087.36
1.76655	3087.94
1.76689	3088.53
1.76723	3089.12
1.76757	3089.7
1.76791	3090.28
1.76824	3090.87
1.76858	3091.46
1.76892	3092.06
1.76926	3092.64
1.76959	3093.22
1.76993	3093.8
1.77027	3094.39
1.77061	3094.96
1.77095	3095.55
1.77128	3096.13
1.77162	3096.72
1.77196	3097.3
1.7723	3097.89
1.77264	3098.46
1.77297	3099.05
1.77331	3099.64
1.77365	3100.23
1.77399	3100.8
1.77432	3101.38
1.77466	3101.96
1.775	3102.55
1.77534	3103.12
1.77568	3103.71
1.77601	3104.29
1.77635	3104.87
1.77669	3105.45
1.77703	3106.03
1.77736	3106.61
1.7777	3107.19
1.77804	3107.76
1.77838	3108.34
1.77872	3108.92
1.77905	3109.49
1.77939	3110.08
1.77973	3110.66
1.78007	3111.24
1.78041	3111.81
1.78074	3112.39
1.78108	3112.97
1.78142	3113.55
1.78176	3114.13
1.78209	3114.7
1.78243	3115.28
1.78277	3115.86
1.78311	3116.43
1.78345	3117.01
1.78378	3117.59
1.78412	3118.18
1.78446	3118.77
1.7848	3119.34
1.78514	3119.92
1.78547	3120.51
1.78581	3121.08
1.78615	3121.66
1.78649	3122.25
1.78682	3122.83
1.78716	3123.42
1.7875	3123.99
1.78784	3124.58
1.78818	3125.15
1.78851	3125.73
1.78885	3126.31
1.78919	3126.88
1.78953	3127.47
1.78986	3128.07
1.7902	3128.66
1.79054	3129.25
1.79088	3129.83
1.79122	3130.41
1.79155	3130.99
1.79189	3131.57
1.79223	3132.15
1.79257	3132.72
1.79291	3133.31
1.79324	3133.9
1.79358	3134.48
1.79392	3135.06
1.79426	3135.64
1.79459	3136.24
1.79493	3136.81
1.79527	3137.39
1.79561	3137.96
1.79595	3138.54
1.79628	3139.12
1.79662	3139.7
1.79696	3140.28
1.7973	3140.85
1.79764	3141.43
1.79797	3142.01
1.79831	3142.58
1.79865	3143.16
1.79899	3143.74
1.79932	3144.32
1.79966	3144.89
1.8	3145.83
1.80034	3146.41
1.80068	3146.98
1.80101	3147.57
1.80135	3148.15
1.80169	3148.72
1.80203	3149.29
1.80236	3149.87
1.8027	3150.44
1.80304	3151.01
1.80338	3151.6
1.80372	3152.17
1.80405	3152.76
1.80439	3153.33
1.80473	3153.92
1.80507	3154.49
1.80541	3155.08
1.80574	3155.69
1.80608	3156.28
1.80642	3156.86
1.80676	3157.44
1.80709	3158.02
1.80743	3158.59
1.80777	3159.16
1.80811	3159.75
1.80845	3160.32
1.80878	3160.9
1.80912	3161.47
1.80946	3162.05
1.8098	3162.7
1.81014	3163.32
1.81047	3163.95
1.81081	3164.58
1.81115	3165.2
1.81149	3165.84
1.81182	3166.48
1.81216	3167.13
1.8125	3167.8
1.81284	3168.46
1.81318	3169.11
1.81351	3169.77
1.81385	3170.37
1.81419	3170.98
1.81453	3171.57
1.81486	3172.16
1.8152	3172.78
1.81554	3173.4
1.81588	3174.01
1.81622	3174.62
1.81655	3175.22
1.81689	3175.8
1.81723	3176.4
1.81757	3177.01
1.81791	3177.6
1.81824	3178.2
1.81858	3178.81
1.81892	3179.39
1.81926	3179.97
1.81959	3180.55
1.81993	3181.14
1.82027	3181.73
1.82061	3182.31
1.82095	3182.9
1.82128	3183.48
1.82162	3184.07
1.82196	3184.67
1.8223	3185.26
1.82264	3185.88
1.82297	3186.49
1.82331	3187.1
1.82365	3187.7
1.82399	3188.3
1.82432	3188.89
1.82466	3189.48
1.825	3190.06
1.82534	3190.65
1.82568	3191.22
1.82601	3191.8
1.82635	3192.38
1.82669	3192.96
1.82703	3193.54
1.82736	3194.12
1.8277	3194.69
1.82804	3195.27
1.82838	3195.85
1.82872	3196.43
1.82905	3197.01
1.82939	3197.58
1.82973	3198.16
1.83007	3198.74
1.83041	3199.33
1.83074	3199.9
1.83108	3200.5
1.83142	3201.08
1.83176	3201.67
1.83209	3202.26
1.83243	3202.85
1.83277	3203.43
1.83311	3204.02
1.83345	3204.61
1.83378	3205.21
1.83412	3205.8
1.83446	3206.39
1.8348	3206.98
1.83514	3207.57
1.83547	3208.16
1.83581	3208.74
1.83615	3209.34
1.83649	3209.93
1.83682	3210.52
1.83716	3211.11
1.8375	3211.7
1.83784	3212.29
1.83818	3212.88
1.83851	3213.47
1.83885	3214.06
1.83919	3214.65
1.83953	3215.25
1.83986	3215.84
1.8402	3216.43
1.84054	3217.02
1.84088	3217.61
1.84122	3218.2
1.84155	3218.79
1.84189	3219.38
1.84223	3219.97
1.84257	3220.56
1.84291	3221.15
1.84324	3221.74
1.84358	3222.32
1.84392	3222.91
1.84426	3223.5
1.84459	3224.1
1.84493	3224.69
1.84527	3225.28
1.84561	3225.87
1.84595	3226.46
1.84628	3227.04
1.84662	3227.64
1.84696	3228.23
1.8473	3228.82
1.84764	3229.41
1.84797	3230
1.84831	3230.58
1.84865	3231.18
1.84899	3231.75
1.84932	3232.33
1.84966	3232.91
1.85	3233.48
1.85034	3234.06
1.85068	3234.64
1.85101	3235.21
1.85135	3235.8
1.85169	3236.37
1.85203	3236.95
1.85236	3237.52
1.8527	3238.1
1.85304	3238.69
1.85338	3239.28
1.85372	3239.85
1.85405	3240.43
1.85439	3241.02
1.85473	3241.59
1.85507	3242.17
1.85541	3242.74
1.85574	3243.32
1.85608	3243.89
1.85642	3244.47
1.85676	3245.05
1.85709	3245.63
1.85743	3246.21
1.85777	3246.79
1.85811	3247.36
1.85845	3247.94
1.85878	3248.53
1.85912	3249.16
1.85946	3249.76
1.8598	3250.34
1.86014	3250.91
1.86047	3251.49
1.86081	3252.06
1.86115	3252.64
1.86149	3253.22
1.86182	3253.8
1.86216	3254.37
1.8625	3254.94
1.86284	3255.52
1.86318	3256.1
1.86351	3256.69
1.86385	3257.27
1.86419	3257.84
1.86453	3258.42
1.86486	3259
1.8652	3259.59
1.86554	3260.18
1.86588	3260.75
1.86622	3261.34
1.86655	3261.92
1.86689	3262.51
1.86723	3263.08
1.86757	3263.67
1.86791	3264.26
1.86824	3264.84
1.86858	3265.41
1.86892	3266
1.86926	3266.6
1.86959	3267.19
1.86993	3267.77
1.87027	3268.43
1.87061	3269.13
1.87095	3269.83
1.87128	3270.5
1.87162	3271.15
1.87196	3271.83
1.8723	3272.5
1.87264	3273.17
1.87297	3273.84
1.87331	3274.49
1.87365	3275.14
1.87399	3275.76
1.87432	3276.38
1.87466	3277.04
1.875	3277.69
1.87534	3278.34
1.87568	3279.01
1.87601	3279.65
1.87635	3280.32
1.87669	3280.98
1.87703	3281.64
1.87736	3282.29
1.8777	3282.96
1.87804	3283.62
1.87838	3284.28
1.87872	3284.93
1.87905	3285.59
1.87939	3286.26
1.87973	3286.92
1.88007	3287.53
1.88041	3288.17
1.88074	3288.81
1.88108	3289.46
1.88142	3290.12
1.88176	3290.79
1.88209	3291.47
1.88243	3292.15
1.88277	3292.84
1.88311	3293.54
1.88345	3294.21
1.88378	3294.9
1.88412	3295.59
1.88446	3296.23
1.8848	3296.86
1.88514	3297.5
1.88547	3298.12
1.88581	3298.78
1.88615	3299.39
1.88649	3300
1.88682	3300.62
1.88716	3301.27
1.8875	3301.94
1.88784	3302.56
1.88818	3303.15
1.88851	3303.75
1.88885	3304.34
1.88919	3304.95
1.88953	3305.54
1.88986	3306.13
1.8902	3306.72
1.89054	3307.31
1.89088	3307.9
1.89122	3308.48
1.89155	3309.06
1.89189	3309.64
1.89223	3310.21
1.89257	3310.8
1.89291	3311.37
1.89324	3311.95
1.89358	3312.53
1.89392	3313.1
1.89426	3313.68
1.89459	3314.26
1.89493	3314.84
1.89527	3315.42
1.89561	3316
1.89595	3316.57
1.89628	3317.15
1.89662	3317.73
1.89696	3318.31
1.8973	3318.88
1.89764	3319.46
1.89797	3320.04
1.89831	3320.62
1.89865	3321.19
1.89899	3321.77
1.89932	3322.37
1.89966	3322.94
1.9	3323.88
1.90034	3324.46
1.90068	3325.05
1.90101	3325.63
1.90135	3326.22
1.90169	3326.8
1.90203	3327.39
1.90236	3327.97
1.9027	3328.56
1.90304	3329.13
1.90338	3329.73
1.90372	3330.31
1.90405	3330.9
1.90439	3331.48
1.90473	3332.06
1.90507	3332.64
1.90541	3333.23
1.90574	3333.81
1.90608	3334.4
1.90642	3334.98
1.90676	3335.57
1.90709	3336.14
1.90743	3336.73
1.90777	3337.31
1.90811	3337.9
1.90845	3338.48
1.90878	3339.07
1.90912	3339.65
1.90946	3340.24
1.9098	3340.82
1.91014	3341.41
1.91047	3341.98
1.91081	3342.56
1.91115	3343.14
1.91149	3343.73
1.91182	3344.3
1.91216	3344.9
1.9125	3345.47
1.91284	3346.07
1.91318	3346.64
1.91351	3347.2
1.91385	3347.78
1.91419	3348.35
1.91453	3348.92
1.91486	3349.49
1.9152	3350.06
1.91554	3350.64
1.91588	3351.21
1.91622	3351.79
1.91655	3352.37
1.91689	3352.94
1.91723	3353.52
1.91757	3354.1
1.91791	3354.68
1.91824	3355.28
1.91858	3355.87
1.91892	3356.46
1.91926	3357.05
1.91959	3357.64
1.91993	3358.24
1.92027	3358.85
1.92061	3359.44
1.92095	3360.03
1.92128	3360.63
1.92162	3361.2
1.92196	3361.78
1.9223	3362.36
1.92264	3362.94
1.92297	3363.52
1.92331	3364.09
1.92365	3364.67
1.92399	3365.25
1.92432	3365.82
1.92466	3366.4
1.925	3366.97
1.92534	3367.55
1.92568	3368.13
1.92601	3368.71
1.92635	3369.28
1.92669	3369.86
1.92703	3370.44
1.92736	3371.02
1.9277	3371.6
1.92804	3372.17
1.92838	3372.74
1.92872	3373.3
1.92905	3373.89
1.92939	3374.47
1.92973	3375.04
1.93007	3375.62
1.93041	3376.19
1.93074	3376.75
1.93108	3377.31
1.93142	3377.88
1.93176	3378.44
1.93209	3379.01
1.93243	3379.57
1.93277	3380.13
1.93311	3380.69
1.93345	3381.25
1.93378	3381.81
1.93412	3382.37
1.93446	3383.01
1.9348	3383.6
1.93514	3384.19
1.93547	3384.78
1.93581	3385.37
1.93615	3385.95
1.93649	3386.54
1.93682	3387.13
1.93716	3387.73
1.9375	3388.32
1.93784	3388.91
1.93818	3389.5
1.93851	3390.09
1.93885	3390.67
1.93919	3391.26
1.93953	3391.84
1.93986	3392.46
1.9402	3393.08
1.94054	3393.7
1.94088	3394.29
1.94122	3394.88
1.94155	3395.49
1.94189	3396.1
1.94223	3396.7
1.94257	3397.28
1.94291	3397.86
1.94324	3398.45
1.94358	3399.06
1.94392	3399.69
1.94426	3400.32
1.94459	3400.94
1.94493	3401.55
1.94527	3402.15
1.94561	3402.75
1.94595	3403.35
1.94628	3403.95
1.94662	3404.55
1.94696	3405.16
1.9473	3405.74
1.94764	3406.32
1.94797	3406.9
1.94831	3407.47
1.94865	3408.06
1.94899	3408.64
1.94932	3409.21
1.94966	3409.78
1.95	3410.36
1.95034	3410.93
1.95068	3411.51
1.95101	3412.07
1.95135	3412.64
1.95169	3413.21
1.95203	3413.79
1.95236	3414.36
1.9527	3414.94
1.95304	3415.5
1.95338	3416.08
1.95372	3416.63
1.95405	3417.19
1.95439	3417.75
1.95473	3418.32
1.95507	3418.88
1.95541	3419.45
1.95574	3420
1.95608	3420.57
1.95642	3421.13
1.95676	3421.69
1.95709	3422.26
1.95743	3422.82
1.95777	3423.37
1.95811	3423.94
1.95845	3424.49
1.95878	3425.06
1.95912	3425.61
1.95946	3426.17
1.9598	3426.73
1.96014	3427.29
1.96047	3427.84
1.96081	3428.41
1.96115	3428.96
1.96149	3429.52
1.96182	3430.07
1.96216	3430.65
1.9625	3431.2
1.96284	3431.76
1.96318	3432.31
1.96351	3432.87
1.96385	3433.42
1.96419	3433.99
1.96453	3434.54
1.96486	3435.1
1.9652	3435.66
1.96554	3436.22
1.96588	3436.77
1.96622	3437.34
1.96655	3437.89
1.96689	3438.46
1.96723	3439.01
1.96757	3439.57
1.96791	3440.12
1.96824	3440.68
1.96858	3441.24
1.96892	3441.8
1.96926	3442.35
1.96959	3442.92
1.96993	3443.47
1.97027	3444.03
1.97061	3444.59
1.97095	3445.15
1.97128	3445.72
1.97162	3446.29
1.97196	3446.84
1.9723	3447.4
1.97264	3447.95
1.97297	3448.51
1.97331	3449.06
1.97365	3449.62
1.97399	3450.18
1.97432	3450.75
1.97466	3451.33
1.975	3451.9
1.97534	3452.48
1.97568	3453.06
1.97601	3453.62
1.97635	3454.18
1.97669	3454.78
1.97703	3455.34
1.97736	3455.89
1.9777	3456.46
1.97804	3457.02
1.97838	3457.6
1.97872	3458.16
1.97905	3458.72
1.97939	3459.29
1.97973	3459.85
1.98007	3460.41
1.98041	3460.98
1.98074	3461.54
1.98108	3462.1
1.98142	3462.65
1.98176	3463.21
1.98209	3463.77
1.98243	3464.34
1.98277	3464.89
1.98311	3465.45
1.98345	3466.02
1.98378	3466.58
1.98412	3467.13
1.98446	3467.69
1.9848	3468.24
1.98514	3468.81
1.98547	3469.36
1.98581	3469.92
1.98615	3470.47
1.98649	3471.04
1.98682	3471.59
1.98716	3472.15
1.9875	3472.72
1.98784	3473.29
1.98818	3473.85
1.98851	3474.41
1.98885	3474.99
1.98919	3475.55
1.98953	3476.1
1.98986	3476.67
1.9902	3477.21
1.99054	3477.77
1.99088	3478.32
1.99122	3478.91
1.99155	3479.47
1.99189	3480.04
1.99223	3480.59
1.99257	3481.15
1.99291	3481.7
1.99324	3482.27
1.99358	3482.82
1.99392	3483.39
1.99426	3483.94
1.99459	3484.5
1.99493	3485.05
1.99527	3485.61
1.99561	3486.17
1.99595	3486.73
1.99628	3487.28
1.99662	3487.85
1.99696	3488.4
1.9973	3488.96
1.99764	3489.51
1.99797	3490.07
1.99831	3490.62
1.99865	3491.19
1.99899	3491.73
1.99932	3492.3
1.99966	3492.84
2	3493.76
