	2
0.000274725	3
0.000547199	2
0.000820421	2
0.00109746	2
0.00137843	2
0.00166264	2
0.00194934	2
0.00223858	2
0.0025304	2
0.00282487	2
0.00312114	3
0.00341923	3
0.00371824	3
0.00401912	3
0.00432095	3
0.00462469	3
0.0049294	3
0.00523509	3
0.00554277	3
0.00585146	3
0.00616116	3
0.00647086	3
0.00678158	3
0.00709231	3
0.00740408	2
0.00771585	2
0.00802762	2
0.00833939	2
0.00865223	2
0.00896506	2
0.0092779	2
0.00959073	2
0.00990357	2
0.0102164	2
0.0105292	2
0.0108421	3
0.0111549	2
0.0114677	2
0.0117806	2
0.0120934	2
0.0124062	2
0.0127191	2
0.0130319	2
0.0133448	2
0.0136576	3
0.0139716	3
0.0142855	3
0.0145995	3
0.0149135	3
0.0152274	3
0.0155414	3
0.0158554	3
0.0161694	3
0.0164833	3
0.0167973	3
0.0171113	3
0.0174253	3
0.0177392	3
0.0180532	2
0.0183684	2
0.0186836	3
0.0189987	2
0.0193139	2
0.0196291	2
0.0199443	2
0.0202595	2
0.0205746	2
0.0208898	2
0.021205	2
0.0215214	3
0.0218379	2
0.0221543	2
0.0224708	2
0.0227872	2
0.0231037	3
0.0234201	2
0.0237366	3
0.024053	3
0.0243708	3
0.0246886	2
0.0250063	3
0.0253241	2
0.0256419	2
0.0259596	3
0.0262774	3
0.0265952	3
0.0269129	3
0.0272321	2
0.0275513	3
0.0278704	3
0.0281896	3
0.0285087	3
0.0288279	3
0.029147	2
0.0294662	3
0.0297868	3
0.0301074	3
0.030428	3
0.0307486	3
0.0310692	3
0.0313898	3
0.0317105	3
0.0320311	3
0.0323532	3
0.0326753	3
0.0329974	3
0.0333196	3
0.0336417	3
0.0339638	3
0.0342875	3
0.0346112	3
0.034935	3
0.0352587	3
0.0355824	3
0.0359061	4
0.0362314	3
0.0365568	3
0.0368821	3
0.0372075	3
0.0375345	3
0.0378616	3
0.0381886	3
0.0385156	3
0.0388444	3
0.0391732	3
0.039502	3
0.0398326	3
0.0401632	3
0.0404938	3
0.0408244	3
0.0411568	3
0.0414893	3
0.0418217	4
0.0421561	3
0.0424904	3
0.0428248	3
0.0431611	3
0.0434975	3
0.0438358	3
0.0441741	3
0.0445125	3
0.0448508	3
0.0451891	3
0.0455275	3
0.0458658	3
0.0462042	3
0.0465425	3
0.0468808	3
0.0472192	3
0.0475575	3
0.0478959	3
0.0482342	3
0.0485725	3
0.0489109	3
0.0492492	3
0.0495875	3
0.0499259	3
0.0502642	3
0.0506026	3
0.0509409	3
0.0512792	3
0.0516176	3
0.0519559	3
0.0522943	3
0.0526326	3
0.0529709	3
0.0533093	3
0.0536476	4
0.053986	4
0.0543243	3
0.0546626	3
0.055001	3
0.0553393	3
0.0556776	3
0.056016	3
0.0563543	3
0.0566927	3
0.057031	4
0.0573693	3
0.0577077	3
0.058046	4
0.0583844	3
0.0587227	3
0.059061	3
0.0593994	4
0.0597377	4
0.060076	4
0.0604144	4
0.0607527	4
0.0610911	4
0.0614294	4
0.0617677	3
0.0621061	3
0.0624444	3
0.0627828	3
0.0631211	3
0.0634594	3
0.0637978	3
0.0641361	3
0.0644744	3
0.0648128	3
0.0651511	4
0.0654895	3
0.0658278	3
0.0661661	3
0.0665045	3
0.0668428	3
0.0671812	3
0.0675195	3
0.0678578	4
0.0681962	3
0.0685345	3
0.0688728	3
0.0692112	3
0.0695495	3
0.0698879	3
0.0702262	3
0.0705645	3
0.0709029	3
0.0712412	3
0.0715796	3
0.0719179	3
0.0722562	3
0.0725946	3
0.0729329	3
0.0732713	3
0.0736096	3
0.0739479	3
0.0742863	3
0.0746246	3
0.0749629	3
0.0753013	3
0.0756396	3
0.075978	3
0.0763163	3
0.0766546	3
0.076993	3
0.0773313	3
0.0776697	3
0.078008	4
0.0783463	3
0.0786847	3
0.079023	3
0.0793613	3
0.0796997	3
0.080038	3
0.0803764	3
0.0807147	3
0.081053	3
0.0813914	3
0.0817297	3
0.0820681	3
0.0824064	3
0.0827447	3
0.0830831	3
0.0834214	3
0.0837597	3
0.0840981	3
0.0844364	3
0.0847748	3
0.0851131	3
0.0854514	3
0.0857898	3
0.0861281	3
0.0864665	3
0.0868048	3
0.0871431	3
0.0874815	3
0.0878198	3
0.0881581	3
0.0884965	3
0.0888348	3
0.0891732	3
0.0895115	3
0.0898498	3
0.0901882	3
0.0905265	3
0.0908649	3
0.0912032	3
0.0915415	3
0.0918799	3
0.0922182	3
0.0925566	3
0.0928949	3
0.0932332	3
0.0935716	3
0.0939099	3
0.0942482	3
0.0945866	3
0.0949249	3
0.0952633	3
0.0956016	3
0.0959399	3
0.0962783	3
0.0966166	3
0.096955	3
0.0972933	3
0.0976316	3
0.09797	3
0.0983083	3
0.0986466	3
0.098985	3
0.0993233	3
0.0996617	3
0.1	3
0.100338	3
0.100676	3
0.101014	3
0.101351	3
0.101689	3
0.102027	3
0.102365	3
0.102703	3
0.103041	3
0.103378	3
0.103716	3
0.104054	3
0.104392	3
0.10473	3
0.105068	3
0.105405	3
0.105743	3
0.106081	3
0.106419	3
0.106757	3
0.107095	3
0.107432	3
0.10777	3
0.108108	3
0.108446	3
0.108784	3
0.109122	3
0.109459	3
0.109797	3
0.110135	3
0.110473	3
0.110811	3
0.111149	3
0.111486	3
0.111824	3
0.112162	3
0.1125	3
0.112838	3
0.113176	3
0.113514	3
0.113851	3
0.114189	3
0.114527	3
0.114865	3
0.115203	3
0.115541	3
0.115878	3
0.116216	3
0.116554	3
0.116892	3
0.11723	3
0.117568	3
0.117905	3
0.118243	3
0.118581	3
0.118919	3
0.119257	3
0.119595	3
0.119932	3
0.12027	3
0.120608	3
0.120946	3
0.121284	3
0.121622	3
0.121959	3
0.122297	3
0.122635	3
0.122973	3
0.123311	3
0.123649	3
0.123986	3
0.124324	3
0.124662	3
0.125	3
0.125338	3
0.125676	3
0.126014	3
0.126351	3
0.126689	3
0.127027	3
0.127365	3
0.127703	3
0.128041	3
0.128378	3
0.128716	3
0.129054	3
0.129392	3
0.12973	3
0.130068	3
0.130405	3
0.130743	3
0.131081	3
0.131419	3
0.131757	4
0.132095	2
0.132432	3
0.13277	3
0.133108	3
0.133446	3
0.133784	3
0.134122	3
0.134459	3
0.134797	3
0.135135	3
0.135473	3
0.135811	3
0.136149	3
0.136486	3
0.136824	4
0.137162	4
0.1375	3
0.137838	3
0.138176	3
0.138514	3
0.138851	4
0.139189	3
0.139527	3
0.139865	3
0.140203	3
0.140541	3
0.140878	3
0.141216	3
0.141554	3
0.141892	3
0.14223	3
0.142568	3
0.142905	3
0.143243	3
0.143581	3
0.143919	3
0.144257	3
0.144595	3
0.144932	3
0.14527	3
0.145608	3
0.145946	4
0.146284	4
0.146622	3
0.146959	3
0.147297	4
0.147635	3
0.147973	3
0.148311	3
0.148649	3
0.148986	3
0.149324	3
0.149662	3
0.15	3
0.150338	3
0.150676	3
0.151014	3
0.151351	3
0.151689	3
0.152027	3
0.152365	3
0.152703	3
0.153041	3
0.153378	3
0.153716	3
0.154054	3
0.154392	3
0.15473	3
0.155068	3
0.155405	3
0.155743	3
0.156081	3
0.156419	3
0.156757	3
0.157095	3
0.157432	3
0.15777	3
0.158108	3
0.158446	3
0.158784	3
0.159122	3
0.159459	3
0.159797	3
0.160135	3
0.160473	3
0.160811	3
0.161149	3
0.161486	3
0.161824	3
0.162162	3
0.1625	3
0.162838	3
0.163176	3
0.163514	3
0.163851	3
0.164189	3
0.164527	3
0.164865	3
0.165203	3
0.165541	3
0.165878	3
0.166216	3
0.166554	3
0.166892	3
0.16723	3
0.167568	3
0.167905	3
0.168243	4
0.168581	3
0.168919	3
0.169257	3
0.169595	3
0.169932	3
0.17027	3
0.170608	3
0.170946	3
0.171284	3
0.171622	3
0.171959	3
0.172297	3
0.172635	3
0.172973	3
0.173311	3
0.173649	3
0.173986	3
0.174324	3
0.174662	3
0.175	3
0.175338	3
0.175676	3
0.176014	3
0.176351	3
0.176689	3
0.177027	3
0.177365	3
0.177703	3
0.178041	3
0.178378	3
0.178716	3
0.179054	3
0.179392	3
0.17973	3
0.180068	3
0.180405	3
0.180743	3
0.181081	3
0.181419	3
0.181757	3
0.182095	3
0.182432	3
0.18277	3
0.183108	3
0.183446	3
0.183784	3
0.184122	3
0.184459	3
0.184797	3
0.185135	3
0.185473	3
0.185811	3
0.186149	3
0.186486	3
0.186824	3
0.187162	3
0.1875	3
0.187838	3
0.188176	3
0.188514	3
0.188851	3
0.189189	3
0.189527	3
0.189865	3
0.190203	3
0.190541	3
0.190878	3
0.191216	3
0.191554	3
0.191892	3
0.19223	3
0.192568	3
0.192905	3
0.193243	3
0.193581	3
0.193919	3
0.194257	3
0.194595	3
0.194932	3
0.19527	3
0.195608	3
0.195946	3
0.196284	3
0.196622	3
0.196959	3
0.197297	3
0.197635	3
0.197973	3
0.198311	3
0.198649	3
0.198986	3
0.199324	3
0.199662	3
0.2	3
0.200338	4
0.200676	3
0.201014	3
0.201351	3
0.201689	3
0.202027	3
0.202365	3
0.202703	3
0.203041	3
0.203378	3
0.203716	3
0.204054	3
0.204392	3
0.20473	3
0.205068	3
0.205405	3
0.205743	3
0.206081	3
0.206419	3
0.206757	3
0.207095	3
0.207432	3
0.20777	3
0.208108	3
0.208446	3
0.208784	3
0.209122	3
0.209459	3
0.209797	3
0.210135	3
0.210473	3
0.210811	3
0.211149	3
0.211486	3
0.211824	3
0.212162	3
0.2125	3
0.212838	3
0.213176	3
0.213514	3
0.213851	3
0.214189	3
0.214527	3
0.214865	3
0.215203	3
0.215541	3
0.215878	3
0.216216	3
0.216554	3
0.216892	3
0.21723	3
0.217568	3
0.217905	3
0.218243	3
0.218581	3
0.218919	3
0.219257	3
0.219595	3
0.219932	3
0.22027	3
0.220608	3
0.220946	3
0.221284	3
0.221622	3
0.221959	3
0.222297	3
0.222635	3
0.222973	3
0.223311	3
0.223649	3
0.223986	3
0.224324	3
0.224662	3
0.225	3
0.225338	3
0.225676	3
0.226014	3
0.226351	3
0.226689	3
0.227027	3
0.227365	3
0.227703	3
0.228041	3
0.228378	3
0.228716	3
0.229054	3
0.229392	3
0.22973	3
0.230068	3
0.230405	3
0.230743	3
0.231081	3
0.231419	3
0.231757	3
0.232095	3
0.232432	3
0.23277	3
0.233108	3
0.233446	3
0.233784	3
0.234122	3
0.234459	3
0.234797	3
0.235135	3
0.235473	3
0.235811	3
0.236149	3
0.236486	3
0.236824	3
0.237162	3
0.2375	3
0.237838	3
0.238176	3
0.238514	3
0.238851	3
0.239189	3
0.239527	3
0.239865	3
0.240203	3
0.240541	3
0.240878	3
0.241216	3
0.241554	3
0.241892	3
0.24223	3
0.242568	3
0.242905	2
0.243243	3
0.243581	3
0.243919	3
0.244257	3
0.244595	3
0.244932	3
0.24527	3
0.245608	3
0.245946	3
0.246284	3
0.246622	3
0.246959	3
0.247297	3
0.247635	3
0.247973	3
0.248311	3
0.248649	3
0.248986	3
0.249324	3
0.249662	3
0.25	3
0.250338	3
0.250676	3
0.251014	3
0.251351	3
0.251689	3
0.252027	3
0.252365	3
0.252703	3
0.253041	3
0.253378	3
0.253716	3
0.254054	3
0.254392	3
0.25473	3
0.255068	3
0.255405	3
0.255743	3
0.256081	3
0.256419	3
0.256757	3
0.257095	3
0.257432	3
0.25777	3
0.258108	3
0.258446	3
0.258784	3
0.259122	3
0.259459	3
0.259797	3
0.260135	3
0.260473	3
0.260811	3
0.261149	3
0.261486	3
0.261824	3
0.262162	3
0.2625	3
0.262838	3
0.263176	3
0.263514	3
0.263851	3
0.264189	3
0.264527	3
0.264865	3
0.265203	3
0.265541	3
0.265878	3
0.266216	3
0.266554	3
0.266892	3
0.26723	3
0.267568	3
0.267905	3
0.268243	3
0.268581	3
0.268919	3
0.269257	3
0.269595	3
0.269932	3
0.27027	3
0.270608	3
0.270946	3
0.271284	3
0.271622	3
0.271959	3
0.272297	3
0.272635	3
0.272973	3
0.273311	3
0.273649	3
0.273986	3
0.274324	3
0.274662	3
0.275	3
0.275338	3
0.275676	3
0.276014	3
0.276351	3
0.276689	3
0.277027	3
0.277365	3
0.277703	3
0.278041	3
0.278378	3
0.278716	3
0.279054	3
0.279392	3
0.27973	3
0.280068	3
0.280405	3
0.280743	3
0.281081	3
0.281419	3
0.281757	3
0.282095	3
0.282432	3
0.28277	3
0.283108	3
0.283446	3
0.283784	3
0.284122	3
0.284459	3
0.284797	3
0.285135	3
0.285473	3
0.285811	3
0.286149	3
0.286486	3
0.286824	3
0.287162	3
0.2875	3
0.287838	3
0.288176	3
0.288514	3
0.288851	3
0.289189	3
0.289527	3
0.289865	3
0.290203	3
0.290541	3
0.290878	3
0.291216	3
0.291554	3
0.291892	3
0.29223	3
0.292568	3
0.292905	3
0.293243	3
0.293581	3
0.293919	3
0.294257	3
0.294595	3
0.294932	3
0.29527	3
0.295608	3
0.295946	3
0.296284	3
0.296622	3
0.296959	3
0.297297	3
0.297635	3
0.297973	3
0.298311	3
0.298649	3
0.298986	3
0.299324	3
0.299662	3
0.3	3
0.300338	3
0.300676	3
0.301014	3
0.301351	3
0.301689	3
0.302027	3
0.302365	3
0.302703	3
0.303041	3
0.303378	3
0.303716	3
0.304054	3
0.304392	3
0.30473	3
0.305068	3
0.305405	3
0.305743	3
0.306081	2
0.306419	3
0.306757	3
0.307095	3
0.307432	3
0.30777	3
0.308108	3
0.308446	3
0.308784	3
0.309122	3
0.309459	3
0.309797	3
0.310135	3
0.310473	3
0.310811	3
0.311149	3
0.311486	3
0.311824	3
0.312162	3
0.3125	4
0.312838	3
0.313176	3
0.313514	3
0.313851	3
0.314189	3
0.314527	3
0.314865	3
0.315203	3
0.315541	3
0.315878	3
0.316216	3
0.316554	3
0.316892	3
0.31723	3
0.317568	3
0.317905	3
0.318243	3
0.318581	3
0.318919	3
0.319257	3
0.319595	3
0.319932	3
0.32027	3
0.320608	3
0.320946	3
0.321284	3
0.321622	3
0.321959	3
0.322297	3
0.322635	3
0.322973	3
0.323311	3
0.323649	3
0.323986	3
0.324324	3
0.324662	3
0.325	3
0.325338	3
0.325676	3
0.326014	3
0.326351	3
0.326689	3
0.327027	3
0.327365	3
0.327703	3
0.328041	3
0.328378	3
0.328716	3
0.329054	3
0.329392	3
0.32973	3
0.330068	3
0.330405	3
0.330743	3
0.331081	3
0.331419	3
0.331757	3
0.332095	3
0.332432	3
0.33277	3
0.333108	3
0.333446	3
0.333784	2
0.334122	2
0.334459	2
0.334797	3
0.335135	3
0.335473	3
0.335811	2
0.336149	3
0.336486	3
0.336824	3
0.337162	3
0.3375	3
0.337838	2
0.338176	3
0.338514	3
0.338851	3
0.339189	3
0.339527	3
0.339865	2
0.340203	3
0.340541	2
0.340878	3
0.341216	3
0.341554	3
0.341892	2
0.34223	3
0.342568	2
0.342905	3
0.343243	3
0.343581	3
0.343919	2
0.344257	3
0.344595	2
0.344932	3
0.34527	2
0.345608	3
0.345946	2
0.346284	3
0.346622	2
0.346959	3
0.347297	2
0.347635	3
0.347973	2
0.348311	3
0.348649	2
0.348986	3
0.349324	2
0.349662	3
0.35	2
0.350338	3
0.350676	2
0.351014	3
0.351351	2
0.351689	3
0.352027	2
0.352365	2
0.352703	2
0.353041	2
0.353378	2
0.353716	3
0.354054	2
0.354392	3
0.35473	2
0.355068	2
0.355405	2
0.355743	2
0.356081	2
0.356419	3
0.356757	2
0.357095	3
0.357432	3
0.35777	2
0.358108	2
0.358446	3
0.358784	3
0.359122	3
0.359459	2
0.359797	2
0.360135	2
0.360473	3
0.360811	2
0.361149	2
0.361486	3
0.361824	2
0.362162	2
0.3625	2
0.362838	2
0.363176	3
0.363514	3
0.363851	3
0.364189	3
0.364527	3
0.364865	3
0.365203	3
0.365541	3
0.365878	3
0.366216	2
0.366554	3
0.366892	3
0.36723	3
0.367568	3
0.367905	3
0.368243	2
0.368581	2
0.368919	2
0.369257	2
0.369595	2
0.369932	3
0.37027	3
0.370608	2
0.370946	3
0.371284	3
0.371622	3
0.371959	3
0.372297	3
0.372635	3
0.372973	3
0.373311	2
0.373649	2
0.373986	2
0.374324	2
0.374662	2
0.375	2
0.375338	2
0.375676	2
0.376014	2
0.376351	2
0.376689	2
0.377027	2
0.377365	3
0.377703	3
0.378041	2
0.378378	3
0.378716	3
0.379054	2
0.379392	3
0.37973	2
0.380068	3
0.380405	2
0.380743	2
0.381081	2
0.381419	2
0.381757	3
0.382095	3
0.382432	2
0.38277	2
0.383108	2
0.383446	3
0.383784	2
0.384122	3
0.384459	2
0.384797	2
0.385135	2
0.385473	2
0.385811	2
0.386149	2
0.386486	2
0.386824	3
0.387162	2
0.3875	2
0.387838	2
0.388176	2
0.388514	2
0.388851	2
0.389189	3
0.389527	2
0.389865	2
0.390203	2
0.390541	2
0.390878	2
0.391216	2
0.391554	2
0.391892	2
0.39223	2
0.392568	3
0.392905	2
0.393243	2
0.393581	2
0.393919	3
0.394257	3
0.394595	3
0.394932	3
0.39527	3
0.395608	3
0.395946	3
0.396284	3
0.396622	3
0.396959	3
0.397297	3
0.397635	3
0.397973	3
0.398311	3
0.398649	3
0.398986	3
0.399324	3
0.399662	3
0.4	3
0.400338	3
0.400676	3
0.401014	3
0.401351	3
0.401689	3
0.402027	3
0.402365	3
0.402703	3
0.403041	3
0.403378	3
0.403716	3
0.404054	3
0.404392	3
0.40473	3
0.405068	3
0.405405	3
0.405743	3
0.406081	3
0.406419	3
0.406757	3
0.407095	3
0.407432	3
0.40777	3
0.408108	3
0.408446	3
0.408784	3
0.409122	3
0.409459	3
0.409797	3
0.410135	3
0.410473	3
0.410811	3
0.411149	3
0.411486	3
0.411824	3
0.412162	3
0.4125	3
0.412838	3
0.413176	3
0.413514	3
0.413851	3
0.414189	3
0.414527	3
0.414865	3
0.415203	3
0.415541	3
0.415878	3
0.416216	3
0.416554	3
0.416892	3
0.41723	3
0.417568	3
0.417905	3
0.418243	3
0.418581	3
0.418919	3
0.419257	3
0.419595	3
0.419932	3
0.42027	3
0.420608	3
0.420946	3
0.421284	3
0.421622	3
0.421959	3
0.422297	3
0.422635	3
0.422973	3
0.423311	3
0.423649	3
0.423986	3
0.424324	3
0.424662	3
0.425	3
0.425338	3
0.425676	3
0.426014	3
0.426351	3
0.426689	3
0.427027	3
0.427365	3
0.427703	3
0.428041	3
0.428378	3
0.428716	3
0.429054	3
0.429392	3
0.42973	3
0.430068	3
0.430405	3
0.430743	3
0.431081	3
0.431419	3
0.431757	3
0.432095	3
0.432432	3
0.43277	3
0.433108	3
0.433446	3
0.433784	3
0.434122	3
0.434459	3
0.434797	3
0.435135	3
0.435473	3
0.435811	3
0.436149	3
0.436486	3
0.436824	3
0.437162	3
0.4375	3
0.437838	3
0.438176	3
0.438514	3
0.438851	3
0.439189	3
0.439527	3
0.439865	3
0.440203	3
0.440541	3
0.440878	3
0.441216	3
0.441554	3
0.441892	3
0.44223	3
0.442568	3
0.442905	3
0.443243	3
0.443581	3
0.443919	3
0.444257	3
0.444595	3
0.444932	3
0.44527	3
0.445608	3
0.445946	3
0.446284	3
0.446622	3
0.446959	3
0.447297	3
0.447635	3
0.447973	3
0.448311	3
0.448649	3
0.448986	3
0.449324	3
0.449662	3
0.45	3
0.450338	3
0.450676	3
0.451014	3
0.451351	3
0.451689	3
0.452027	3
0.452365	3
0.452703	3
0.453041	3
0.453378	3
0.453716	3
0.454054	3
0.454392	3
0.45473	3
0.455068	3
0.455405	3
0.455743	3
0.456081	3
0.456419	3
0.456757	3
0.457095	3
0.457432	3
0.45777	3
0.458108	3
0.458446	3
0.458784	3
0.459122	3
0.459459	3
0.459797	3
0.460135	3
0.460473	3
0.460811	3
0.461149	3
0.461486	3
0.461824	3
0.462162	3
0.4625	3
0.462838	3
0.463176	3
0.463514	3
0.463851	3
0.464189	3
0.464527	3
0.464865	3
0.465203	3
0.465541	3
0.465878	3
0.466216	3
0.466554	3
0.466892	3
0.46723	3
0.467568	3
0.467905	3
0.468243	3
0.468581	3
0.468919	3
0.469257	3
0.469595	3
0.469932	3
0.47027	3
0.470608	3
0.470946	3
0.471284	3
0.471622	3
0.471959	3
0.472297	3
0.472635	3
0.472973	3
0.473311	3
0.473649	3
0.473986	3
0.474324	3
0.474662	3
0.475	3
0.475338	3
0.475676	3
0.476014	3
0.476351	3
0.476689	3
0.477027	3
0.477365	3
0.477703	3
0.478041	3
0.478378	3
0.478716	3
0.479054	3
0.479392	3
0.47973	3
0.480068	3
0.480405	3
0.480743	3
0.481081	3
0.481419	3
0.481757	3
0.482095	3
0.482432	3
0.48277	3
0.483108	3
0.483446	3
0.483784	3
0.484122	3
0.484459	3
0.484797	3
0.485135	3
0.485473	3
0.485811	3
0.486149	3
0.486486	3
0.486824	3
0.487162	3
0.4875	3
0.487838	3
0.488176	3
0.488514	3
0.488851	3
0.489189	3
0.489527	3
0.489865	3
0.490203	3
0.490541	3
0.490878	3
0.491216	3
0.491554	3
0.491892	3
0.49223	3
0.492568	3
0.492905	3
0.493243	3
0.493581	3
0.493919	3
0.494257	3
0.494595	3
0.494932	3
0.49527	3
0.495608	3
0.495946	3
0.496284	3
0.496622	3
0.496959	3
0.497297	3
0.497635	3
0.497973	3
0.498311	3
0.498649	3
0.498986	3
0.499324	3
0.499662	3
0.5	3
0.500338	3
0.500676	3
0.501014	3
0.501351	3
0.501689	3
0.502027	3
0.502365	3
0.502703	3
0.503041	3
0.503378	3
0.503716	3
0.504054	3
0.504392	3
0.50473	3
0.505068	3
0.505405	3
0.505743	3
0.506081	2
0.506419	3
0.506757	2
0.507095	3
0.507432	2
0.50777	3
0.508108	3
0.508446	3
0.508784	2
0.509122	3
0.509459	2
0.509797	3
0.510135	2
0.510473	3
0.510811	3
0.511149	3
0.511486	3
0.511824	2
0.512162	3
0.5125	3
0.512838	3
0.513176	3
0.513514	3
0.513851	3
0.514189	3
0.514527	3
0.514865	3
0.515203	3
0.515541	3
0.515878	3
0.516216	3
0.516554	3
0.516892	3
0.51723	3
0.517568	3
0.517905	2
0.518243	3
0.518581	3
0.518919	3
0.519257	4
0.519595	3
0.519932	3
0.52027	3
0.520608	3
0.520946	3
0.521284	3
0.521622	3
0.521959	3
0.522297	3
0.522635	3
0.522973	3
0.523311	3
0.523649	3
0.523986	3
0.524324	3
0.524662	3
0.525	3
0.525338	3
0.525676	3
0.526014	3
0.526351	3
0.526689	2
0.527027	3
0.527365	3
0.527703	3
0.528041	2
0.528378	3
0.528716	2
0.529054	3
0.529392	2
0.52973	3
0.530068	3
0.530405	3
0.530743	2
0.531081	3
0.531419	3
0.531757	3
0.532095	2
0.532432	3
0.53277	2
0.533108	3
0.533446	2
0.533784	3
0.534122	2
0.534459	3
0.534797	2
0.535135	3
0.535473	2
0.535811	3
0.536149	2
0.536486	3
0.536824	2
0.537162	3
0.5375	2
0.537838	3
0.538176	2
0.538514	3
0.538851	2
0.539189	3
0.539527	2
0.539865	3
0.540203	3
0.540541	3
0.540878	3
0.541216	3
0.541554	3
0.541892	3
0.54223	3
0.542568	4
0.542905	3
0.543243	4
0.543581	3
0.543919	3
0.544257	3
0.544595	3
0.544932	3
0.54527	3
0.545608	3
0.545946	3
0.546284	3
0.546622	3
0.546959	3
0.547297	3
0.547635	3
0.547973	3
0.548311	3
0.548649	3
0.548986	3
0.549324	3
0.549662	3
0.55	3
0.550338	3
0.550676	3
0.551014	2
0.551351	3
0.551689	2
0.552027	3
0.552365	2
0.552703	3
0.553041	3
0.553378	3
0.553716	3
0.554054	3
0.554392	3
0.55473	3
0.555068	3
0.555405	3
0.555743	3
0.556081	3
0.556419	3
0.556757	3
0.557095	3
0.557432	3
0.55777	3
0.558108	3
0.558446	3
0.558784	3
0.559122	3
0.559459	3
0.559797	3
0.560135	3
0.560473	2
0.560811	3
0.561149	2
0.561486	3
0.561824	2
0.562162	3
0.5625	2
0.562838	3
0.563176	2
0.563514	3
0.563851	3
0.564189	3
0.564527	3
0.564865	3
0.565203	3
0.565541	3
0.565878	3
0.566216	3
0.566554	3
0.566892	3
0.56723	3
0.567568	3
0.567905	3
0.568243	3
0.568581	2
0.568919	3
0.569257	2
0.569595	3
0.569932	3
0.57027	3
0.570608	3
0.570946	3
0.571284	2
0.571622	3
0.571959	2
0.572297	3
0.572635	2
0.572973	3
0.573311	2
0.573649	3
0.573986	2
0.574324	3
0.574662	2
0.575	3
0.575338	2
0.575676	3
0.576014	2
0.576351	3
0.576689	2
0.577027	3
0.577365	2
0.577703	3
0.578041	2
0.578378	3
0.578716	2
0.579054	3
0.579392	3
0.57973	3
0.580068	3
0.580405	3
0.580743	3
0.581081	3
0.581419	3
0.581757	3
0.582095	3
0.582432	3
0.58277	3
0.583108	3
0.583446	3
0.583784	3
0.584122	3
0.584459	3
0.584797	3
0.585135	3
0.585473	3
0.585811	3
0.586149	3
0.586486	3
0.586824	3
0.587162	3
0.5875	3
0.587838	3
0.588176	3
0.588514	3
0.588851	3
0.589189	3
0.589527	3
0.589865	3
0.590203	3
0.590541	3
0.590878	3
0.591216	3
0.591554	3
0.591892	3
0.59223	3
0.592568	3
0.592905	3
0.593243	3
0.593581	3
0.593919	3
0.594257	3
0.594595	3
0.594932	3
0.59527	3
0.595608	3
0.595946	3
0.596284	3
0.596622	3
0.596959	3
0.597297	3
0.597635	3
0.597973	3
0.598311	3
0.598649	3
0.598986	3
0.599324	3
0.599662	3
0.6	3
0.600338	3
0.600676	3
0.601014	3
0.601351	3
0.601689	3
0.602027	3
0.602365	3
0.602703	3
0.603041	3
0.603378	3
0.603716	3
0.604054	3
0.604392	3
0.60473	3
0.605068	3
0.605405	3
0.605743	2
0.606081	3
0.606419	3
0.606757	3
0.607095	3
0.607432	3
0.60777	3
0.608108	3
0.608446	3
0.608784	3
0.609122	3
0.609459	3
0.609797	3
0.610135	3
0.610473	3
0.610811	3
0.611149	3
0.611486	3
0.611824	3
0.612162	3
0.6125	3
0.612838	3
0.613176	3
0.613514	3
0.613851	3
0.614189	3
0.614527	2
0.614865	3
0.615203	3
0.615541	3
0.615878	3
0.616216	3
0.616554	3
0.616892	3
0.61723	3
0.617568	3
0.617905	3
0.618243	3
0.618581	2
0.618919	3
0.619257	3
0.619595	3
0.619932	2
0.62027	3
0.620608	2
0.620946	3
0.621284	2
0.621622	3
0.621959	2
0.622297	3
0.622635	2
0.622973	3
0.623311	2
0.623649	3
0.623986	2
0.624324	3
0.624662	2
0.625	3
0.625338	2
0.625676	3
0.626014	2
0.626351	3
0.626689	2
0.627027	3
0.627365	2
0.627703	3
0.628041	2
0.628378	3
0.628716	2
0.629054	3
0.629392	2
0.62973	3
0.630068	2
0.630405	3
0.630743	2
0.631081	3
0.631419	2
0.631757	3
0.632095	2
0.632432	3
0.63277	2
0.633108	3
0.633446	2
0.633784	3
0.634122	3
0.634459	3
0.634797	3
0.635135	3
0.635473	2
0.635811	3
0.636149	2
0.636486	3
0.636824	2
0.637162	3
0.6375	2
0.637838	3
0.638176	3
0.638514	3
0.638851	2
0.639189	3
0.639527	2
0.639865	3
0.640203	2
0.640541	3
0.640878	2
0.641216	3
0.641554	3
0.641892	3
0.64223	2
0.642568	3
0.642905	3
0.643243	3
0.643581	2
0.643919	3
0.644257	2
0.644595	3
0.644932	2
0.64527	3
0.645608	3
0.645946	3
0.646284	2
0.646622	3
0.646959	2
0.647297	3
0.647635	2
0.647973	3
0.648311	3
0.648649	3
0.648986	2
0.649324	3
0.649662	3
0.65	3
0.650338	2
0.650676	3
0.651014	2
0.651351	3
0.651689	2
0.652027	3
0.652365	2
0.652703	3
0.653041	2
0.653378	3
0.653716	2
0.654054	3
0.654392	2
0.65473	3
0.655068	2
0.655405	3
0.655743	2
0.656081	3
0.656419	2
0.656757	3
0.657095	2
0.657432	3
0.65777	2
0.658108	3
0.658446	2
0.658784	3
0.659122	2
0.659459	3
0.659797	2
0.660135	3
0.660473	2
0.660811	3
0.661149	3
0.661486	3
0.661824	2
0.662162	3
0.6625	2
0.662838	3
0.663176	2
0.663514	3
0.663851	3
0.664189	3
0.664527	3
0.664865	3
0.665203	3
0.665541	3
0.665878	3
0.666216	3
0.666554	3
0.666892	3
0.66723	3
0.667568	3
0.667905	3
0.668243	3
0.668581	3
0.668919	3
0.669257	3
0.669595	3
0.669932	3
0.67027	3
0.670608	3
0.670946	3
0.671284	3
0.671622	3
0.671959	3
0.672297	3
0.672635	3
0.672973	3
0.673311	3
0.673649	3
0.673986	3
0.674324	3
0.674662	3
0.675	3
0.675338	3
0.675676	3
0.676014	3
0.676351	3
0.676689	3
0.677027	3
0.677365	3
0.677703	3
0.678041	3
0.678378	3
0.678716	3
0.679054	3
0.679392	3
0.67973	3
0.680068	3
0.680405	3
0.680743	3
0.681081	3
0.681419	3
0.681757	3
0.682095	3
0.682432	3
0.68277	3
0.683108	3
0.683446	3
0.683784	3
0.684122	3
0.684459	3
0.684797	3
0.685135	3
0.685473	3
0.685811	3
0.686149	3
0.686486	3
0.686824	3
0.687162	3
0.6875	3
0.687838	3
0.688176	3
0.688514	3
0.688851	3
0.689189	3
0.689527	3
0.689865	3
0.690203	3
0.690541	3
0.690878	3
0.691216	3
0.691554	3
0.691892	3
0.69223	3
0.692568	3
0.692905	3
0.693243	3
0.693581	3
0.693919	3
0.694257	3
0.694595	3
0.694932	3
0.69527	3
0.695608	3
0.695946	3
0.696284	3
0.696622	3
0.696959	3
0.697297	3
0.697635	3
0.697973	3
0.698311	3
0.698649	3
0.698986	3
0.699324	3
0.699662	3
0.7	3
0.700338	3
0.700676	3
0.701014	3
0.701351	3
0.701689	3
0.702027	3
0.702365	3
0.702703	3
0.703041	3
0.703378	3
0.703716	3
0.704054	3
0.704392	3
0.70473	3
0.705068	3
0.705405	3
0.705743	3
0.706081	3
0.706419	3
0.706757	3
0.707095	3
0.707432	3
0.70777	3
0.708108	3
0.708446	3
0.708784	3
0.709122	3
0.709459	3
0.709797	3
0.710135	3
0.710473	3
0.710811	3
0.711149	3
0.711486	3
0.711824	3
0.712162	3
0.7125	3
0.712838	3
0.713176	3
0.713514	3
0.713851	3
0.714189	3
0.714527	3
0.714865	3
0.715203	3
0.715541	3
0.715878	3
0.716216	3
0.716554	3
0.716892	3
0.71723	3
0.717568	3
0.717905	3
0.718243	3
0.718581	3
0.718919	3
0.719257	3
0.719595	3
0.719932	3
0.72027	3
0.720608	3
0.720946	3
0.721284	3
0.721622	3
0.721959	3
0.722297	3
0.722635	3
0.722973	3
0.723311	3
0.723649	3
0.723986	3
0.724324	3
0.724662	3
0.725	3
0.725338	3
0.725676	3
0.726014	3
0.726351	3
0.726689	3
0.727027	3
0.727365	3
0.727703	3
0.728041	3
0.728378	3
0.728716	3
0.729054	3
0.729392	3
0.72973	3
0.730068	3
0.730405	3
0.730743	3
0.731081	3
0.731419	3
0.731757	3
0.732095	3
0.732432	3
0.73277	3
0.733108	3
0.733446	3
0.733784	3
0.734122	3
0.734459	3
0.734797	3
0.735135	3
0.735473	3
0.735811	3
0.736149	3
0.736486	3
0.736824	3
0.737162	3
0.7375	3
0.737838	3
0.738176	3
0.738514	3
0.738851	3
0.739189	3
0.739527	3
0.739865	3
0.740203	3
0.740541	3
0.740878	3
0.741216	3
0.741554	3
0.741892	3
0.74223	3
0.742568	3
0.742905	3
0.743243	3
0.743581	3
0.743919	3
0.744257	3
0.744595	3
0.744932	3
0.74527	3
0.745608	3
0.745946	3
0.746284	3
0.746622	3
0.746959	3
0.747297	3
0.747635	3
0.747973	3
0.748311	3
0.748649	3
0.748986	3
0.749324	3
0.749662	3
0.75	3
0.750338	3
0.750676	3
0.751014	3
0.751351	3
0.751689	3
0.752027	3
0.752365	3
0.752703	3
0.753041	3
0.753378	3
0.753716	3
0.754054	3
0.754392	3
0.75473	3
0.755068	3
0.755405	3
0.755743	3
0.756081	3
0.756419	3
0.756757	3
0.757095	3
0.757432	3
0.75777	3
0.758108	3
0.758446	3
0.758784	3
0.759122	3
0.759459	3
0.759797	3
0.760135	3
0.760473	3
0.760811	3
0.761149	3
0.761486	3
0.761824	3
0.762162	3
0.7625	3
0.762838	3
0.763176	3
0.763514	3
0.763851	3
0.764189	3
0.764527	3
0.764865	3
0.765203	3
0.765541	3
0.765878	3
0.766216	3
0.766554	3
0.766892	3
0.76723	3
0.767568	3
0.767905	3
0.768243	3
0.768581	3
0.768919	3
0.769257	3
0.769595	3
0.769932	3
0.77027	3
0.770608	3
0.770946	3
0.771284	3
0.771622	3
0.771959	3
0.772297	3
0.772635	3
0.772973	3
0.773311	3
0.773649	3
0.773986	3
0.774324	3
0.774662	3
0.775	3
0.775338	3
0.775676	3
0.776014	3
0.776351	3
0.776689	3
0.777027	3
0.777365	3
0.777703	3
0.778041	3
0.778378	3
0.778716	3
0.779054	3
0.779392	3
0.77973	3
0.780068	3
0.780405	3
0.780743	3
0.781081	3
0.781419	3
0.781757	3
0.782095	3
0.782432	3
0.78277	3
0.783108	3
0.783446	3
0.783784	3
0.784122	3
0.784459	3
0.784797	3
0.785135	3
0.785473	3
0.785811	3
0.786149	3
0.786486	3
0.786824	3
0.787162	3
0.7875	3
0.787838	3
0.788176	3
0.788514	3
0.788851	3
0.789189	3
0.789527	3
0.789865	3
0.790203	3
0.790541	3
0.790878	3
0.791216	3
0.791554	3
0.791892	3
0.79223	3
0.792568	3
0.792905	3
0.793243	3
0.793581	3
0.793919	3
0.794257	3
0.794595	3
0.794932	3
0.79527	3
0.795608	3
0.795946	3
0.796284	3
0.796622	3
0.796959	3
0.797297	3
0.797635	3
0.797973	3
0.798311	3
0.798649	3
0.798986	3
0.799324	3
0.799662	3
0.8	3
0.800338	3
0.800676	3
0.801014	3
0.801351	3
0.801689	3
0.802027	3
0.802365	3
0.802703	3
0.803041	3
0.803378	3
0.803716	3
0.804054	3
0.804392	3
0.80473	3
0.805068	3
0.805405	3
0.805743	3
0.806081	3
0.806419	3
0.806757	3
0.807095	3
0.807432	3
0.80777	3
0.808108	3
0.808446	3
0.808784	3
0.809122	3
0.809459	3
0.809797	3
0.810135	3
0.810473	3
0.810811	3
0.811149	3
0.811486	3
0.811824	3
0.812162	3
0.8125	3
0.812838	3
0.813176	3
0.813514	3
0.813851	3
0.814189	3
0.814527	3
0.814865	3
0.815203	3
0.815541	3
0.815878	3
0.816216	3
0.816554	3
0.816892	3
0.81723	3
0.817568	3
0.817905	3
0.818243	3
0.818581	3
0.818919	3
0.819257	3
0.819595	3
0.819932	3
0.82027	3
0.820608	3
0.820946	3
0.821284	3
0.821622	3
0.821959	3
0.822297	3
0.822635	3
0.822973	3
0.823311	3
0.823649	3
0.823986	3
0.824324	3
0.824662	3
0.825	3
0.825338	3
0.825676	3
0.826014	3
0.826351	3
0.826689	3
0.827027	3
0.827365	3
0.827703	3
0.828041	3
0.828378	3
0.828716	3
0.829054	3
0.829392	3
0.82973	3
0.830068	3
0.830405	3
0.830743	3
0.831081	3
0.831419	3
0.831757	3
0.832095	3
0.832432	3
0.83277	3
0.833108	3
0.833446	3
0.833784	3
0.834122	3
0.834459	3
0.834797	3
0.835135	3
0.835473	3
0.835811	3
0.836149	3
0.836486	3
0.836824	3
0.837162	3
0.8375	3
0.837838	3
0.838176	3
0.838514	3
0.838851	3
0.839189	3
0.839527	3
0.839865	3
0.840203	3
0.840541	3
0.840878	3
0.841216	3
0.841554	3
0.841892	3
0.84223	3
0.842568	3
0.842905	3
0.843243	3
0.843581	3
0.843919	3
0.844257	3
0.844595	3
0.844932	3
0.84527	3
0.845608	3
0.845946	3
0.846284	3
0.846622	3
0.846959	3
0.847297	3
0.847635	3
0.847973	3
0.848311	3
0.848649	3
0.848986	3
0.849324	3
0.849662	3
0.85	3
0.850338	3
0.850676	3
0.851014	3
0.851351	3
0.851689	3
0.852027	3
0.852365	3
0.852703	3
0.853041	3
0.853378	3
0.853716	3
0.854054	3
0.854392	3
0.85473	3
0.855068	3
0.855405	3
0.855743	3
0.856081	3
0.856419	3
0.856757	3
0.857095	3
0.857432	3
0.85777	3
0.858108	3
0.858446	3
0.858784	3
0.859122	3
0.859459	3
0.859797	3
0.860135	3
0.860473	3
0.860811	3
0.861149	3
0.861486	3
0.861824	3
0.862162	3
0.8625	3
0.862838	3
0.863176	3
0.863514	3
0.863851	3
0.864189	3
0.864527	3
0.864865	3
0.865203	3
0.865541	3
0.865878	3
0.866216	3
0.866554	3
0.866892	3
0.86723	3
0.867568	3
0.867905	3
0.868243	3
0.868581	3
0.868919	3
0.869257	3
0.869595	3
0.869932	3
0.87027	3
0.870608	3
0.870946	3
0.871284	3
0.871622	3
0.871959	3
0.872297	3
0.872635	3
0.872973	3
0.873311	3
0.873649	3
0.873986	3
0.874324	3
0.874662	3
0.875	3
0.875338	3
0.875676	3
0.876014	3
0.876351	3
0.876689	3
0.877027	3
0.877365	3
0.877703	3
0.878041	3
0.878378	3
0.878716	3
0.879054	3
0.879392	3
0.87973	3
0.880068	3
0.880405	3
0.880743	3
0.881081	3
0.881419	3
0.881757	3
0.882095	3
0.882432	3
0.88277	3
0.883108	3
0.883446	3
0.883784	3
0.884122	3
0.884459	3
0.884797	3
0.885135	3
0.885473	3
0.885811	3
0.886149	3
0.886486	3
0.886824	3
0.887162	3
0.8875	3
0.887838	3
0.888176	3
0.888514	3
0.888851	3
0.889189	3
0.889527	3
0.889865	3
0.890203	3
0.890541	3
0.890878	3
0.891216	3
0.891554	3
0.891892	3
0.89223	3
0.892568	3
0.892905	3
0.893243	3
0.893581	3
0.893919	3
0.894257	3
0.894595	3
0.894932	3
0.89527	3
0.895608	3
0.895946	3
0.896284	3
0.896622	3
0.896959	3
0.897297	3
0.897635	3
0.897973	3
0.898311	3
0.898649	3
0.898986	3
0.899324	3
0.899662	3
0.9	3
0.900338	3
0.900676	3
0.901014	3
0.901351	3
0.901689	3
0.902027	3
0.902365	3
0.902703	3
0.903041	3
0.903378	3
0.903716	3
0.904054	3
0.904392	3
0.90473	3
0.905068	3
0.905405	3
0.905743	3
0.906081	3
0.906419	3
0.906757	3
0.907095	3
0.907432	3
0.90777	3
0.908108	3
0.908446	3
0.908784	3
0.909122	3
0.909459	3
0.909797	3
0.910135	3
0.910473	3
0.910811	3
0.911149	3
0.911486	3
0.911824	3
0.912162	3
0.9125	3
0.912838	3
0.913176	3
0.913514	3
0.913851	3
0.914189	3
0.914527	3
0.914865	3
0.915203	3
0.915541	3
0.915878	3
0.916216	3
0.916554	3
0.916892	3
0.91723	3
0.917568	3
0.917905	3
0.918243	3
0.918581	3
0.918919	3
0.919257	3
0.919595	3
0.919932	3
0.92027	3
0.920608	3
0.920946	3
0.921284	3
0.921622	3
0.921959	3
0.922297	3
0.922635	3
0.922973	3
0.923311	3
0.923649	3
0.923986	3
0.924324	3
0.924662	3
0.925	3
0.925338	3
0.925676	3
0.926014	3
0.926351	3
0.926689	3
0.927027	3
0.927365	3
0.927703	3
0.928041	3
0.928378	3
0.928716	3
0.929054	3
0.929392	3
0.92973	3
0.930068	3
0.930405	3
0.930743	3
0.931081	3
0.931419	3
0.931757	3
0.932095	3
0.932432	3
0.93277	3
0.933108	3
0.933446	3
0.933784	3
0.934122	3
0.934459	3
0.934797	3
0.935135	3
0.935473	3
0.935811	3
0.936149	3
0.936486	3
0.936824	3
0.937162	3
0.9375	3
0.937838	3
0.938176	3
0.938514	3
0.938851	3
0.939189	3
0.939527	3
0.939865	3
0.940203	3
0.940541	3
0.940878	3
0.941216	3
0.941554	3
0.941892	3
0.94223	3
0.942568	3
0.942905	3
0.943243	3
0.943581	3
0.943919	3
0.944257	3
0.944595	3
0.944932	3
0.94527	3
0.945608	3
0.945946	3
0.946284	3
0.946622	3
0.946959	3
0.947297	3
0.947635	3
0.947973	3
0.948311	3
0.948649	3
0.948986	3
0.949324	3
0.949662	3
0.95	3
0.950338	3
0.950676	3
0.951014	3
0.951351	3
0.951689	3
0.952027	3
0.952365	3
0.952703	3
0.953041	3
0.953378	3
0.953716	3
0.954054	3
0.954392	3
0.95473	3
0.955068	3
0.955405	3
0.955743	3
0.956081	3
0.956419	3
0.956757	3
0.957095	3
0.957432	3
0.95777	3
0.958108	3
0.958446	3
0.958784	3
0.959122	3
0.959459	3
0.959797	3
0.960135	3
0.960473	3
0.960811	3
0.961149	3
0.961486	3
0.961824	3
0.962162	3
0.9625	3
0.962838	3
0.963176	3
0.963514	3
0.963851	3
0.964189	3
0.964527	3
0.964865	3
0.965203	3
0.965541	3
0.965878	3
0.966216	3
0.966554	3
0.966892	3
0.96723	3
0.967568	3
0.967905	3
0.968243	3
0.968581	3
0.968919	3
0.969257	3
0.969595	3
0.969932	3
0.97027	3
0.970608	3
0.970946	3
0.971284	3
0.971622	3
0.971959	3
0.972297	3
0.972635	3
0.972973	3
0.973311	3
0.973649	3
0.973986	3
0.974324	3
0.974662	3
0.975	3
0.975338	3
0.975676	3
0.976014	3
0.976351	3
0.976689	3
0.977027	3
0.977365	3
0.977703	3
0.978041	3
0.978378	3
0.978716	3
0.979054	3
0.979392	3
0.97973	3
0.980068	3
0.980405	3
0.980743	3
0.981081	3
0.981419	3
0.981757	3
0.982095	3
0.982432	3
0.98277	3
0.983108	3
0.983446	3
0.983784	3
0.984122	3
0.984459	3
0.984797	3
0.985135	3
0.985473	3
0.985811	3
0.986149	3
0.986486	3
0.986824	3
0.987162	3
0.9875	3
0.987838	3
0.988176	3
0.988514	3
0.988851	3
0.989189	3
0.989527	3
0.989865	3
0.990203	3
0.990541	3
0.990878	3
0.991216	3
0.991554	3
0.991892	3
0.99223	3
0.992568	3
0.992905	3
0.993243	3
0.993581	3
0.993919	3
0.994257	3
0.994595	3
0.994932	3
0.99527	3
0.995608	3
0.995946	3
0.996284	3
0.996622	3
0.996959	3
0.997297	3
0.997635	3
0.997973	3
0.998311	3
0.998649	3
0.998986	3
0.999324	3
0.999662	3
1	3
1.00034	3
1.00068	3
1.00101	3
1.00135	3
1.00169	3
1.00203	3
1.00236	3
1.0027	3
1.00304	3
1.00338	3
1.00372	3
1.00405	3
1.00439	3
1.00473	3
1.00507	3
1.00541	3
1.00574	3
1.00608	3
1.00642	3
1.00676	3
1.00709	3
1.00743	3
1.00777	3
1.00811	3
1.00845	3
1.00878	3
1.00912	3
1.00946	3
1.0098	3
1.01014	3
1.01047	3
1.01081	3
1.01115	3
1.01149	3
1.01182	3
1.01216	3
1.0125	3
1.01284	3
1.01318	3
1.01351	3
1.01385	3
1.01419	3
1.01453	3
1.01486	3
1.0152	3
1.01554	3
1.01588	3
1.01622	3
1.01655	3
1.01689	3
1.01723	3
1.01757	3
1.01791	3
1.01824	3
1.01858	3
1.01892	3
1.01926	3
1.01959	3
1.01993	3
1.02027	3
1.02061	3
1.02095	3
1.02128	3
1.02162	3
1.02196	3
1.0223	3
1.02264	3
1.02297	3
1.02331	3
1.02365	3
1.02399	3
1.02432	3
1.02466	3
1.025	3
1.02534	3
1.02568	3
1.02601	3
1.02635	3
1.02669	3
1.02703	3
1.02736	3
1.0277	3
1.02804	3
1.02838	3
1.02872	3
1.02905	3
1.02939	3
1.02973	3
1.03007	3
1.03041	3
1.03074	3
1.03108	3
1.03142	3
1.03176	3
1.03209	3
1.03243	3
1.03277	3
1.03311	3
1.03345	3
1.03378	3
1.03412	3
1.03446	3
1.0348	3
1.03514	3
1.03547	3
1.03581	3
1.03615	3
1.03649	3
1.03682	3
1.03716	3
1.0375	3
1.03784	3
1.03818	3
1.03851	3
1.03885	3
1.03919	3
1.03953	3
1.03986	3
1.0402	3
1.04054	3
1.04088	3
1.04122	3
1.04155	3
1.04189	3
1.04223	3
1.04257	3
1.04291	3
1.04324	3
1.04358	3
1.04392	3
1.04426	3
1.04459	3
1.04493	3
1.04527	3
1.04561	3
1.04595	3
1.04628	3
1.04662	3
1.04696	3
1.0473	3
1.04764	3
1.04797	3
1.04831	3
1.04865	3
1.04899	3
1.04932	3
1.04966	3
1.05	3
1.05034	3
1.05068	3
1.05101	3
1.05135	3
1.05169	3
1.05203	3
1.05236	3
1.0527	3
1.05304	3
1.05338	3
1.05372	3
1.05405	3
1.05439	3
1.05473	3
1.05507	3
1.05541	3
1.05574	3
1.05608	3
1.05642	3
1.05676	3
1.05709	3
1.05743	3
1.05777	3
1.05811	3
1.05845	3
1.05878	3
1.05912	3
1.05946	3
1.0598	3
1.06014	3
1.06047	3
1.06081	3
1.06115	3
1.06149	3
1.06182	3
1.06216	3
1.0625	3
1.06284	3
1.06318	3
1.06351	3
1.06385	3
1.06419	3
1.06453	3
1.06486	3
1.0652	3
1.06554	3
1.06588	3
1.06622	3
1.06655	3
1.06689	3
1.06723	3
1.06757	3
1.06791	3
1.06824	3
1.06858	3
1.06892	3
1.06926	3
1.06959	3
1.06993	3
1.07027	3
1.07061	3
1.07095	3
1.07128	3
1.07162	3
1.07196	3
1.0723	3
1.07264	3
1.07297	3
1.07331	3
1.07365	3
1.07399	3
1.07432	3
1.07466	3
1.075	3
1.07534	3
1.07568	3
1.07601	3
1.07635	3
1.07669	3
1.07703	3
1.07736	3
1.0777	3
1.07804	3
1.07838	3
1.07872	3
1.07905	3
1.07939	3
1.07973	3
1.08007	3
1.08041	3
1.08074	3
1.08108	3
1.08142	3
1.08176	3
1.08209	3
1.08243	3
1.08277	3
1.08311	3
1.08345	3
1.08378	3
1.08412	3
1.08446	3
1.0848	3
1.08514	3
1.08547	3
1.08581	3
1.08615	3
1.08649	3
1.08682	3
1.08716	3
1.0875	3
1.08784	3
1.08818	3
1.08851	3
1.08885	3
1.08919	3
1.08953	3
1.08986	3
1.0902	3
1.09054	3
1.09088	3
1.09122	3
1.09155	3
1.09189	3
1.09223	3
1.09257	3
1.09291	3
1.09324	3
1.09358	3
1.09392	3
1.09426	3
1.09459	3
1.09493	3
1.09527	3
1.09561	3
1.09595	3
1.09628	3
1.09662	3
1.09696	3
1.0973	3
1.09764	3
1.09797	3
1.09831	3
1.09865	3
1.09899	3
1.09932	3
1.09966	3
1.1	3
1.10034	3
1.10068	3
1.10101	3
1.10135	3
1.10169	3
1.10203	3
1.10236	3
1.1027	3
1.10304	3
1.10338	3
1.10372	3
1.10405	3
1.10439	3
1.10473	3
1.10507	3
1.10541	3
1.10574	3
1.10608	3
1.10642	3
1.10676	3
1.10709	3
1.10743	3
1.10777	3
1.10811	3
1.10845	3
1.10878	3
1.10912	3
1.10946	3
1.1098	3
1.11014	3
1.11047	3
1.11081	3
1.11115	3
1.11149	3
1.11182	3
1.11216	3
1.1125	3
1.11284	3
1.11318	3
1.11351	3
1.11385	3
1.11419	3
1.11453	3
1.11486	3
1.1152	3
1.11554	3
1.11588	3
1.11622	3
1.11655	3
1.11689	3
1.11723	3
1.11757	3
1.11791	3
1.11824	3
1.11858	3
1.11892	3
1.11926	3
1.11959	3
1.11993	3
1.12027	3
1.12061	3
1.12095	3
1.12128	3
1.12162	3
1.12196	3
1.1223	3
1.12264	3
1.12297	3
1.12331	3
1.12365	3
1.12399	3
1.12432	3
1.12466	3
1.125	3
1.12534	3
1.12568	3
1.12601	3
1.12635	3
1.12669	3
1.12703	3
1.12736	3
1.1277	3
1.12804	3
1.12838	3
1.12872	3
1.12905	3
1.12939	3
1.12973	3
1.13007	3
1.13041	3
1.13074	3
1.13108	3
1.13142	3
1.13176	3
1.13209	3
1.13243	3
1.13277	3
1.13311	3
1.13345	3
1.13378	3
1.13412	3
1.13446	3
1.1348	3
1.13514	3
1.13547	3
1.13581	3
1.13615	3
1.13649	3
1.13682	3
1.13716	3
1.1375	3
1.13784	3
1.13818	3
1.13851	3
1.13885	3
1.13919	3
1.13953	3
1.13986	3
1.1402	3
1.14054	3
1.14088	3
1.14122	3
1.14155	3
1.14189	3
1.14223	3
1.14257	3
1.14291	3
1.14324	3
1.14358	3
1.14392	3
1.14426	3
1.14459	3
1.14493	3
1.14527	3
1.14561	3
1.14595	3
1.14628	3
1.14662	3
1.14696	3
1.1473	3
1.14764	3
1.14797	3
1.14831	3
1.14865	3
1.14899	3
1.14932	3
1.14966	3
1.15	3
1.15034	3
1.15068	3
1.15101	3
1.15135	3
1.15169	3
1.15203	3
1.15236	3
1.1527	3
1.15304	3
1.15338	3
1.15372	3
1.15405	3
1.15439	3
1.15473	3
1.15507	3
1.15541	3
1.15574	3
1.15608	3
1.15642	3
1.15676	3
1.15709	3
1.15743	3
1.15777	3
1.15811	3
1.15845	3
1.15878	3
1.15912	3
1.15946	3
1.1598	3
1.16014	3
1.16047	3
1.16081	3
1.16115	3
1.16149	3
1.16182	3
1.16216	3
1.1625	3
1.16284	3
1.16318	3
1.16351	3
1.16385	3
1.16419	3
1.16453	3
1.16486	3
1.1652	3
1.16554	3
1.16588	3
1.16622	3
1.16655	3
1.16689	3
1.16723	3
1.16757	3
1.16791	3
1.16824	3
1.16858	3
1.16892	3
1.16926	3
1.16959	3
1.16993	3
1.17027	3
1.17061	3
1.17095	3
1.17128	3
1.17162	3
1.17196	3
1.1723	3
1.17264	3
1.17297	3
1.17331	3
1.17365	3
1.17399	3
1.17432	3
1.17466	3
1.175	3
1.17534	3
1.17568	3
1.17601	3
1.17635	3
1.17669	3
1.17703	3
1.17736	3
1.1777	3
1.17804	3
1.17838	3
1.17872	3
1.17905	3
1.17939	3
1.17973	3
1.18007	3
1.18041	3
1.18074	3
1.18108	3
1.18142	3
1.18176	3
1.18209	3
1.18243	3
1.18277	3
1.18311	3
1.18345	3
1.18378	3
1.18412	3
1.18446	3
1.1848	3
1.18514	3
1.18547	3
1.18581	3
1.18615	3
1.18649	3
1.18682	3
1.18716	3
1.1875	3
1.18784	3
1.18818	3
1.18851	3
1.18885	3
1.18919	3
1.18953	3
1.18986	3
1.1902	3
1.19054	3
1.19088	3
1.19122	3
1.19155	3
1.19189	3
1.19223	3
1.19257	3
1.19291	3
1.19324	3
1.19358	3
1.19392	3
1.19426	3
1.19459	3
1.19493	3
1.19527	3
1.19561	3
1.19595	3
1.19628	3
1.19662	3
1.19696	3
1.1973	3
1.19764	3
1.19797	3
1.19831	3
1.19865	3
1.19899	3
1.19932	3
1.19966	3
1.2	3
1.20034	3
1.20068	3
1.20101	3
1.20135	3
1.20169	3
1.20203	3
1.20236	3
1.2027	3
1.20304	3
1.20338	3
1.20372	3
1.20405	3
1.20439	3
1.20473	3
1.20507	3
1.20541	3
1.20574	3
1.20608	3
1.20642	3
1.20676	3
1.20709	3
1.20743	3
1.20777	3
1.20811	3
1.20845	3
1.20878	3
1.20912	3
1.20946	3
1.2098	3
1.21014	3
1.21047	3
1.21081	3
1.21115	3
1.21149	3
1.21182	3
1.21216	3
1.2125	3
1.21284	3
1.21318	4
1.21351	3
1.21385	4
1.21419	3
1.21453	3
1.21486	3
1.2152	4
1.21554	3
1.21588	4
1.21622	3
1.21655	4
1.21689	3
1.21723	4
1.21757	3
1.21791	4
1.21824	3
1.21858	4
1.21892	3
1.21926	4
1.21959	4
1.21993	4
1.22027	3
1.22061	4
1.22095	4
1.22128	4
1.22162	4
1.22196	4
1.2223	4
1.22264	4
1.22297	4
1.22331	4
1.22365	4
1.22399	4
1.22432	4
1.22466	4
1.225	4
1.22534	4
1.22568	4
1.22601	4
1.22635	4
1.22669	4
1.22703	4
1.22736	4
1.2277	4
1.22804	4
1.22838	4
1.22872	4
1.22905	4
1.22939	4
1.22973	4
1.23007	4
1.23041	4
1.23074	4
1.23108	4
1.23142	4
1.23176	4
1.23209	4
1.23243	4
1.23277	4
1.23311	4
1.23345	4
1.23378	4
1.23412	4
1.23446	4
1.2348	4
1.23514	4
1.23547	4
1.23581	4
1.23615	4
1.23649	4
1.23682	4
1.23716	4
1.2375	4
1.23784	4
1.23818	4
1.23851	4
1.23885	4
1.23919	4
1.23953	4
1.23986	4
1.2402	4
1.24054	4
1.24088	4
1.24122	4
1.24155	4
1.24189	4
1.24223	4
1.24257	4
1.24291	4
1.24324	4
1.24358	4
1.24392	4
1.24426	4
1.24459	4
1.24493	4
1.24527	4
1.24561	4
1.24595	4
1.24628	4
1.24662	4
1.24696	4
1.2473	4
1.24764	4
1.24797	4
1.24831	4
1.24865	4
1.24899	4
1.24932	4
1.24966	4
1.25	4
1.25034	4
1.25068	4
1.25101	4
1.25135	4
1.25169	4
1.25203	4
1.25236	4
1.2527	4
1.25304	4
1.25338	4
1.25372	4
1.25405	4
1.25439	4
1.25473	4
1.25507	4
1.25541	4
1.25574	4
1.25608	4
1.25642	4
1.25676	4
1.25709	4
1.25743	4
1.25777	4
1.25811	4
1.25845	4
1.25878	4
1.25912	4
1.25946	4
1.2598	4
1.26014	4
1.26047	4
1.26081	4
1.26115	4
1.26149	4
1.26182	4
1.26216	4
1.2625	4
1.26284	4
1.26318	4
1.26351	4
1.26385	4
1.26419	4
1.26453	4
1.26486	4
1.2652	4
1.26554	4
1.26588	4
1.26622	4
1.26655	4
1.26689	4
1.26723	4
1.26757	4
1.26791	4
1.26824	4
1.26858	4
1.26892	4
1.26926	4
1.26959	4
1.26993	4
1.27027	4
1.27061	4
1.27095	4
1.27128	4
1.27162	4
1.27196	4
1.2723	4
1.27264	4
1.27297	4
1.27331	4
1.27365	4
1.27399	4
1.27432	4
1.27466	4
1.275	4
1.27534	4
1.27568	4
1.27601	4
1.27635	4
1.27669	4
1.27703	4
1.27736	4
1.2777	4
1.27804	4
1.27838	4
1.27872	4
1.27905	4
1.27939	4
1.27973	4
1.28007	4
1.28041	4
1.28074	4
1.28108	4
1.28142	4
1.28176	4
1.28209	4
1.28243	4
1.28277	4
1.28311	4
1.28345	4
1.28378	4
1.28412	4
1.28446	4
1.2848	4
1.28514	4
1.28547	4
1.28581	4
1.28615	4
1.28649	4
1.28682	4
1.28716	4
1.2875	4
1.28784	4
1.28818	4
1.28851	4
1.28885	4
1.28919	4
1.28953	4
1.28986	4
1.2902	4
1.29054	4
1.29088	4
1.29122	4
1.29155	4
1.29189	4
1.29223	4
1.29257	4
1.29291	4
1.29324	4
1.29358	4
1.29392	4
1.29426	4
1.29459	4
1.29493	4
1.29527	4
1.29561	4
1.29595	4
1.29628	4
1.29662	4
1.29696	4
1.2973	4
1.29764	4
1.29797	4
1.29831	4
1.29865	4
1.29899	4
1.29932	4
1.29966	4
1.3	4
1.30034	4
1.30068	4
1.30101	4
1.30135	4
1.30169	4
1.30203	4
1.30236	4
1.3027	4
1.30304	4
1.30338	4
1.30372	4
1.30405	4
1.30439	4
1.30473	4
1.30507	4
1.30541	4
1.30574	4
1.30608	4
1.30642	4
1.30676	4
1.30709	4
1.30743	4
1.30777	4
1.30811	4
1.30845	4
1.30878	4
1.30912	4
1.30946	4
1.3098	4
1.31014	4
1.31047	4
1.31081	4
1.31115	4
1.31149	4
1.31182	4
1.31216	4
1.3125	4
1.31284	4
1.31318	4
1.31351	4
1.31385	4
1.31419	4
1.31453	4
1.31486	4
1.3152	4
1.31554	4
1.31588	4
1.31622	4
1.31655	4
1.31689	4
1.31723	4
1.31757	4
1.31791	4
1.31824	4
1.31858	4
1.31892	4
1.31926	4
1.31959	4
1.31993	4
1.32027	4
1.32061	4
1.32095	4
1.32128	4
1.32162	4
1.32196	4
1.3223	4
1.32264	4
1.32297	4
1.32331	4
1.32365	4
1.32399	4
1.32432	4
1.32466	4
1.325	4
1.32534	4
1.32568	4
1.32601	4
1.32635	4
1.32669	4
1.32703	4
1.32736	4
1.3277	4
1.32804	3
1.32838	4
1.32872	4
1.32905	4
1.32939	3
1.32973	4
1.33007	4
1.33041	4
1.33074	4
1.33108	4
1.33142	3
1.33176	4
1.33209	4
1.33243	4
1.33277	3
1.33311	3
1.33345	4
1.33378	3
1.33412	4
1.33446	3
1.3348	4
1.33514	3
1.33547	3
1.33581	3
1.33615	3
1.33649	3
1.33682	3
1.33716	3
1.3375	4
1.33784	3
1.33818	3
1.33851	3
1.33885	3
1.33919	3
1.33953	3
1.33986	3
1.3402	4
1.34054	3
1.34088	4
1.34122	3
1.34155	4
1.34189	4
1.34223	4
1.34257	4
1.34291	4
1.34324	4
1.34358	4
1.34392	4
1.34426	4
1.34459	4
1.34493	4
1.34527	4
1.34561	4
1.34595	4
1.34628	4
1.34662	3
1.34696	4
1.3473	3
1.34764	3
1.34797	3
1.34831	3
1.34865	3
1.34899	3
1.34932	3
1.34966	3
1.35	3
1.35034	3
1.35068	3
1.35101	3
1.35135	3
1.35169	3
1.35203	3
1.35236	3
1.3527	3
1.35304	3
1.35338	3
1.35372	3
1.35405	3
1.35439	3
1.35473	3
1.35507	3
1.35541	3
1.35574	3
1.35608	3
1.35642	3
1.35676	3
1.35709	3
1.35743	3
1.35777	3
1.35811	3
1.35845	3
1.35878	3
1.35912	3
1.35946	3
1.3598	3
1.36014	3
1.36047	3
1.36081	3
1.36115	3
1.36149	3
1.36182	3
1.36216	3
1.3625	3
1.36284	3
1.36318	3
1.36351	3
1.36385	3
1.36419	3
1.36453	3
1.36486	3
1.3652	3
1.36554	3
1.36588	3
1.36622	3
1.36655	3
1.36689	3
1.36723	3
1.36757	3
1.36791	3
1.36824	3
1.36858	3
1.36892	3
1.36926	3
1.36959	3
1.36993	3
1.37027	3
1.37061	3
1.37095	3
1.37128	3
1.37162	3
1.37196	3
1.3723	3
1.37264	3
1.37297	3
1.37331	3
1.37365	3
1.37399	3
1.37432	3
1.37466	3
1.375	3
1.37534	3
1.37568	3
1.37601	3
1.37635	3
1.37669	3
1.37703	3
1.37736	3
1.3777	3
1.37804	3
1.37838	3
1.37872	3
1.37905	3
1.37939	3
1.37973	3
1.38007	3
1.38041	3
1.38074	3
1.38108	3
1.38142	3
1.38176	3
1.38209	4
1.38243	3
1.38277	3
1.38311	3
1.38345	3
1.38378	3
1.38412	4
1.38446	3
1.3848	3
1.38514	3
1.38547	4
1.38581	4
1.38615	3
1.38649	3
1.38682	3
1.38716	3
1.3875	3
1.38784	3
1.38818	3
1.38851	3
1.38885	3
1.38919	3
1.38953	3
1.38986	3
1.3902	3
1.39054	3
1.39088	3
1.39122	3
1.39155	3
1.39189	3
1.39223	3
1.39257	3
1.39291	3
1.39324	3
1.39358	4
1.39392	3
1.39426	3
1.39459	3
1.39493	3
1.39527	3
1.39561	3
1.39595	3
1.39628	3
1.39662	3
1.39696	3
1.3973	3
1.39764	3
1.39797	3
1.39831	3
1.39865	3
1.39899	3
1.39932	3
1.39966	3
1.4	3
1.40034	3
1.40068	3
1.40101	3
1.40135	3
1.40169	3
1.40203	3
1.40236	3
1.4027	3
1.40304	3
1.40338	3
1.40372	3
1.40405	3
1.40439	3
1.40473	3
1.40507	3
1.40541	3
1.40574	3
1.40608	3
1.40642	3
1.40676	3
1.40709	3
1.40743	3
1.40777	3
1.40811	3
1.40845	3
1.40878	3
1.40912	3
1.40946	3
1.4098	3
1.41014	3
1.41047	3
1.41081	3
1.41115	3
1.41149	3
1.41182	3
1.41216	3
1.4125	3
1.41284	3
1.41318	3
1.41351	3
1.41385	3
1.41419	3
1.41453	3
1.41486	3
1.4152	3
1.41554	3
1.41588	4
1.41622	3
1.41655	4
1.41689	4
1.41723	4
1.41757	4
1.41791	4
1.41824	4
1.41858	4
1.41892	4
1.41926	4
1.41959	4
1.41993	4
1.42027	4
1.42061	4
1.42095	4
1.42128	4
1.42162	4
1.42196	4
1.4223	4
1.42264	4
1.42297	3
1.42331	3
1.42365	3
1.42399	3
1.42432	3
1.42466	3
1.425	3
1.42534	3
1.42568	3
1.42601	3
1.42635	3
1.42669	3
1.42703	3
1.42736	3
1.4277	3
1.42804	3
1.42838	3
1.42872	3
1.42905	3
1.42939	3
1.42973	3
1.43007	3
1.43041	3
1.43074	3
1.43108	3
1.43142	3
1.43176	3
1.43209	3
1.43243	3
1.43277	3
1.43311	3
1.43345	4
1.43378	3
1.43412	3
1.43446	3
1.4348	3
1.43514	3
1.43547	3
1.43581	3
1.43615	3
1.43649	3
1.43682	3
1.43716	3
1.4375	3
1.43784	3
1.43818	3
1.43851	3
1.43885	3
1.43919	3
1.43953	3
1.43986	3
1.4402	3
1.44054	3
1.44088	3
1.44122	3
1.44155	3
1.44189	3
1.44223	3
1.44257	3
1.44291	3
1.44324	3
1.44358	3
1.44392	3
1.44426	3
1.44459	3
1.44493	4
1.44527	4
1.44561	4
1.44595	4
1.44628	4
1.44662	4
1.44696	4
1.4473	4
1.44764	4
1.44797	4
1.44831	4
1.44865	4
1.44899	4
1.44932	4
1.44966	4
1.45	4
1.45034	4
1.45068	4
1.45101	4
1.45135	4
1.45169	4
1.45203	4
1.45236	4
1.4527	4
1.45304	4
1.45338	4
1.45372	4
1.45405	4
1.45439	4
1.45473	4
1.45507	4
1.45541	4
1.45574	4
1.45608	4
1.45642	4
1.45676	4
1.45709	4
1.45743	4
1.45777	4
1.45811	4
1.45845	4
1.45878	4
1.45912	4
1.45946	4
1.4598	4
1.46014	4
1.46047	4
1.46081	4
1.46115	4
1.46149	4
1.46182	4
1.46216	4
1.4625	4
1.46284	4
1.46318	4
1.46351	4
1.46385	4
1.46419	4
1.46453	4
1.46486	4
1.4652	4
1.46554	4
1.46588	4
1.46622	4
1.46655	4
1.46689	4
1.46723	4
1.46757	4
1.46791	4
1.46824	4
1.46858	4
1.46892	4
1.46926	4
1.46959	4
1.46993	4
1.47027	4
1.47061	4
1.47095	4
1.47128	4
1.47162	4
1.47196	4
1.4723	4
1.47264	4
1.47297	4
1.47331	4
1.47365	4
1.47399	4
1.47432	4
1.47466	4
1.475	4
1.47534	4
1.47568	4
1.47601	4
1.47635	4
1.47669	4
1.47703	4
1.47736	4
1.4777	4
1.47804	4
1.47838	4
1.47872	4
1.47905	4
1.47939	4
1.47973	4
1.48007	4
1.48041	4
1.48074	3
1.48108	3
1.48142	3
1.48176	3
1.48209	3
1.48243	3
1.48277	3
1.48311	3
1.48345	3
1.48378	3
1.48412	3
1.48446	3
1.4848	3
1.48514	3
1.48547	3
1.48581	3
1.48615	3
1.48649	3
1.48682	3
1.48716	3
1.4875	3
1.48784	3
1.48818	4
1.48851	4
1.48885	4
1.48919	4
1.48953	4
1.48986	4
1.4902	4
1.49054	4
1.49088	4
1.49122	4
1.49155	4
1.49189	4
1.49223	4
1.49257	4
1.49291	4
1.49324	4
1.49358	4
1.49392	4
1.49426	3
1.49459	4
1.49493	3
1.49527	4
1.49561	3
1.49595	4
1.49628	4
1.49662	4
1.49696	4
1.4973	4
1.49764	4
1.49797	4
1.49831	4
1.49865	4
1.49899	4
1.49932	4
1.49966	4
1.5	4
1.50034	4
1.50068	4
1.50101	4
1.50135	4
1.50169	4
1.50203	4
1.50236	4
1.5027	4
1.50304	4
1.50338	4
1.50372	4
1.50405	4
1.50439	4
1.50473	4
1.50507	4
1.50541	4
1.50574	4
1.50608	4
1.50642	4
1.50676	4
1.50709	4
1.50743	4
1.50777	4
1.50811	4
1.50845	4
1.50878	4
1.50912	4
1.50946	4
1.5098	4
1.51014	4
1.51047	4
1.51081	4
1.51115	4
1.51149	4
1.51182	4
1.51216	4
1.5125	4
1.51284	4
1.51318	4
1.51351	4
1.51385	4
1.51419	4
1.51453	4
1.51486	4
1.5152	4
1.51554	4
1.51588	4
1.51622	4
1.51655	4
1.51689	4
1.51723	4
1.51757	4
1.51791	4
1.51824	4
1.51858	4
1.51892	4
1.51926	4
1.51959	4
1.51993	4
1.52027	4
1.52061	4
1.52095	4
1.52128	4
1.52162	4
1.52196	4
1.5223	4
1.52264	4
1.52297	4
1.52331	4
1.52365	4
1.52399	4
1.52432	4
1.52466	4
1.525	4
1.52534	4
1.52568	4
1.52601	4
1.52635	3
1.52669	4
1.52703	4
1.52736	4
1.5277	4
1.52804	4
1.52838	4
1.52872	4
1.52905	4
1.52939	4
1.52973	4
1.53007	4
1.53041	4
1.53074	4
1.53108	4
1.53142	4
1.53176	4
1.53209	4
1.53243	4
1.53277	4
1.53311	4
1.53345	4
1.53378	4
1.53412	4
1.53446	4
1.5348	4
1.53514	4
1.53547	4
1.53581	4
1.53615	4
1.53649	4
1.53682	4
1.53716	4
1.5375	4
1.53784	4
1.53818	4
1.53851	4
1.53885	4
1.53919	4
1.53953	4
1.53986	4
1.5402	4
1.54054	4
1.54088	4
1.54122	4
1.54155	4
1.54189	4
1.54223	4
1.54257	4
1.54291	4
1.54324	4
1.54358	4
1.54392	4
1.54426	4
1.54459	4
1.54493	4
1.54527	4
1.54561	4
1.54595	4
1.54628	4
1.54662	4
1.54696	4
1.5473	4
1.54764	4
1.54797	4
1.54831	4
1.54865	4
1.54899	4
1.54932	4
1.54966	4
1.55	4
1.55034	4
1.55068	4
1.55101	4
1.55135	4
1.55169	4
1.55203	4
1.55236	4
1.5527	4
1.55304	4
1.55338	4
1.55372	4
1.55405	4
1.55439	4
1.55473	4
1.55507	4
1.55541	4
1.55574	3
1.55608	3
1.55642	3
1.55676	3
1.55709	3
1.55743	3
1.55777	3
1.55811	3
1.55845	3
1.55878	3
1.55912	3
1.55946	3
1.5598	3
1.56014	3
1.56047	3
1.56081	3
1.56115	3
1.56149	3
1.56182	3
1.56216	3
1.5625	3
1.56284	3
1.56318	3
1.56351	3
1.56385	3
1.56419	3
1.56453	4
1.56486	3
1.5652	4
1.56554	3
1.56588	3
1.56622	3
1.56655	3
1.56689	3
1.56723	3
1.56757	3
1.56791	3
1.56824	3
1.56858	4
1.56892	3
1.56926	4
1.56959	3
1.56993	3
1.57027	3
1.57061	3
1.57095	3
1.57128	3
1.57162	3
1.57196	3
1.5723	3
1.57264	3
1.57297	3
1.57331	3
1.57365	3
1.57399	3
1.57432	3
1.57466	3
1.575	3
1.57534	3
1.57568	3
1.57601	3
1.57635	3
1.57669	3
1.57703	3
1.57736	3
1.5777	3
1.57804	3
1.57838	3
1.57872	3
1.57905	3
1.57939	3
1.57973	3
1.58007	3
1.58041	3
1.58074	3
1.58108	3
1.58142	3
1.58176	3
1.58209	3
1.58243	3
1.58277	3
1.58311	3
1.58345	3
1.58378	3
1.58412	3
1.58446	3
1.5848	3
1.58514	3
1.58547	3
1.58581	3
1.58615	3
1.58649	3
1.58682	3
1.58716	3
1.5875	3
1.58784	3
1.58818	3
1.58851	3
1.58885	3
1.58919	3
1.58953	3
1.58986	3
1.5902	3
1.59054	3
1.59088	3
1.59122	3
1.59155	3
1.59189	3
1.59223	3
1.59257	3
1.59291	3
1.59324	3
1.59358	3
1.59392	3
1.59426	3
1.59459	3
1.59493	3
1.59527	3
1.59561	3
1.59595	3
1.59628	3
1.59662	3
1.59696	3
1.5973	3
1.59764	3
1.59797	3
1.59831	3
1.59865	3
1.59899	3
1.59932	3
1.59966	3
1.6	3
1.60034	3
1.60068	3
1.60101	3
1.60135	3
1.60169	3
1.60203	3
1.60236	3
1.6027	3
1.60304	3
1.60338	3
1.60372	3
1.60405	3
1.60439	3
1.60473	3
1.60507	3
1.60541	3
1.60574	3
1.60608	3
1.60642	3
1.60676	3
1.60709	3
1.60743	3
1.60777	3
1.60811	3
1.60845	3
1.60878	3
1.60912	3
1.60946	3
1.6098	3
1.61014	3
1.61047	3
1.61081	3
1.61115	3
1.61149	3
1.61182	3
1.61216	3
1.6125	3
1.61284	3
1.61318	3
1.61351	3
1.61385	3
1.61419	3
1.61453	3
1.61486	3
1.6152	3
1.61554	3
1.61588	3
1.61622	3
1.61655	3
1.61689	3
1.61723	3
1.61757	3
1.61791	3
1.61824	3
1.61858	3
1.61892	3
1.61926	3
1.61959	3
1.61993	3
1.62027	3
1.62061	3
1.62095	3
1.62128	3
1.62162	3
1.62196	3
1.6223	3
1.62264	3
1.62297	3
1.62331	3
1.62365	3
1.62399	3
1.62432	3
1.62466	3
1.625	3
1.62534	3
1.62568	3
1.62601	3
1.62635	3
1.62669	3
1.62703	3
1.62736	3
1.6277	3
1.62804	3
1.62838	3
1.62872	3
1.62905	3
1.62939	3
1.62973	3
1.63007	3
1.63041	3
1.63074	3
1.63108	3
1.63142	3
1.63176	4
1.63209	3
1.63243	3
1.63277	3
1.63311	3
1.63345	3
1.63378	3
1.63412	3
1.63446	3
1.6348	3
1.63514	4
1.63547	3
1.63581	3
1.63615	3
1.63649	3
1.63682	3
1.63716	3
1.6375	3
1.63784	3
1.63818	3
1.63851	4
1.63885	3
1.63919	3
1.63953	3
1.63986	3
1.6402	3
1.64054	3
1.64088	3
1.64122	3
1.64155	3
1.64189	3
1.64223	3
1.64257	3
1.64291	3
1.64324	3
1.64358	3
1.64392	3
1.64426	3
1.64459	3
1.64493	3
1.64527	3
1.64561	3
1.64595	3
1.64628	3
1.64662	4
1.64696	3
1.6473	3
1.64764	3
1.64797	3
1.64831	3
1.64865	3
1.64899	3
1.64932	3
1.64966	3
1.65	3
1.65034	3
1.65068	3
1.65101	3
1.65135	3
1.65169	3
1.65203	3
1.65236	3
1.6527	3
1.65304	3
1.65338	3
1.65372	3
1.65405	3
1.65439	3
1.65473	3
1.65507	3
1.65541	3
1.65574	3
1.65608	3
1.65642	3
1.65676	3
1.65709	3
1.65743	3
1.65777	3
1.65811	3
1.65845	3
1.65878	3
1.65912	3
1.65946	3
1.6598	3
1.66014	3
1.66047	3
1.66081	4
1.66115	3
1.66149	3
1.66182	3
1.66216	3
1.6625	3
1.66284	3
1.66318	3
1.66351	3
1.66385	3
1.66419	3
1.66453	3
1.66486	3
1.6652	3
1.66554	3
1.66588	3
1.66622	3
1.66655	3
1.66689	3
1.66723	3
1.66757	3
1.66791	3
1.66824	3
1.66858	3
1.66892	3
1.66926	3
1.66959	3
1.66993	3
1.67027	3
1.67061	3
1.67095	3
1.67128	3
1.67162	3
1.67196	3
1.6723	3
1.67264	3
1.67297	3
1.67331	3
1.67365	3
1.67399	3
1.67432	3
1.67466	3
1.675	3
1.67534	3
1.67568	3
1.67601	3
1.67635	3
1.67669	3
1.67703	3
1.67736	3
1.6777	3
1.67804	3
1.67838	3
1.67872	3
1.67905	3
1.67939	3
1.67973	3
1.68007	3
1.68041	3
1.68074	3
1.68108	3
1.68142	3
1.68176	3
1.68209	3
1.68243	3
1.68277	3
1.68311	3
1.68345	3
1.68378	3
1.68412	3
1.68446	3
1.6848	3
1.68514	3
1.68547	3
1.68581	3
1.68615	3
1.68649	3
1.68682	3
1.68716	3
1.6875	3
1.68784	3
1.68818	3
1.68851	3
1.68885	3
1.68919	3
1.68953	3
1.68986	3
1.6902	3
1.69054	3
1.69088	3
1.69122	3
1.69155	3
1.69189	3
1.69223	3
1.69257	3
1.69291	3
1.69324	3
1.69358	3
1.69392	3
1.69426	3
1.69459	3
1.69493	3
1.69527	3
1.69561	3
1.69595	3
1.69628	3
1.69662	3
1.69696	3
1.6973	3
1.69764	3
1.69797	3
1.69831	3
1.69865	3
1.69899	3
1.69932	3
1.69966	3
1.7	3
1.70034	3
1.70068	3
1.70101	3
1.70135	3
1.70169	3
1.70203	4
1.70236	3
1.7027	3
1.70304	3
1.70338	3
1.70372	3
1.70405	4
1.70439	3
1.70473	4
1.70507	3
1.70541	3
1.70574	3
1.70608	3
1.70642	3
1.70676	4
1.70709	3
1.70743	4
1.70777	3
1.70811	3
1.70845	3
1.70878	3
1.70912	3
1.70946	3
1.7098	3
1.71014	4
1.71047	3
1.71081	3
1.71115	3
1.71149	3
1.71182	3
1.71216	3
1.7125	3
1.71284	3
1.71318	3
1.71351	3
1.71385	3
1.71419	3
1.71453	3
1.71486	3
1.7152	3
1.71554	3
1.71588	3
1.71622	3
1.71655	3
1.71689	3
1.71723	3
1.71757	3
1.71791	3
1.71824	3
1.71858	3
1.71892	3
1.71926	3
1.71959	3
1.71993	3
1.72027	3
1.72061	3
1.72095	3
1.72128	3
1.72162	4
1.72196	3
1.7223	3
1.72264	3
1.72297	3
1.72331	3
1.72365	4
1.72399	3
1.72432	3
1.72466	3
1.725	3
1.72534	3
1.72568	3
1.72601	3
1.72635	3
1.72669	3
1.72703	3
1.72736	3
1.7277	3
1.72804	3
1.72838	3
1.72872	3
1.72905	3
1.72939	4
1.72973	3
1.73007	3
1.73041	3
1.73074	3
1.73108	3
1.73142	3
1.73176	3
1.73209	3
1.73243	3
1.73277	4
1.73311	3
1.73345	4
1.73378	3
1.73412	4
1.73446	4
1.7348	4
1.73514	3
1.73547	4
1.73581	3
1.73615	3
1.73649	3
1.73682	3
1.73716	3
1.7375	3
1.73784	3
1.73818	3
1.73851	3
1.73885	3
1.73919	3
1.73953	3
1.73986	3
1.7402	3
1.74054	3
1.74088	3
1.74122	3
1.74155	3
1.74189	3
1.74223	3
1.74257	3
1.74291	3
1.74324	3
1.74358	3
1.74392	3
1.74426	3
1.74459	3
1.74493	3
1.74527	3
1.74561	3
1.74595	3
1.74628	3
1.74662	3
1.74696	3
1.7473	3
1.74764	3
1.74797	3
1.74831	3
1.74865	4
1.74899	3
1.74932	4
1.74966	3
1.75	4
1.75034	3
1.75068	4
1.75101	3
1.75135	4
1.75169	3
1.75203	3
1.75236	3
1.7527	3
1.75304	3
1.75338	3
1.75372	3
1.75405	3
1.75439	3
1.75473	3
1.75507	3
1.75541	4
1.75574	3
1.75608	4
1.75642	3
1.75676	4
1.75709	3
1.75743	4
1.75777	3
1.75811	4
1.75845	3
1.75878	4
1.75912	3
1.75946	4
1.7598	3
1.76014	4
1.76047	3
1.76081	4
1.76115	3
1.76149	4
1.76182	3
1.76216	4
1.7625	4
1.76284	4
1.76318	4
1.76351	4
1.76385	4
1.76419	4
1.76453	4
1.76486	4
1.7652	3
1.76554	4
1.76588	3
1.76622	4
1.76655	3
1.76689	4
1.76723	4
1.76757	4
1.76791	3
1.76824	4
1.76858	4
1.76892	4
1.76926	3
1.76959	4
1.76993	3
1.77027	4
1.77061	3
1.77095	4
1.77128	3
1.77162	4
1.77196	3
1.7723	4
1.77264	3
1.77297	4
1.77331	3
1.77365	4
1.77399	3
1.77432	3
1.77466	3
1.775	4
1.77534	3
1.77568	4
1.77601	3
1.77635	3
1.77669	3
1.77703	3
1.77736	3
1.7777	3
1.77804	3
1.77838	3
1.77872	3
1.77905	3
1.77939	3
1.77973	3
1.78007	3
1.78041	3
1.78074	3
1.78108	3
1.78142	3
1.78176	3
1.78209	3
1.78243	3
1.78277	3
1.78311	3
1.78345	3
1.78378	3
1.78412	3
1.78446	3
1.7848	3
1.78514	3
1.78547	3
1.78581	3
1.78615	3
1.78649	4
1.78682	3
1.78716	4
1.7875	3
1.78784	3
1.78818	3
1.78851	3
1.78885	3
1.78919	3
1.78953	3
1.78986	3
1.7902	3
1.79054	3
1.79088	3
1.79122	3
1.79155	3
1.79189	3
1.79223	3
1.79257	3
1.79291	4
1.79324	4
1.79358	3
1.79392	3
1.79426	3
1.79459	4
1.79493	3
1.79527	3
1.79561	3
1.79595	3
1.79628	3
1.79662	3
1.79696	3
1.7973	3
1.79764	3
1.79797	3
1.79831	3
1.79865	3
1.79899	3
1.79932	3
1.79966	3
1.8	3
1.80034	3
1.80068	3
1.80101	3
1.80135	3
1.80169	3
1.80203	3
1.80236	3
1.8027	3
1.80304	3
1.80338	3
1.80372	3
1.80405	4
1.80439	3
1.80473	4
1.80507	3
1.80541	4
1.80574	3
1.80608	4
1.80642	3
1.80676	4
1.80709	3
1.80743	3
1.80777	3
1.80811	3
1.80845	3
1.80878	3
1.80912	3
1.80946	3
1.8098	3
1.81014	3
1.81047	3
1.81081	3
1.81115	3
1.81149	3
1.81182	4
1.81216	4
1.8125	4
1.81284	4
1.81318	4
1.81351	4
1.81385	4
1.81419	4
1.81453	4
1.81486	4
1.8152	4
1.81554	4
1.81588	4
1.81622	4
1.81655	4
1.81689	3
1.81723	3
1.81757	3
1.81791	3
1.81824	3
1.81858	3
1.81892	3
1.81926	3
1.81959	3
1.81993	3
1.82027	3
1.82061	3
1.82095	3
1.82128	3
1.82162	3
1.82196	3
1.8223	3
1.82264	3
1.82297	3
1.82331	3
1.82365	3
1.82399	3
1.82432	3
1.82466	3
1.825	3
1.82534	3
1.82568	3
1.82601	3
1.82635	3
1.82669	3
1.82703	3
1.82736	3
1.8277	3
1.82804	3
1.82838	3
1.82872	3
1.82905	3
1.82939	3
1.82973	3
1.83007	3
1.83041	4
1.83074	3
1.83108	4
1.83142	3
1.83176	4
1.83209	4
1.83243	4
1.83277	3
1.83311	4
1.83345	4
1.83378	4
1.83412	4
1.83446	4
1.8348	4
1.83514	4
1.83547	4
1.83581	4
1.83615	4
1.83649	4
1.83682	4
1.83716	4
1.8375	4
1.83784	4
1.83818	4
1.83851	4
1.83885	4
1.83919	4
1.83953	4
1.83986	4
1.8402	4
1.84054	4
1.84088	4
1.84122	4
1.84155	4
1.84189	4
1.84223	4
1.84257	4
1.84291	4
1.84324	4
1.84358	4
1.84392	4
1.84426	4
1.84459	4
1.84493	4
1.84527	4
1.84561	4
1.84595	4
1.84628	4
1.84662	4
1.84696	4
1.8473	4
1.84764	4
1.84797	4
1.84831	3
1.84865	4
1.84899	3
1.84932	3
1.84966	3
1.85	3
1.85034	3
1.85068	3
1.85101	3
1.85135	3
1.85169	3
1.85203	3
1.85236	3
1.8527	3
1.85304	3
1.85338	3
1.85372	3
1.85405	3
1.85439	3
1.85473	3
1.85507	3
1.85541	3
1.85574	3
1.85608	3
1.85642	3
1.85676	3
1.85709	3
1.85743	3
1.85777	3
1.85811	3
1.85845	3
1.85878	3
1.85912	3
1.85946	3
1.8598	3
1.86014	3
1.86047	3
1.86081	3
1.86115	3
1.86149	3
1.86182	3
1.86216	3
1.8625	3
1.86284	3
1.86318	3
1.86351	4
1.86385	3
1.86419	3
1.86453	3
1.86486	4
1.8652	3
1.86554	4
1.86588	3
1.86622	4
1.86655	3
1.86689	4
1.86723	3
1.86757	4
1.86791	4
1.86824	3
1.86858	3
1.86892	4
1.86926	4
1.86959	4
1.86993	4
1.87027	4
1.87061	4
1.87095	4
1.87128	4
1.87162	4
1.87196	4
1.8723	4
1.87264	4
1.87297	4
1.87331	4
1.87365	4
1.87399	4
1.87432	4
1.87466	4
1.875	4
1.87534	4
1.87568	4
1.87601	4
1.87635	4
1.87669	4
1.87703	4
1.87736	4
1.8777	4
1.87804	4
1.87838	4
1.87872	4
1.87905	4
1.87939	4
1.87973	3
1.88007	3
1.88041	3
1.88074	3
1.88108	3
1.88142	3
1.88176	3
1.88209	3
1.88243	3
1.88277	3
1.88311	3
1.88345	3
1.88378	3
1.88412	3
1.88446	3
1.8848	3
1.88514	3
1.88547	3
1.88581	3
1.88615	3
1.88649	3
1.88682	3
1.88716	3
1.8875	3
1.88784	3
1.88818	3
1.88851	3
1.88885	3
1.88919	4
1.88953	3
1.88986	3
1.8902	3
1.89054	3
1.89088	3
1.89122	3
1.89155	3
1.89189	3
1.89223	3
1.89257	3
1.89291	3
1.89324	3
1.89358	3
1.89392	3
1.89426	3
1.89459	3
1.89493	3
1.89527	3
1.89561	3
1.89595	3
1.89628	3
1.89662	3
1.89696	3
1.8973	3
1.89764	3
1.89797	3
1.89831	3
1.89865	3
1.89899	3
1.89932	4
1.89966	3
1.9	4
1.90034	3
1.90068	4
1.90101	3
1.90135	4
1.90169	3
1.90203	4
1.90236	3
1.9027	4
1.90304	3
1.90338	4
1.90372	3
1.90405	4
1.90439	3
1.90473	4
1.90507	3
1.90541	4
1.90574	3
1.90608	4
1.90642	3
1.90676	4
1.90709	3
1.90743	4
1.90777	3
1.90811	4
1.90845	3
1.90878	4
1.90912	3
1.90946	4
1.9098	3
1.91014	4
1.91047	3
1.91081	3
1.91115	3
1.91149	4
1.91182	3
1.91216	4
1.9125	3
1.91284	4
1.91318	3
1.91351	3
1.91385	3
1.91419	3
1.91453	3
1.91486	3
1.9152	3
1.91554	3
1.91588	3
1.91622	3
1.91655	3
1.91689	3
1.91723	3
1.91757	3
1.91791	3
1.91824	3
1.91858	3
1.91892	3
1.91926	3
1.91959	3
1.91993	3
1.92027	3
1.92061	3
1.92095	3
1.92128	3
1.92162	3
1.92196	3
1.9223	3
1.92264	3
1.92297	3
1.92331	3
1.92365	3
1.92399	3
1.92432	3
1.92466	3
1.925	3
1.92534	3
1.92568	3
1.92601	3
1.92635	3
1.92669	3
1.92703	3
1.92736	3
1.9277	3
1.92804	3
1.92838	3
1.92872	3
1.92905	3
1.92939	3
1.92973	3
1.93007	3
1.93041	3
1.93074	3
1.93108	3
1.93142	3
1.93176	3
1.93209	3
1.93243	3
1.93277	3
1.93311	3
1.93345	3
1.93378	3
1.93412	3
1.93446	3
1.9348	3
1.93514	3
1.93547	3
1.93581	3
1.93615	3
1.93649	3
1.93682	3
1.93716	3
1.9375	3
1.93784	3
1.93818	3
1.93851	3
1.93885	3
1.93919	3
1.93953	3
1.93986	3
1.9402	3
1.94054	3
1.94088	3
1.94122	3
1.94155	3
1.94189	3
1.94223	3
1.94257	3
1.94291	3
1.94324	3
1.94358	3
1.94392	3
1.94426	3
1.94459	3
1.94493	3
1.94527	3
1.94561	3
1.94595	3
1.94628	3
1.94662	3
1.94696	3
1.9473	3
1.94764	3
1.94797	3
1.94831	3
1.94865	3
1.94899	3
1.94932	3
1.94966	3
1.95	3
1.95034	3
1.95068	3
1.95101	3
1.95135	3
1.95169	3
1.95203	3
1.95236	3
1.9527	3
1.95304	3
1.95338	3
1.95372	3
1.95405	3
1.95439	3
1.95473	3
1.95507	3
1.95541	3
1.95574	3
1.95608	3
1.95642	3
1.95676	3
1.95709	3
1.95743	3
1.95777	3
1.95811	3
1.95845	3
1.95878	3
1.95912	3
1.95946	3
1.9598	3
1.96014	3
1.96047	3
1.96081	3
1.96115	3
1.96149	3
1.96182	3
1.96216	3
1.9625	3
1.96284	3
1.96318	3
1.96351	3
1.96385	3
1.96419	3
1.96453	3
1.96486	3
1.9652	3
1.96554	3
1.96588	3
1.96622	3
1.96655	3
1.96689	3
1.96723	3
1.96757	3
1.96791	3
1.96824	3
1.96858	3
1.96892	3
1.96926	3
1.96959	3
1.96993	3
1.97027	3
1.97061	3
1.97095	3
1.97128	3
1.97162	3
1.97196	3
1.9723	3
1.97264	3
1.97297	3
1.97331	3
1.97365	3
1.97399	3
1.97432	3
1.97466	3
1.975	3
1.97534	3
1.97568	3
1.97601	3
1.97635	3
1.97669	3
1.97703	3
1.97736	3
1.9777	3
1.97804	3
1.97838	3
1.97872	3
1.97905	3
1.97939	3
1.97973	3
1.98007	3
1.98041	3
1.98074	3
1.98108	3
1.98142	3
1.98176	3
1.98209	3
1.98243	3
1.98277	3
1.98311	3
1.98345	3
1.98378	3
1.98412	3
1.98446	3
1.9848	3
1.98514	3
1.98547	3
1.98581	3
1.98615	3
1.98649	3
1.98682	3
1.98716	3
1.9875	3
1.98784	3
1.98818	3
1.98851	3
1.98885	3
1.98919	3
1.98953	3
1.98986	3
1.9902	3
1.99054	3
1.99088	3
1.99122	3
1.99155	3
1.99189	3
1.99223	3
1.99257	3
1.99291	3
1.99324	3
1.99358	3
1.99392	3
1.99426	3
1.99459	3
1.99493	3
1.99527	3
1.99561	3
1.99595	3
1.99628	3
1.99662	3
1.99696	3
1.9973	3
1.99764	3
1.99797	3
1.99831	3
1.99865	3
1.99899	3
1.99932	3
1.99966	3
2	3
