	2
0.000274725	9
0.000547199	7
0.000820421	6
0.00109746	5
0.00137843	5
0.00166264	5
0.00194934	5
0.00223858	4
0.0025304	4
0.00282487	4
0.00312114	4
0.00341923	4
0.00371824	4
0.00401912	4
0.00432095	4
0.00462469	4
0.0049294	3
0.00523509	3
0.00554277	4
0.00585146	4
0.00616116	4
0.00647086	4
0.00678158	3
0.00709231	4
0.00740408	3
0.00771585	3
0.00802762	3
0.00833939	3
0.00865223	3
0.00896506	3
0.0092779	3
0.00959073	2
0.00990357	3
0.0102164	3
0.0105292	2
0.0108421	2
0.0111549	2
0.0114677	2
0.0117806	2
0.0120934	2
0.0124062	2
0.0127191	2
0.0130319	2
0.0133448	2
0.0136576	2
0.0139716	2
0.0142855	2
0.0145995	2
0.0149135	2
0.0152274	2
0.0155414	2
0.0158554	2
0.0161694	2
0.0164833	2
0.0167973	2
0.0171113	2
0.0174253	2
0.0177392	2
0.0180532	2
0.0183684	2
0.0186836	2
0.0189987	2
0.0193139	2
0.0196291	2
0.0199443	2
0.0202595	2
0.0205746	2
0.0208898	2
0.021205	2
0.0215214	2
0.0218379	2
0.0221543	2
0.0224708	2
0.0227872	2
0.0231037	1
0.0234201	1
0.0237366	1
0.024053	1
0.0243708	1
0.0246886	1
0.0250063	1
0.0253241	1
0.0256419	1
0.0259596	1
0.0262774	1
0.0265952	1
0.0269129	1
0.0272321	1
0.0275513	1
0.0278704	1
0.0281896	2
0.0285087	1
0.0288279	1
0.029147	1
0.0294662	1
0.0297868	1
0.0301074	1
0.030428	1
0.0307486	1
0.0310692	1
0.0313898	1
0.0317105	1
0.0320311	1
0.0323532	1
0.0326753	1
0.0329974	1
0.0333196	1
0.0336417	1
0.0339638	1
0.0342875	1
0.0346112	1
0.034935	1
0.0352587	1
0.0355824	1
0.0359061	1
0.0362314	1
0.0365568	1
0.0368821	1
0.0372075	1
0.0375345	1
0.0378616	1
0.0381886	1
0.0385156	1
0.0388444	1
0.0391732	1
0.039502	1
0.0398326	1
0.0401632	1
0.0404938	1
0.0408244	1
0.0411568	1
0.0414893	1
0.0418217	1
0.0421561	1
0.0424904	1
0.0428248	1
0.0431611	1
0.0434975	1
0.0438358	1
0.0441741	1
0.0445125	1
0.0448508	1
0.0451891	1
0.0455275	1
0.0458658	1
0.0462042	1
0.0465425	1
0.0468808	1
0.0472192	1
0.0475575	1
0.0478959	1
0.0482342	1
0.0485725	1
0.0489109	1
0.0492492	1
0.0495875	1
0.0499259	1
0.0502642	1
0.0506026	1
0.0509409	1
0.0512792	1
0.0516176	1
0.0519559	1
0.0522943	1
0.0526326	1
0.0529709	1
0.0533093	1
0.0536476	1
0.053986	1
0.0543243	1
0.0546626	1
0.055001	1
0.0553393	1
0.0556776	1
0.056016	1
0.0563543	1
0.0566927	1
0.057031	1
0.0573693	1
0.0577077	1
0.058046	1
0.0583844	1
0.0587227	1
0.059061	1
0.0593994	1
0.0597377	1
0.060076	1
0.0604144	1
0.0607527	1
0.0610911	1
0.0614294	1
0.0617677	1
0.0621061	1
0.0624444	1
0.0627828	1
0.0631211	1
0.0634594	1
0.0637978	1
0.0641361	1
0.0644744	1
0.0648128	1
0.0651511	1
0.0654895	1
0.0658278	1
0.0661661	1
0.0665045	1
0.0668428	1
0.0671812	1
0.0675195	1
0.0678578	1
0.0681962	1
0.0685345	1
0.0688728	1
0.0692112	1
0.0695495	1
0.0698879	1
0.0702262	1
0.0705645	1
0.0709029	1
0.0712412	1
0.0715796	1
0.0719179	1
0.0722562	1
0.0725946	1
0.0729329	1
0.0732713	1
0.0736096	1
0.0739479	1
0.0742863	1
0.0746246	1
0.0749629	1
0.0753013	1
0.0756396	1
0.075978	1
0.0763163	1
0.0766546	1
0.076993	1
0.0773313	1
0.0776697	1
0.078008	1
0.0783463	1
0.0786847	1
0.079023	1
0.0793613	1
0.0796997	1
0.080038	1
0.0803764	1
0.0807147	1
0.081053	1
0.0813914	1
0.0817297	1
0.0820681	1
0.0824064	1
0.0827447	1
0.0830831	1
0.0834214	1
0.0837597	1
0.0840981	1
0.0844364	1
0.0847748	1
0.0851131	1
0.0854514	1
0.0857898	1
0.0861281	1
0.0864665	1
0.0868048	1
0.0871431	1
0.0874815	1
0.0878198	1
0.0881581	1
0.0884965	1
0.0888348	1
0.0891732	1
0.0895115	1
0.0898498	1
0.0901882	1
0.0905265	1
0.0908649	1
0.0912032	1
0.0915415	1
0.0918799	1
0.0922182	1
0.0925566	1
0.0928949	1
0.0932332	1
0.0935716	1
0.0939099	1
0.0942482	1
0.0945866	1
0.0949249	1
0.0952633	1
0.0956016	1
0.0959399	1
0.0962783	1
0.0966166	1
0.096955	1
0.0972933	1
0.0976316	1
0.09797	1
0.0983083	1
0.0986466	1
0.098985	1
0.0993233	1
0.0996617	1
0.1	1
0.100338	1
0.100676	1
0.101014	1
0.101351	1
0.101689	1
0.102027	1
0.102365	1
0.102703	1
0.103041	1
0.103378	1
0.103716	1
0.104054	1
0.104392	1
0.10473	1
0.105068	1
0.105405	1
0.105743	1
0.106081	1
0.106419	1
0.106757	1
0.107095	1
0.107432	1
0.10777	1
0.108108	1
0.108446	1
0.108784	1
0.109122	1
0.109459	1
0.109797	1
0.110135	1
0.110473	1
0.110811	1
0.111149	1
0.111486	1
0.111824	1
0.112162	1
0.1125	1
0.112838	1
0.113176	1
0.113514	1
0.113851	1
0.114189	1
0.114527	1
0.114865	1
0.115203	1
0.115541	1
0.115878	1
0.116216	1
0.116554	1
0.116892	1
0.11723	1
0.117568	1
0.117905	1
0.118243	1
0.118581	1
0.118919	1
0.119257	1
0.119595	1
0.119932	1
0.12027	1
0.120608	1
0.120946	1
0.121284	1
0.121622	1
0.121959	1
0.122297	1
0.122635	1
0.122973	1
0.123311	1
0.123649	1
0.123986	1
0.124324	1
0.124662	1
0.125	1
0.125338	1
0.125676	1
0.126014	1
0.126351	1
0.126689	1
0.127027	1
0.127365	1
0.127703	1
0.128041	1
0.128378	1
0.128716	1
0.129054	1
0.129392	1
0.12973	1
0.130068	1
0.130405	1
0.130743	1
0.131081	1
0.131419	1
0.131757	1
0.132095	1
0.132432	1
0.13277	1
0.133108	1
0.133446	1
0.133784	1
0.134122	1
0.134459	1
0.134797	1
0.135135	1
0.135473	1
0.135811	1
0.136149	1
0.136486	1
0.136824	1
0.137162	1
0.1375	1
0.137838	1
0.138176	1
0.138514	1
0.138851	1
0.139189	1
0.139527	1
0.139865	1
0.140203	1
0.140541	1
0.140878	1
0.141216	1
0.141554	1
0.141892	1
0.14223	1
0.142568	1
0.142905	1
0.143243	1
0.143581	1
0.143919	1
0.144257	1
0.144595	1
0.144932	1
0.14527	1
0.145608	1
0.145946	1
0.146284	1
0.146622	1
0.146959	1
0.147297	1
0.147635	1
0.147973	1
0.148311	1
0.148649	1
0.148986	1
0.149324	1
0.149662	1
0.15	1
0.150338	1
0.150676	1
0.151014	1
0.151351	1
0.151689	1
0.152027	1
0.152365	1
0.152703	1
0.153041	1
0.153378	1
0.153716	1
0.154054	1
0.154392	2
0.15473	1
0.155068	1
0.155405	2
0.155743	1
0.156081	2
0.156419	1
0.156757	1
0.157095	1
0.157432	2
0.15777	1
0.158108	2
0.158446	1
0.158784	2
0.159122	2
0.159459	2
0.159797	1
0.160135	2
0.160473	1
0.160811	1
0.161149	1
0.161486	1
0.161824	1
0.162162	2
0.1625	1
0.162838	2
0.163176	2
0.163514	1
0.163851	1
0.164189	2
0.164527	1
0.164865	1
0.165203	2
0.165541	1
0.165878	1
0.166216	1
0.166554	2
0.166892	1
0.16723	1
0.167568	1
0.167905	2
0.168243	1
0.168581	2
0.168919	1
0.169257	1
0.169595	1
0.169932	1
0.17027	2
0.170608	1
0.170946	1
0.171284	1
0.171622	1
0.171959	1
0.172297	1
0.172635	1
0.172973	1
0.173311	2
0.173649	1
0.173986	1
0.174324	1
0.174662	1
0.175	1
0.175338	1
0.175676	1
0.176014	1
0.176351	1
0.176689	1
0.177027	1
0.177365	1
0.177703	1
0.178041	1
0.178378	1
0.178716	1
0.179054	1
0.179392	1
0.17973	1
0.180068	1
0.180405	1
0.180743	1
0.181081	1
0.181419	1
0.181757	1
0.182095	1
0.182432	1
0.18277	1
0.183108	1
0.183446	1
0.183784	1
0.184122	1
0.184459	1
0.184797	1
0.185135	1
0.185473	1
0.185811	1
0.186149	1
0.186486	1
0.186824	1
0.187162	1
0.1875	1
0.187838	1
0.188176	1
0.188514	1
0.188851	1
0.189189	1
0.189527	1
0.189865	1
0.190203	1
0.190541	1
0.190878	1
0.191216	1
0.191554	1
0.191892	1
0.19223	1
0.192568	1
0.192905	1
0.193243	1
0.193581	1
0.193919	1
0.194257	1
0.194595	1
0.194932	1
0.19527	1
0.195608	1
0.195946	1
0.196284	1
0.196622	1
0.196959	1
0.197297	1
0.197635	1
0.197973	1
0.198311	1
0.198649	1
0.198986	1
0.199324	1
0.199662	1
0.2	1
0.200338	1
0.200676	1
0.201014	1
0.201351	1
0.201689	1
0.202027	1
0.202365	1
0.202703	1
0.203041	1
0.203378	1
0.203716	1
0.204054	1
0.204392	1
0.20473	1
0.205068	1
0.205405	1
0.205743	1
0.206081	1
0.206419	1
0.206757	1
0.207095	1
0.207432	1
0.20777	1
0.208108	1
0.208446	1
0.208784	1
0.209122	1
0.209459	1
0.209797	1
0.210135	1
0.210473	1
0.210811	1
0.211149	1
0.211486	1
0.211824	1
0.212162	1
0.2125	1
0.212838	1
0.213176	1
0.213514	1
0.213851	1
0.214189	1
0.214527	1
0.214865	1
0.215203	1
0.215541	1
0.215878	1
0.216216	1
0.216554	1
0.216892	1
0.21723	1
0.217568	1
0.217905	1
0.218243	1
0.218581	1
0.218919	1
0.219257	1
0.219595	1
0.219932	1
0.22027	1
0.220608	1
0.220946	1
0.221284	1
0.221622	1
0.221959	1
0.222297	1
0.222635	1
0.222973	1
0.223311	1
0.223649	1
0.223986	1
0.224324	1
0.224662	1
0.225	1
0.225338	1
0.225676	1
0.226014	1
0.226351	1
0.226689	1
0.227027	1
0.227365	1
0.227703	1
0.228041	1
0.228378	1
0.228716	1
0.229054	1
0.229392	1
0.22973	1
0.230068	1
0.230405	1
0.230743	1
0.231081	1
0.231419	1
0.231757	1
0.232095	1
0.232432	1
0.23277	1
0.233108	1
0.233446	1
0.233784	1
0.234122	1
0.234459	1
0.234797	1
0.235135	1
0.235473	1
0.235811	1
0.236149	1
0.236486	1
0.236824	1
0.237162	1
0.2375	1
0.237838	1
0.238176	1
0.238514	1
0.238851	1
0.239189	1
0.239527	1
0.239865	1
0.240203	1
0.240541	1
0.240878	1
0.241216	1
0.241554	1
0.241892	1
0.24223	1
0.242568	1
0.242905	1
0.243243	1
0.243581	1
0.243919	1
0.244257	1
0.244595	1
0.244932	1
0.24527	1
0.245608	1
0.245946	1
0.246284	1
0.246622	1
0.246959	1
0.247297	1
0.247635	1
0.247973	1
0.248311	1
0.248649	1
0.248986	1
0.249324	1
0.249662	1
0.25	1
0.250338	1
0.250676	1
0.251014	1
0.251351	1
0.251689	1
0.252027	1
0.252365	1
0.252703	1
0.253041	1
0.253378	1
0.253716	1
0.254054	1
0.254392	1
0.25473	1
0.255068	1
0.255405	1
0.255743	1
0.256081	1
0.256419	1
0.256757	1
0.257095	1
0.257432	1
0.25777	1
0.258108	1
0.258446	1
0.258784	1
0.259122	1
0.259459	1
0.259797	1
0.260135	1
0.260473	1
0.260811	1
0.261149	1
0.261486	1
0.261824	1
0.262162	1
0.2625	1
0.262838	1
0.263176	1
0.263514	1
0.263851	1
0.264189	1
0.264527	1
0.264865	1
0.265203	1
0.265541	1
0.265878	1
0.266216	1
0.266554	1
0.266892	1
0.26723	1
0.267568	1
0.267905	1
0.268243	1
0.268581	1
0.268919	1
0.269257	1
0.269595	1
0.269932	1
0.27027	1
0.270608	1
0.270946	1
0.271284	1
0.271622	1
0.271959	1
0.272297	1
0.272635	1
0.272973	1
0.273311	1
0.273649	1
0.273986	1
0.274324	1
0.274662	1
0.275	1
0.275338	1
0.275676	1
0.276014	1
0.276351	1
0.276689	1
0.277027	1
0.277365	1
0.277703	1
0.278041	1
0.278378	1
0.278716	1
0.279054	1
0.279392	1
0.27973	1
0.280068	1
0.280405	1
0.280743	1
0.281081	1
0.281419	1
0.281757	1
0.282095	1
0.282432	1
0.28277	1
0.283108	1
0.283446	1
0.283784	1
0.284122	1
0.284459	1
0.284797	1
0.285135	1
0.285473	1
0.285811	1
0.286149	1
0.286486	1
0.286824	1
0.287162	1
0.2875	1
0.287838	1
0.288176	1
0.288514	1
0.288851	1
0.289189	1
0.289527	1
0.289865	1
0.290203	1
0.290541	1
0.290878	1
0.291216	1
0.291554	1
0.291892	1
0.29223	1
0.292568	1
0.292905	1
0.293243	1
0.293581	1
0.293919	1
0.294257	1
0.294595	1
0.294932	1
0.29527	1
0.295608	1
0.295946	1
0.296284	1
0.296622	1
0.296959	1
0.297297	1
0.297635	1
0.297973	1
0.298311	1
0.298649	1
0.298986	1
0.299324	1
0.299662	1
0.3	1
0.300338	1
0.300676	1
0.301014	1
0.301351	1
0.301689	1
0.302027	1
0.302365	1
0.302703	1
0.303041	1
0.303378	1
0.303716	1
0.304054	1
0.304392	1
0.30473	1
0.305068	1
0.305405	1
0.305743	1
0.306081	1
0.306419	1
0.306757	1
0.307095	1
0.307432	1
0.30777	1
0.308108	1
0.308446	1
0.308784	1
0.309122	1
0.309459	1
0.309797	1
0.310135	1
0.310473	1
0.310811	1
0.311149	1
0.311486	1
0.311824	1
0.312162	1
0.3125	1
0.312838	1
0.313176	1
0.313514	1
0.313851	1
0.314189	1
0.314527	1
0.314865	1
0.315203	1
0.315541	1
0.315878	1
0.316216	1
0.316554	1
0.316892	1
0.31723	1
0.317568	1
0.317905	1
0.318243	1
0.318581	1
0.318919	1
0.319257	1
0.319595	1
0.319932	1
0.32027	1
0.320608	1
0.320946	1
0.321284	1
0.321622	1
0.321959	1
0.322297	1
0.322635	1
0.322973	1
0.323311	1
0.323649	1
0.323986	1
0.324324	1
0.324662	1
0.325	1
0.325338	1
0.325676	1
0.326014	1
0.326351	1
0.326689	1
0.327027	1
0.327365	1
0.327703	1
0.328041	1
0.328378	1
0.328716	1
0.329054	1
0.329392	1
0.32973	1
0.330068	1
0.330405	1
0.330743	1
0.331081	1
0.331419	1
0.331757	1
0.332095	1
0.332432	1
0.33277	1
0.333108	1
0.333446	1
0.333784	1
0.334122	1
0.334459	1
0.334797	1
0.335135	1
0.335473	1
0.335811	1
0.336149	1
0.336486	1
0.336824	1
0.337162	1
0.3375	1
0.337838	1
0.338176	1
0.338514	1
0.338851	1
0.339189	1
0.339527	1
0.339865	1
0.340203	1
0.340541	1
0.340878	1
0.341216	1
0.341554	1
0.341892	1
0.34223	1
0.342568	1
0.342905	1
0.343243	1
0.343581	1
0.343919	1
0.344257	1
0.344595	1
0.344932	1
0.34527	1
0.345608	1
0.345946	1
0.346284	1
0.346622	1
0.346959	1
0.347297	1
0.347635	1
0.347973	1
0.348311	1
0.348649	1
0.348986	1
0.349324	1
0.349662	1
0.35	1
0.350338	1
0.350676	1
0.351014	1
0.351351	1
0.351689	1
0.352027	1
0.352365	1
0.352703	1
0.353041	1
0.353378	1
0.353716	1
0.354054	1
0.354392	1
0.35473	1
0.355068	1
0.355405	1
0.355743	1
0.356081	1
0.356419	1
0.356757	1
0.357095	1
0.357432	1
0.35777	1
0.358108	1
0.358446	1
0.358784	1
0.359122	1
0.359459	1
0.359797	1
0.360135	1
0.360473	1
0.360811	1
0.361149	1
0.361486	1
0.361824	1
0.362162	1
0.3625	1
0.362838	1
0.363176	1
0.363514	1
0.363851	1
0.364189	1
0.364527	1
0.364865	1
0.365203	1
0.365541	1
0.365878	1
0.366216	1
0.366554	1
0.366892	1
0.36723	1
0.367568	1
0.367905	1
0.368243	1
0.368581	1
0.368919	1
0.369257	1
0.369595	1
0.369932	1
0.37027	1
0.370608	1
0.370946	1
0.371284	1
0.371622	1
0.371959	1
0.372297	1
0.372635	1
0.372973	1
0.373311	1
0.373649	1
0.373986	1
0.374324	1
0.374662	1
0.375	1
0.375338	1
0.375676	1
0.376014	1
0.376351	1
0.376689	1
0.377027	1
0.377365	1
0.377703	1
0.378041	1
0.378378	1
0.378716	1
0.379054	1
0.379392	1
0.37973	1
0.380068	1
0.380405	1
0.380743	1
0.381081	1
0.381419	1
0.381757	1
0.382095	1
0.382432	1
0.38277	1
0.383108	1
0.383446	1
0.383784	1
0.384122	1
0.384459	1
0.384797	1
0.385135	1
0.385473	1
0.385811	1
0.386149	1
0.386486	1
0.386824	1
0.387162	1
0.3875	1
0.387838	1
0.388176	1
0.388514	1
0.388851	1
0.389189	1
0.389527	1
0.389865	1
0.390203	1
0.390541	1
0.390878	1
0.391216	1
0.391554	1
0.391892	1
0.39223	1
0.392568	1
0.392905	1
0.393243	1
0.393581	1
0.393919	1
0.394257	1
0.394595	1
0.394932	1
0.39527	1
0.395608	1
0.395946	1
0.396284	1
0.396622	1
0.396959	1
0.397297	1
0.397635	1
0.397973	1
0.398311	1
0.398649	1
0.398986	1
0.399324	1
0.399662	1
0.4	1
0.400338	1
0.400676	1
0.401014	1
0.401351	1
0.401689	1
0.402027	1
0.402365	1
0.402703	1
0.403041	1
0.403378	1
0.403716	1
0.404054	1
0.404392	1
0.40473	1
0.405068	1
0.405405	1
0.405743	1
0.406081	1
0.406419	1
0.406757	1
0.407095	1
0.407432	1
0.40777	1
0.408108	1
0.408446	1
0.408784	1
0.409122	1
0.409459	1
0.409797	1
0.410135	1
0.410473	1
0.410811	1
0.411149	1
0.411486	1
0.411824	1
0.412162	1
0.4125	1
0.412838	1
0.413176	1
0.413514	1
0.413851	1
0.414189	1
0.414527	1
0.414865	1
0.415203	1
0.415541	1
0.415878	1
0.416216	1
0.416554	1
0.416892	1
0.41723	1
0.417568	1
0.417905	1
0.418243	1
0.418581	1
0.418919	1
0.419257	1
0.419595	1
0.419932	1
0.42027	1
0.420608	1
0.420946	1
0.421284	1
0.421622	1
0.421959	1
0.422297	1
0.422635	1
0.422973	1
0.423311	1
0.423649	1
0.423986	1
0.424324	1
0.424662	1
0.425	1
0.425338	1
0.425676	1
0.426014	1
0.426351	1
0.426689	1
0.427027	1
0.427365	1
0.427703	1
0.428041	1
0.428378	1
0.428716	1
0.429054	1
0.429392	1
0.42973	1
0.430068	1
0.430405	1
0.430743	1
0.431081	1
0.431419	1
0.431757	1
0.432095	1
0.432432	1
0.43277	1
0.433108	1
0.433446	1
0.433784	1
0.434122	1
0.434459	1
0.434797	1
0.435135	1
0.435473	1
0.435811	1
0.436149	1
0.436486	1
0.436824	1
0.437162	1
0.4375	1
0.437838	1
0.438176	1
0.438514	1
0.438851	1
0.439189	1
0.439527	1
0.439865	1
0.440203	1
0.440541	1
0.440878	1
0.441216	1
0.441554	1
0.441892	1
0.44223	1
0.442568	1
0.442905	1
0.443243	1
0.443581	1
0.443919	1
0.444257	1
0.444595	1
0.444932	1
0.44527	1
0.445608	1
0.445946	1
0.446284	1
0.446622	1
0.446959	1
0.447297	1
0.447635	1
0.447973	1
0.448311	1
0.448649	1
0.448986	1
0.449324	1
0.449662	1
0.45	1
0.450338	1
0.450676	1
0.451014	1
0.451351	1
0.451689	1
0.452027	1
0.452365	1
0.452703	1
0.453041	1
0.453378	1
0.453716	1
0.454054	1
0.454392	1
0.45473	1
0.455068	1
0.455405	1
0.455743	1
0.456081	1
0.456419	1
0.456757	1
0.457095	1
0.457432	1
0.45777	1
0.458108	1
0.458446	1
0.458784	1
0.459122	1
0.459459	1
0.459797	1
0.460135	1
0.460473	1
0.460811	1
0.461149	1
0.461486	1
0.461824	1
0.462162	1
0.4625	1
0.462838	1
0.463176	1
0.463514	1
0.463851	1
0.464189	1
0.464527	1
0.464865	1
0.465203	1
0.465541	1
0.465878	1
0.466216	1
0.466554	1
0.466892	1
0.46723	1
0.467568	1
0.467905	1
0.468243	1
0.468581	1
0.468919	1
0.469257	1
0.469595	1
0.469932	1
0.47027	1
0.470608	1
0.470946	1
0.471284	1
0.471622	1
0.471959	1
0.472297	1
0.472635	1
0.472973	1
0.473311	1
0.473649	1
0.473986	1
0.474324	1
0.474662	1
0.475	1
0.475338	1
0.475676	1
0.476014	1
0.476351	1
0.476689	1
0.477027	1
0.477365	1
0.477703	1
0.478041	1
0.478378	1
0.478716	1
0.479054	1
0.479392	1
0.47973	1
0.480068	1
0.480405	1
0.480743	1
0.481081	1
0.481419	1
0.481757	1
0.482095	1
0.482432	1
0.48277	1
0.483108	1
0.483446	1
0.483784	1
0.484122	1
0.484459	1
0.484797	1
0.485135	1
0.485473	1
0.485811	1
0.486149	1
0.486486	1
0.486824	1
0.487162	1
0.4875	1
0.487838	1
0.488176	1
0.488514	1
0.488851	1
0.489189	1
0.489527	1
0.489865	1
0.490203	1
0.490541	1
0.490878	1
0.491216	1
0.491554	1
0.491892	1
0.49223	1
0.492568	1
0.492905	1
0.493243	1
0.493581	1
0.493919	1
0.494257	1
0.494595	1
0.494932	1
0.49527	1
0.495608	1
0.495946	1
0.496284	1
0.496622	1
0.496959	1
0.497297	1
0.497635	1
0.497973	1
0.498311	1
0.498649	1
0.498986	1
0.499324	1
0.499662	1
0.5	1
0.500338	1
0.500676	1
0.501014	1
0.501351	1
0.501689	1
0.502027	1
0.502365	1
0.502703	1
0.503041	1
0.503378	1
0.503716	1
0.504054	1
0.504392	1
0.50473	1
0.505068	1
0.505405	1
0.505743	1
0.506081	1
0.506419	1
0.506757	1
0.507095	1
0.507432	1
0.50777	1
0.508108	1
0.508446	1
0.508784	1
0.509122	1
0.509459	1
0.509797	1
0.510135	1
0.510473	1
0.510811	1
0.511149	1
0.511486	1
0.511824	1
0.512162	1
0.5125	1
0.512838	1
0.513176	1
0.513514	1
0.513851	1
0.514189	1
0.514527	1
0.514865	1
0.515203	1
0.515541	1
0.515878	1
0.516216	1
0.516554	1
0.516892	1
0.51723	1
0.517568	1
0.517905	1
0.518243	1
0.518581	1
0.518919	1
0.519257	1
0.519595	1
0.519932	1
0.52027	1
0.520608	1
0.520946	1
0.521284	1
0.521622	1
0.521959	1
0.522297	1
0.522635	1
0.522973	1
0.523311	1
0.523649	1
0.523986	1
0.524324	1
0.524662	1
0.525	1
0.525338	1
0.525676	1
0.526014	1
0.526351	1
0.526689	1
0.527027	1
0.527365	1
0.527703	1
0.528041	1
0.528378	1
0.528716	1
0.529054	1
0.529392	1
0.52973	1
0.530068	1
0.530405	1
0.530743	1
0.531081	1
0.531419	1
0.531757	1
0.532095	1
0.532432	1
0.53277	1
0.533108	1
0.533446	1
0.533784	1
0.534122	1
0.534459	1
0.534797	1
0.535135	1
0.535473	1
0.535811	1
0.536149	1
0.536486	1
0.536824	1
0.537162	1
0.5375	1
0.537838	1
0.538176	1
0.538514	1
0.538851	1
0.539189	1
0.539527	1
0.539865	1
0.540203	1
0.540541	1
0.540878	1
0.541216	1
0.541554	1
0.541892	1
0.54223	1
0.542568	1
0.542905	1
0.543243	1
0.543581	1
0.543919	1
0.544257	1
0.544595	1
0.544932	1
0.54527	1
0.545608	1
0.545946	1
0.546284	1
0.546622	1
0.546959	1
0.547297	1
0.547635	1
0.547973	1
0.548311	1
0.548649	1
0.548986	1
0.549324	1
0.549662	1
0.55	1
0.550338	1
0.550676	1
0.551014	1
0.551351	1
0.551689	1
0.552027	1
0.552365	1
0.552703	1
0.553041	1
0.553378	1
0.553716	1
0.554054	1
0.554392	1
0.55473	1
0.555068	1
0.555405	1
0.555743	1
0.556081	1
0.556419	1
0.556757	1
0.557095	1
0.557432	1
0.55777	1
0.558108	1
0.558446	1
0.558784	1
0.559122	1
0.559459	1
0.559797	1
0.560135	1
0.560473	1
0.560811	1
0.561149	1
0.561486	1
0.561824	1
0.562162	1
0.5625	1
0.562838	1
0.563176	1
0.563514	1
0.563851	1
0.564189	1
0.564527	1
0.564865	1
0.565203	1
0.565541	1
0.565878	1
0.566216	1
0.566554	1
0.566892	1
0.56723	1
0.567568	1
0.567905	1
0.568243	1
0.568581	1
0.568919	1
0.569257	1
0.569595	1
0.569932	1
0.57027	1
0.570608	1
0.570946	1
0.571284	1
0.571622	1
0.571959	1
0.572297	1
0.572635	1
0.572973	1
0.573311	1
0.573649	1
0.573986	1
0.574324	1
0.574662	1
0.575	1
0.575338	1
0.575676	1
0.576014	1
0.576351	1
0.576689	1
0.577027	1
0.577365	1
0.577703	1
0.578041	1
0.578378	1
0.578716	1
0.579054	1
0.579392	1
0.57973	1
0.580068	1
0.580405	1
0.580743	1
0.581081	1
0.581419	1
0.581757	1
0.582095	1
0.582432	1
0.58277	1
0.583108	1
0.583446	1
0.583784	1
0.584122	1
0.584459	1
0.584797	1
0.585135	1
0.585473	1
0.585811	1
0.586149	1
0.586486	1
0.586824	1
0.587162	1
0.5875	1
0.587838	1
0.588176	1
0.588514	1
0.588851	1
0.589189	1
0.589527	1
0.589865	1
0.590203	1
0.590541	1
0.590878	1
0.591216	1
0.591554	1
0.591892	1
0.59223	1
0.592568	1
0.592905	1
0.593243	1
0.593581	1
0.593919	1
0.594257	1
0.594595	1
0.594932	1
0.59527	1
0.595608	1
0.595946	1
0.596284	1
0.596622	1
0.596959	1
0.597297	1
0.597635	1
0.597973	1
0.598311	1
0.598649	1
0.598986	1
0.599324	1
0.599662	1
0.6	1
0.600338	1
0.600676	1
0.601014	1
0.601351	1
0.601689	1
0.602027	1
0.602365	1
0.602703	1
0.603041	1
0.603378	1
0.603716	1
0.604054	1
0.604392	1
0.60473	1
0.605068	1
0.605405	1
0.605743	1
0.606081	1
0.606419	1
0.606757	1
0.607095	1
0.607432	1
0.60777	1
0.608108	1
0.608446	1
0.608784	1
0.609122	1
0.609459	1
0.609797	1
0.610135	1
0.610473	1
0.610811	1
0.611149	1
0.611486	1
0.611824	1
0.612162	1
0.6125	1
0.612838	1
0.613176	1
0.613514	1
0.613851	1
0.614189	1
0.614527	1
0.614865	1
0.615203	1
0.615541	1
0.615878	1
0.616216	1
0.616554	1
0.616892	1
0.61723	1
0.617568	1
0.617905	1
0.618243	1
0.618581	1
0.618919	1
0.619257	1
0.619595	1
0.619932	1
0.62027	1
0.620608	1
0.620946	1
0.621284	1
0.621622	1
0.621959	1
0.622297	1
0.622635	1
0.622973	1
0.623311	1
0.623649	1
0.623986	1
0.624324	1
0.624662	1
0.625	1
0.625338	1
0.625676	1
0.626014	1
0.626351	1
0.626689	1
0.627027	1
0.627365	1
0.627703	1
0.628041	1
0.628378	1
0.628716	1
0.629054	1
0.629392	1
0.62973	1
0.630068	1
0.630405	1
0.630743	1
0.631081	1
0.631419	1
0.631757	1
0.632095	1
0.632432	1
0.63277	1
0.633108	1
0.633446	1
0.633784	1
0.634122	1
0.634459	1
0.634797	1
0.635135	1
0.635473	1
0.635811	1
0.636149	1
0.636486	1
0.636824	1
0.637162	1
0.6375	1
0.637838	1
0.638176	1
0.638514	1
0.638851	1
0.639189	1
0.639527	1
0.639865	1
0.640203	1
0.640541	1
0.640878	1
0.641216	1
0.641554	1
0.641892	1
0.64223	1
0.642568	1
0.642905	1
0.643243	1
0.643581	1
0.643919	1
0.644257	1
0.644595	1
0.644932	1
0.64527	1
0.645608	1
0.645946	1
0.646284	1
0.646622	1
0.646959	1
0.647297	1
0.647635	1
0.647973	1
0.648311	1
0.648649	1
0.648986	1
0.649324	1
0.649662	1
0.65	1
0.650338	1
0.650676	1
0.651014	1
0.651351	1
0.651689	1
0.652027	1
0.652365	1
0.652703	1
0.653041	1
0.653378	1
0.653716	1
0.654054	1
0.654392	1
0.65473	1
0.655068	1
0.655405	1
0.655743	1
0.656081	1
0.656419	1
0.656757	1
0.657095	1
0.657432	1
0.65777	1
0.658108	1
0.658446	1
0.658784	1
0.659122	1
0.659459	1
0.659797	1
0.660135	1
0.660473	1
0.660811	1
0.661149	1
0.661486	1
0.661824	1
0.662162	1
0.6625	1
0.662838	1
0.663176	1
0.663514	1
0.663851	1
0.664189	1
0.664527	1
0.664865	1
0.665203	1
0.665541	1
0.665878	1
0.666216	1
0.666554	1
0.666892	1
0.66723	1
0.667568	1
0.667905	1
0.668243	1
0.668581	1
0.668919	1
0.669257	1
0.669595	1
0.669932	1
0.67027	1
0.670608	1
0.670946	1
0.671284	1
0.671622	1
0.671959	1
0.672297	1
0.672635	1
0.672973	1
0.673311	1
0.673649	1
0.673986	1
0.674324	1
0.674662	1
0.675	1
0.675338	1
0.675676	1
0.676014	1
0.676351	1
0.676689	1
0.677027	1
0.677365	1
0.677703	1
0.678041	1
0.678378	1
0.678716	1
0.679054	1
0.679392	1
0.67973	1
0.680068	1
0.680405	1
0.680743	1
0.681081	1
0.681419	1
0.681757	1
0.682095	1
0.682432	1
0.68277	1
0.683108	1
0.683446	1
0.683784	1
0.684122	1
0.684459	1
0.684797	1
0.685135	1
0.685473	1
0.685811	1
0.686149	1
0.686486	1
0.686824	1
0.687162	1
0.6875	1
0.687838	1
0.688176	1
0.688514	1
0.688851	1
0.689189	1
0.689527	1
0.689865	1
0.690203	1
0.690541	1
0.690878	1
0.691216	1
0.691554	1
0.691892	1
0.69223	1
0.692568	1
0.692905	1
0.693243	1
0.693581	1
0.693919	1
0.694257	1
0.694595	1
0.694932	1
0.69527	1
0.695608	1
0.695946	1
0.696284	1
0.696622	1
0.696959	1
0.697297	1
0.697635	1
0.697973	1
0.698311	1
0.698649	1
0.698986	1
0.699324	1
0.699662	1
0.7	1
0.700338	1
0.700676	1
0.701014	1
0.701351	1
0.701689	1
0.702027	1
0.702365	1
0.702703	1
0.703041	1
0.703378	1
0.703716	1
0.704054	1
0.704392	1
0.70473	1
0.705068	1
0.705405	1
0.705743	1
0.706081	1
0.706419	1
0.706757	1
0.707095	1
0.707432	1
0.70777	1
0.708108	1
0.708446	1
0.708784	1
0.709122	1
0.709459	1
0.709797	1
0.710135	1
0.710473	1
0.710811	1
0.711149	1
0.711486	1
0.711824	1
0.712162	1
0.7125	1
0.712838	1
0.713176	1
0.713514	1
0.713851	1
0.714189	1
0.714527	1
0.714865	1
0.715203	1
0.715541	1
0.715878	1
0.716216	1
0.716554	1
0.716892	1
0.71723	1
0.717568	1
0.717905	1
0.718243	1
0.718581	1
0.718919	1
0.719257	1
0.719595	1
0.719932	1
0.72027	1
0.720608	1
0.720946	1
0.721284	1
0.721622	1
0.721959	1
0.722297	1
0.722635	1
0.722973	1
0.723311	1
0.723649	1
0.723986	1
0.724324	1
0.724662	1
0.725	1
0.725338	1
0.725676	1
0.726014	1
0.726351	1
0.726689	1
0.727027	1
0.727365	1
0.727703	1
0.728041	1
0.728378	1
0.728716	1
0.729054	1
0.729392	1
0.72973	1
0.730068	1
0.730405	1
0.730743	1
0.731081	1
0.731419	1
0.731757	1
0.732095	1
0.732432	1
0.73277	1
0.733108	1
0.733446	1
0.733784	1
0.734122	1
0.734459	1
0.734797	1
0.735135	1
0.735473	1
0.735811	1
0.736149	1
0.736486	1
0.736824	1
0.737162	1
0.7375	1
0.737838	1
0.738176	1
0.738514	1
0.738851	1
0.739189	1
0.739527	1
0.739865	1
0.740203	1
0.740541	1
0.740878	1
0.741216	1
0.741554	1
0.741892	1
0.74223	1
0.742568	1
0.742905	1
0.743243	1
0.743581	1
0.743919	1
0.744257	1
0.744595	1
0.744932	1
0.74527	1
0.745608	1
0.745946	1
0.746284	1
0.746622	1
0.746959	1
0.747297	1
0.747635	1
0.747973	1
0.748311	1
0.748649	1
0.748986	1
0.749324	1
0.749662	1
0.75	1
0.750338	1
0.750676	1
0.751014	1
0.751351	1
0.751689	1
0.752027	1
0.752365	1
0.752703	1
0.753041	1
0.753378	1
0.753716	1
0.754054	1
0.754392	1
0.75473	1
0.755068	1
0.755405	1
0.755743	1
0.756081	1
0.756419	1
0.756757	1
0.757095	1
0.757432	1
0.75777	1
0.758108	1
0.758446	1
0.758784	1
0.759122	1
0.759459	1
0.759797	1
0.760135	1
0.760473	1
0.760811	1
0.761149	1
0.761486	1
0.761824	1
0.762162	1
0.7625	1
0.762838	1
0.763176	1
0.763514	1
0.763851	1
0.764189	1
0.764527	1
0.764865	1
0.765203	1
0.765541	1
0.765878	1
0.766216	1
0.766554	1
0.766892	1
0.76723	1
0.767568	1
0.767905	1
0.768243	1
0.768581	1
0.768919	1
0.769257	1
0.769595	1
0.769932	1
0.77027	1
0.770608	1
0.770946	1
0.771284	1
0.771622	1
0.771959	1
0.772297	1
0.772635	1
0.772973	1
0.773311	1
0.773649	1
0.773986	1
0.774324	1
0.774662	1
0.775	1
0.775338	1
0.775676	1
0.776014	1
0.776351	1
0.776689	1
0.777027	1
0.777365	1
0.777703	1
0.778041	1
0.778378	1
0.778716	1
0.779054	1
0.779392	1
0.77973	1
0.780068	1
0.780405	1
0.780743	1
0.781081	1
0.781419	1
0.781757	1
0.782095	1
0.782432	1
0.78277	1
0.783108	1
0.783446	1
0.783784	1
0.784122	1
0.784459	1
0.784797	1
0.785135	1
0.785473	1
0.785811	1
0.786149	1
0.786486	1
0.786824	1
0.787162	1
0.7875	1
0.787838	1
0.788176	1
0.788514	1
0.788851	1
0.789189	1
0.789527	1
0.789865	1
0.790203	1
0.790541	1
0.790878	1
0.791216	1
0.791554	1
0.791892	1
0.79223	1
0.792568	1
0.792905	1
0.793243	1
0.793581	1
0.793919	1
0.794257	1
0.794595	1
0.794932	1
0.79527	1
0.795608	1
0.795946	1
0.796284	1
0.796622	1
0.796959	1
0.797297	1
0.797635	1
0.797973	1
0.798311	1
0.798649	1
0.798986	1
0.799324	1
0.799662	1
0.8	1
0.800338	1
0.800676	1
0.801014	1
0.801351	1
0.801689	1
0.802027	1
0.802365	1
0.802703	1
0.803041	1
0.803378	1
0.803716	1
0.804054	1
0.804392	1
0.80473	1
0.805068	1
0.805405	1
0.805743	1
0.806081	1
0.806419	1
0.806757	1
0.807095	1
0.807432	1
0.80777	1
0.808108	1
0.808446	1
0.808784	1
0.809122	1
0.809459	1
0.809797	1
0.810135	1
0.810473	1
0.810811	1
0.811149	1
0.811486	1
0.811824	1
0.812162	1
0.8125	1
0.812838	1
0.813176	1
0.813514	1
0.813851	1
0.814189	1
0.814527	1
0.814865	1
0.815203	1
0.815541	1
0.815878	1
0.816216	1
0.816554	1
0.816892	1
0.81723	1
0.817568	1
0.817905	1
0.818243	1
0.818581	1
0.818919	1
0.819257	1
0.819595	1
0.819932	1
0.82027	1
0.820608	1
0.820946	1
0.821284	1
0.821622	1
0.821959	1
0.822297	1
0.822635	1
0.822973	1
0.823311	1
0.823649	1
0.823986	1
0.824324	1
0.824662	1
0.825	1
0.825338	1
0.825676	1
0.826014	1
0.826351	1
0.826689	1
0.827027	1
0.827365	1
0.827703	1
0.828041	1
0.828378	1
0.828716	1
0.829054	1
0.829392	1
0.82973	1
0.830068	1
0.830405	1
0.830743	1
0.831081	1
0.831419	1
0.831757	1
0.832095	1
0.832432	1
0.83277	1
0.833108	1
0.833446	1
0.833784	1
0.834122	1
0.834459	1
0.834797	1
0.835135	1
0.835473	1
0.835811	1
0.836149	1
0.836486	1
0.836824	1
0.837162	1
0.8375	1
0.837838	1
0.838176	1
0.838514	1
0.838851	1
0.839189	1
0.839527	1
0.839865	1
0.840203	1
0.840541	1
0.840878	1
0.841216	1
0.841554	1
0.841892	1
0.84223	1
0.842568	1
0.842905	1
0.843243	1
0.843581	1
0.843919	1
0.844257	1
0.844595	1
0.844932	1
0.84527	1
0.845608	1
0.845946	1
0.846284	1
0.846622	1
0.846959	1
0.847297	1
0.847635	1
0.847973	1
0.848311	1
0.848649	1
0.848986	1
0.849324	1
0.849662	1
0.85	1
0.850338	1
0.850676	1
0.851014	1
0.851351	1
0.851689	1
0.852027	1
0.852365	1
0.852703	1
0.853041	1
0.853378	1
0.853716	1
0.854054	1
0.854392	1
0.85473	1
0.855068	1
0.855405	1
0.855743	1
0.856081	1
0.856419	1
0.856757	1
0.857095	1
0.857432	1
0.85777	1
0.858108	1
0.858446	1
0.858784	1
0.859122	1
0.859459	1
0.859797	1
0.860135	1
0.860473	1
0.860811	1
0.861149	1
0.861486	1
0.861824	1
0.862162	1
0.8625	1
0.862838	1
0.863176	1
0.863514	1
0.863851	1
0.864189	1
0.864527	1
0.864865	1
0.865203	1
0.865541	1
0.865878	1
0.866216	1
0.866554	1
0.866892	1
0.86723	1
0.867568	1
0.867905	1
0.868243	1
0.868581	1
0.868919	1
0.869257	1
0.869595	1
0.869932	1
0.87027	1
0.870608	1
0.870946	1
0.871284	1
0.871622	1
0.871959	1
0.872297	1
0.872635	1
0.872973	1
0.873311	1
0.873649	1
0.873986	1
0.874324	1
0.874662	1
0.875	1
0.875338	1
0.875676	1
0.876014	1
0.876351	1
0.876689	1
0.877027	1
0.877365	1
0.877703	1
0.878041	1
0.878378	1
0.878716	1
0.879054	1
0.879392	1
0.87973	1
0.880068	1
0.880405	1
0.880743	1
0.881081	1
0.881419	1
0.881757	1
0.882095	1
0.882432	1
0.88277	1
0.883108	1
0.883446	1
0.883784	1
0.884122	1
0.884459	1
0.884797	1
0.885135	1
0.885473	1
0.885811	1
0.886149	1
0.886486	1
0.886824	1
0.887162	1
0.8875	1
0.887838	1
0.888176	1
0.888514	1
0.888851	1
0.889189	1
0.889527	1
0.889865	1
0.890203	1
0.890541	1
0.890878	1
0.891216	1
0.891554	1
0.891892	1
0.89223	1
0.892568	1
0.892905	1
0.893243	1
0.893581	1
0.893919	1
0.894257	1
0.894595	1
0.894932	1
0.89527	1
0.895608	1
0.895946	1
0.896284	1
0.896622	1
0.896959	1
0.897297	1
0.897635	1
0.897973	1
0.898311	1
0.898649	1
0.898986	1
0.899324	1
0.899662	1
0.9	1
0.900338	1
0.900676	1
0.901014	1
0.901351	1
0.901689	1
0.902027	1
0.902365	1
0.902703	1
0.903041	1
0.903378	1
0.903716	1
0.904054	1
0.904392	1
0.90473	1
0.905068	1
0.905405	1
0.905743	1
0.906081	1
0.906419	1
0.906757	1
0.907095	1
0.907432	1
0.90777	1
0.908108	1
0.908446	1
0.908784	1
0.909122	1
0.909459	1
0.909797	1
0.910135	1
0.910473	1
0.910811	1
0.911149	1
0.911486	1
0.911824	1
0.912162	1
0.9125	1
0.912838	1
0.913176	1
0.913514	1
0.913851	1
0.914189	1
0.914527	1
0.914865	1
0.915203	1
0.915541	1
0.915878	1
0.916216	1
0.916554	1
0.916892	1
0.91723	1
0.917568	1
0.917905	1
0.918243	1
0.918581	1
0.918919	1
0.919257	1
0.919595	1
0.919932	1
0.92027	1
0.920608	1
0.920946	1
0.921284	1
0.921622	1
0.921959	1
0.922297	1
0.922635	1
0.922973	1
0.923311	1
0.923649	1
0.923986	1
0.924324	1
0.924662	1
0.925	1
0.925338	1
0.925676	1
0.926014	1
0.926351	1
0.926689	1
0.927027	1
0.927365	1
0.927703	1
0.928041	1
0.928378	1
0.928716	1
0.929054	1
0.929392	1
0.92973	1
0.930068	1
0.930405	1
0.930743	1
0.931081	1
0.931419	1
0.931757	1
0.932095	1
0.932432	1
0.93277	1
0.933108	1
0.933446	1
0.933784	1
0.934122	1
0.934459	1
0.934797	1
0.935135	1
0.935473	1
0.935811	1
0.936149	1
0.936486	1
0.936824	1
0.937162	1
0.9375	1
0.937838	1
0.938176	1
0.938514	1
0.938851	1
0.939189	1
0.939527	1
0.939865	1
0.940203	1
0.940541	1
0.940878	1
0.941216	1
0.941554	1
0.941892	1
0.94223	1
0.942568	1
0.942905	1
0.943243	1
0.943581	1
0.943919	1
0.944257	1
0.944595	1
0.944932	1
0.94527	1
0.945608	1
0.945946	1
0.946284	1
0.946622	1
0.946959	1
0.947297	1
0.947635	1
0.947973	1
0.948311	1
0.948649	1
0.948986	1
0.949324	1
0.949662	1
0.95	1
0.950338	1
0.950676	1
0.951014	1
0.951351	1
0.951689	1
0.952027	1
0.952365	1
0.952703	1
0.953041	1
0.953378	1
0.953716	1
0.954054	1
0.954392	1
0.95473	1
0.955068	1
0.955405	1
0.955743	1
0.956081	1
0.956419	1
0.956757	1
0.957095	1
0.957432	1
0.95777	1
0.958108	1
0.958446	1
0.958784	1
0.959122	1
0.959459	1
0.959797	1
0.960135	1
0.960473	1
0.960811	1
0.961149	1
0.961486	1
0.961824	1
0.962162	1
0.9625	1
0.962838	1
0.963176	1
0.963514	1
0.963851	1
0.964189	1
0.964527	1
0.964865	1
0.965203	1
0.965541	1
0.965878	1
0.966216	1
0.966554	1
0.966892	1
0.96723	1
0.967568	1
0.967905	1
0.968243	1
0.968581	1
0.968919	1
0.969257	1
0.969595	1
0.969932	1
0.97027	1
0.970608	1
0.970946	1
0.971284	1
0.971622	1
0.971959	1
0.972297	1
0.972635	1
0.972973	1
0.973311	1
0.973649	1
0.973986	1
0.974324	1
0.974662	1
0.975	1
0.975338	1
0.975676	1
0.976014	1
0.976351	1
0.976689	1
0.977027	1
0.977365	1
0.977703	1
0.978041	1
0.978378	1
0.978716	1
0.979054	1
0.979392	1
0.97973	1
0.980068	1
0.980405	1
0.980743	1
0.981081	1
0.981419	1
0.981757	1
0.982095	1
0.982432	1
0.98277	1
0.983108	1
0.983446	1
0.983784	1
0.984122	1
0.984459	1
0.984797	1
0.985135	1
0.985473	1
0.985811	1
0.986149	1
0.986486	1
0.986824	1
0.987162	1
0.9875	1
0.987838	1
0.988176	1
0.988514	1
0.988851	1
0.989189	1
0.989527	1
0.989865	1
0.990203	1
0.990541	1
0.990878	1
0.991216	1
0.991554	1
0.991892	1
0.99223	1
0.992568	1
0.992905	1
0.993243	1
0.993581	1
0.993919	1
0.994257	1
0.994595	1
0.994932	1
0.99527	1
0.995608	1
0.995946	1
0.996284	1
0.996622	1
0.996959	1
0.997297	1
0.997635	1
0.997973	1
0.998311	1
0.998649	1
0.998986	1
0.999324	1
0.999662	1
1	1
1.00034	1
1.00068	1
1.00101	1
1.00135	1
1.00169	1
1.00203	1
1.00236	1
1.0027	1
1.00304	1
1.00338	1
1.00372	1
1.00405	1
1.00439	1
1.00473	1
1.00507	1
1.00541	1
1.00574	1
1.00608	1
1.00642	1
1.00676	1
1.00709	1
1.00743	1
1.00777	1
1.00811	1
1.00845	1
1.00878	1
1.00912	1
1.00946	1
1.0098	1
1.01014	1
1.01047	1
1.01081	1
1.01115	1
1.01149	1
1.01182	1
1.01216	1
1.0125	1
1.01284	1
1.01318	1
1.01351	1
1.01385	1
1.01419	1
1.01453	1
1.01486	1
1.0152	1
1.01554	1
1.01588	1
1.01622	1
1.01655	1
1.01689	1
1.01723	1
1.01757	1
1.01791	1
1.01824	1
1.01858	1
1.01892	1
1.01926	1
1.01959	1
1.01993	1
1.02027	1
1.02061	1
1.02095	1
1.02128	1
1.02162	1
1.02196	1
1.0223	1
1.02264	1
1.02297	1
1.02331	1
1.02365	1
1.02399	1
1.02432	1
1.02466	1
1.025	1
1.02534	1
1.02568	1
1.02601	1
1.02635	1
1.02669	1
1.02703	1
1.02736	1
1.0277	1
1.02804	1
1.02838	1
1.02872	1
1.02905	1
1.02939	1
1.02973	1
1.03007	1
1.03041	1
1.03074	1
1.03108	1
1.03142	1
1.03176	1
1.03209	1
1.03243	1
1.03277	1
1.03311	1
1.03345	1
1.03378	1
1.03412	1
1.03446	1
1.0348	1
1.03514	1
1.03547	1
1.03581	1
1.03615	1
1.03649	1
1.03682	1
1.03716	1
1.0375	1
1.03784	1
1.03818	1
1.03851	1
1.03885	1
1.03919	1
1.03953	1
1.03986	1
1.0402	1
1.04054	1
1.04088	1
1.04122	1
1.04155	1
1.04189	1
1.04223	1
1.04257	1
1.04291	1
1.04324	1
1.04358	1
1.04392	1
1.04426	1
1.04459	1
1.04493	1
1.04527	1
1.04561	1
1.04595	1
1.04628	1
1.04662	1
1.04696	1
1.0473	1
1.04764	1
1.04797	1
1.04831	1
1.04865	1
1.04899	1
1.04932	1
1.04966	1
1.05	1
1.05034	1
1.05068	1
1.05101	1
1.05135	1
1.05169	1
1.05203	1
1.05236	1
1.0527	1
1.05304	1
1.05338	1
1.05372	1
1.05405	1
1.05439	1
1.05473	1
1.05507	1
1.05541	1
1.05574	1
1.05608	1
1.05642	1
1.05676	1
1.05709	1
1.05743	1
1.05777	1
1.05811	1
1.05845	1
1.05878	1
1.05912	1
1.05946	1
1.0598	1
1.06014	1
1.06047	1
1.06081	1
1.06115	1
1.06149	1
1.06182	1
1.06216	1
1.0625	1
1.06284	1
1.06318	1
1.06351	1
1.06385	1
1.06419	1
1.06453	1
1.06486	1
1.0652	1
1.06554	1
1.06588	1
1.06622	1
1.06655	1
1.06689	1
1.06723	1
1.06757	1
1.06791	1
1.06824	1
1.06858	1
1.06892	1
1.06926	1
1.06959	1
1.06993	1
1.07027	1
1.07061	1
1.07095	1
1.07128	1
1.07162	1
1.07196	1
1.0723	1
1.07264	1
1.07297	1
1.07331	1
1.07365	1
1.07399	1
1.07432	1
1.07466	1
1.075	1
1.07534	1
1.07568	1
1.07601	1
1.07635	1
1.07669	1
1.07703	1
1.07736	1
1.0777	1
1.07804	1
1.07838	1
1.07872	1
1.07905	1
1.07939	1
1.07973	1
1.08007	1
1.08041	1
1.08074	1
1.08108	1
1.08142	1
1.08176	1
1.08209	1
1.08243	1
1.08277	1
1.08311	1
1.08345	1
1.08378	1
1.08412	1
1.08446	1
1.0848	1
1.08514	1
1.08547	1
1.08581	1
1.08615	1
1.08649	1
1.08682	1
1.08716	1
1.0875	1
1.08784	1
1.08818	1
1.08851	1
1.08885	1
1.08919	1
1.08953	1
1.08986	1
1.0902	1
1.09054	1
1.09088	1
1.09122	1
1.09155	1
1.09189	1
1.09223	1
1.09257	1
1.09291	1
1.09324	1
1.09358	1
1.09392	1
1.09426	1
1.09459	1
1.09493	1
1.09527	1
1.09561	1
1.09595	1
1.09628	1
1.09662	1
1.09696	1
1.0973	1
1.09764	1
1.09797	1
1.09831	1
1.09865	1
1.09899	1
1.09932	1
1.09966	1
1.1	1
1.10034	1
1.10068	1
1.10101	1
1.10135	1
1.10169	1
1.10203	1
1.10236	1
1.1027	1
1.10304	1
1.10338	1
1.10372	1
1.10405	1
1.10439	1
1.10473	1
1.10507	1
1.10541	1
1.10574	1
1.10608	1
1.10642	1
1.10676	1
1.10709	1
1.10743	1
1.10777	1
1.10811	1
1.10845	1
1.10878	1
1.10912	1
1.10946	1
1.1098	1
1.11014	1
1.11047	1
1.11081	1
1.11115	1
1.11149	1
1.11182	1
1.11216	1
1.1125	1
1.11284	1
1.11318	1
1.11351	1
1.11385	1
1.11419	1
1.11453	1
1.11486	1
1.1152	1
1.11554	1
1.11588	1
1.11622	1
1.11655	1
1.11689	1
1.11723	1
1.11757	1
1.11791	1
1.11824	1
1.11858	1
1.11892	1
1.11926	1
1.11959	1
1.11993	1
1.12027	1
1.12061	1
1.12095	1
1.12128	1
1.12162	1
1.12196	1
1.1223	1
1.12264	1
1.12297	1
1.12331	1
1.12365	1
1.12399	1
1.12432	1
1.12466	1
1.125	1
1.12534	1
1.12568	1
1.12601	1
1.12635	1
1.12669	1
1.12703	1
1.12736	1
1.1277	1
1.12804	1
1.12838	1
1.12872	1
1.12905	1
1.12939	1
1.12973	1
1.13007	1
1.13041	1
1.13074	1
1.13108	1
1.13142	1
1.13176	1
1.13209	1
1.13243	1
1.13277	1
1.13311	1
1.13345	1
1.13378	1
1.13412	1
1.13446	1
1.1348	1
1.13514	1
1.13547	1
1.13581	1
1.13615	1
1.13649	1
1.13682	1
1.13716	1
1.1375	1
1.13784	1
1.13818	1
1.13851	1
1.13885	1
1.13919	1
1.13953	1
1.13986	1
1.1402	1
1.14054	1
1.14088	1
1.14122	1
1.14155	1
1.14189	1
1.14223	1
1.14257	1
1.14291	1
1.14324	1
1.14358	1
1.14392	1
1.14426	1
1.14459	1
1.14493	1
1.14527	1
1.14561	1
1.14595	1
1.14628	1
1.14662	1
1.14696	1
1.1473	1
1.14764	1
1.14797	1
1.14831	1
1.14865	1
1.14899	1
1.14932	1
1.14966	1
1.15	1
1.15034	1
1.15068	1
1.15101	1
1.15135	1
1.15169	1
1.15203	1
1.15236	1
1.1527	1
1.15304	1
1.15338	1
1.15372	1
1.15405	1
1.15439	1
1.15473	1
1.15507	1
1.15541	1
1.15574	1
1.15608	1
1.15642	1
1.15676	1
1.15709	1
1.15743	1
1.15777	1
1.15811	1
1.15845	1
1.15878	1
1.15912	1
1.15946	1
1.1598	1
1.16014	1
1.16047	1
1.16081	1
1.16115	1
1.16149	1
1.16182	1
1.16216	1
1.1625	1
1.16284	1
1.16318	1
1.16351	1
1.16385	1
1.16419	1
1.16453	1
1.16486	1
1.1652	1
1.16554	1
1.16588	1
1.16622	1
1.16655	1
1.16689	1
1.16723	1
1.16757	1
1.16791	1
1.16824	1
1.16858	1
1.16892	1
1.16926	1
1.16959	1
1.16993	1
1.17027	1
1.17061	1
1.17095	1
1.17128	1
1.17162	1
1.17196	1
1.1723	1
1.17264	1
1.17297	1
1.17331	1
1.17365	1
1.17399	1
1.17432	1
1.17466	1
1.175	1
1.17534	1
1.17568	1
1.17601	1
1.17635	1
1.17669	1
1.17703	1
1.17736	1
1.1777	1
1.17804	1
1.17838	1
1.17872	1
1.17905	1
1.17939	1
1.17973	1
1.18007	1
1.18041	1
1.18074	1
1.18108	1
1.18142	1
1.18176	1
1.18209	1
1.18243	1
1.18277	1
1.18311	1
1.18345	1
1.18378	1
1.18412	1
1.18446	1
1.1848	1
1.18514	1
1.18547	1
1.18581	1
1.18615	1
1.18649	1
1.18682	1
1.18716	1
1.1875	1
1.18784	1
1.18818	1
1.18851	1
1.18885	1
1.18919	1
1.18953	1
1.18986	1
1.1902	1
1.19054	1
1.19088	1
1.19122	1
1.19155	1
1.19189	1
1.19223	1
1.19257	1
1.19291	1
1.19324	1
1.19358	1
1.19392	1
1.19426	1
1.19459	1
1.19493	1
1.19527	1
1.19561	1
1.19595	1
1.19628	1
1.19662	1
1.19696	1
1.1973	1
1.19764	1
1.19797	1
1.19831	1
1.19865	1
1.19899	1
1.19932	1
1.19966	1
1.2	1
1.20034	1
1.20068	1
1.20101	1
1.20135	1
1.20169	1
1.20203	1
1.20236	1
1.2027	1
1.20304	1
1.20338	1
1.20372	1
1.20405	1
1.20439	1
1.20473	1
1.20507	1
1.20541	1
1.20574	1
1.20608	1
1.20642	1
1.20676	1
1.20709	1
1.20743	1
1.20777	1
1.20811	1
1.20845	1
1.20878	1
1.20912	1
1.20946	1
1.2098	1
1.21014	1
1.21047	1
1.21081	1
1.21115	1
1.21149	1
1.21182	1
1.21216	1
1.2125	1
1.21284	1
1.21318	1
1.21351	1
1.21385	1
1.21419	1
1.21453	1
1.21486	1
1.2152	1
1.21554	1
1.21588	1
1.21622	1
1.21655	1
1.21689	1
1.21723	1
1.21757	1
1.21791	1
1.21824	1
1.21858	1
1.21892	1
1.21926	1
1.21959	1
1.21993	1
1.22027	1
1.22061	1
1.22095	1
1.22128	1
1.22162	1
1.22196	1
1.2223	1
1.22264	1
1.22297	1
1.22331	1
1.22365	1
1.22399	1
1.22432	1
1.22466	1
1.225	1
1.22534	1
1.22568	1
1.22601	1
1.22635	1
1.22669	1
1.22703	1
1.22736	1
1.2277	1
1.22804	1
1.22838	1
1.22872	1
1.22905	1
1.22939	1
1.22973	1
1.23007	1
1.23041	1
1.23074	1
1.23108	1
1.23142	1
1.23176	1
1.23209	1
1.23243	1
1.23277	1
1.23311	1
1.23345	1
1.23378	1
1.23412	1
1.23446	1
1.2348	1
1.23514	1
1.23547	1
1.23581	1
1.23615	1
1.23649	1
1.23682	1
1.23716	1
1.2375	1
1.23784	1
1.23818	1
1.23851	1
1.23885	1
1.23919	1
1.23953	1
1.23986	1
1.2402	1
1.24054	1
1.24088	1
1.24122	1
1.24155	1
1.24189	1
1.24223	1
1.24257	1
1.24291	1
1.24324	1
1.24358	1
1.24392	1
1.24426	1
1.24459	1
1.24493	1
1.24527	1
1.24561	1
1.24595	1
1.24628	1
1.24662	1
1.24696	1
1.2473	1
1.24764	1
1.24797	1
1.24831	1
1.24865	1
1.24899	1
1.24932	1
1.24966	1
1.25	1
1.25034	1
1.25068	1
1.25101	1
1.25135	1
1.25169	1
1.25203	1
1.25236	1
1.2527	1
1.25304	1
1.25338	1
1.25372	1
1.25405	1
1.25439	1
1.25473	1
1.25507	1
1.25541	1
1.25574	1
1.25608	1
1.25642	1
1.25676	1
1.25709	1
1.25743	1
1.25777	1
1.25811	1
1.25845	1
1.25878	1
1.25912	1
1.25946	1
1.2598	1
1.26014	1
1.26047	1
1.26081	1
1.26115	1
1.26149	1
1.26182	1
1.26216	1
1.2625	1
1.26284	1
1.26318	1
1.26351	1
1.26385	1
1.26419	1
1.26453	1
1.26486	1
1.2652	1
1.26554	1
1.26588	1
1.26622	1
1.26655	1
1.26689	1
1.26723	1
1.26757	1
1.26791	1
1.26824	1
1.26858	1
1.26892	1
1.26926	1
1.26959	1
1.26993	1
1.27027	1
1.27061	1
1.27095	1
1.27128	1
1.27162	1
1.27196	1
1.2723	1
1.27264	1
1.27297	1
1.27331	1
1.27365	1
1.27399	1
1.27432	1
1.27466	1
1.275	1
1.27534	1
1.27568	1
1.27601	1
1.27635	1
1.27669	1
1.27703	1
1.27736	1
1.2777	1
1.27804	1
1.27838	1
1.27872	1
1.27905	1
1.27939	1
1.27973	1
1.28007	1
1.28041	1
1.28074	1
1.28108	1
1.28142	1
1.28176	1
1.28209	1
1.28243	1
1.28277	1
1.28311	1
1.28345	1
1.28378	1
1.28412	1
1.28446	1
1.2848	1
1.28514	1
1.28547	1
1.28581	1
1.28615	1
1.28649	1
1.28682	1
1.28716	1
1.2875	1
1.28784	1
1.28818	1
1.28851	1
1.28885	1
1.28919	1
1.28953	1
1.28986	1
1.2902	1
1.29054	1
1.29088	1
1.29122	1
1.29155	1
1.29189	1
1.29223	1
1.29257	1
1.29291	1
1.29324	1
1.29358	1
1.29392	1
1.29426	1
1.29459	1
1.29493	1
1.29527	1
1.29561	1
1.29595	1
1.29628	1
1.29662	1
1.29696	1
1.2973	1
1.29764	1
1.29797	1
1.29831	1
1.29865	1
1.29899	1
1.29932	1
1.29966	1
1.3	1
1.30034	1
1.30068	1
1.30101	1
1.30135	1
1.30169	1
1.30203	1
1.30236	1
1.3027	1
1.30304	1
1.30338	1
1.30372	1
1.30405	1
1.30439	1
1.30473	1
1.30507	1
1.30541	1
1.30574	1
1.30608	1
1.30642	1
1.30676	1
1.30709	1
1.30743	1
1.30777	1
1.30811	1
1.30845	1
1.30878	1
1.30912	1
1.30946	1
1.3098	1
1.31014	1
1.31047	1
1.31081	1
1.31115	1
1.31149	1
1.31182	1
1.31216	1
1.3125	1
1.31284	1
1.31318	1
1.31351	1
1.31385	1
1.31419	1
1.31453	1
1.31486	1
1.3152	1
1.31554	1
1.31588	1
1.31622	1
1.31655	1
1.31689	1
1.31723	1
1.31757	1
1.31791	1
1.31824	1
1.31858	1
1.31892	1
1.31926	1
1.31959	1
1.31993	1
1.32027	1
1.32061	1
1.32095	1
1.32128	1
1.32162	1
1.32196	1
1.3223	1
1.32264	1
1.32297	1
1.32331	1
1.32365	1
1.32399	1
1.32432	1
1.32466	1
1.325	1
1.32534	1
1.32568	1
1.32601	1
1.32635	1
1.32669	1
1.32703	1
1.32736	1
1.3277	1
1.32804	1
1.32838	1
1.32872	1
1.32905	1
1.32939	1
1.32973	1
1.33007	1
1.33041	1
1.33074	1
1.33108	1
1.33142	1
1.33176	1
1.33209	1
1.33243	1
1.33277	1
1.33311	1
1.33345	1
1.33378	1
1.33412	1
1.33446	1
1.3348	1
1.33514	1
1.33547	1
1.33581	1
1.33615	1
1.33649	1
1.33682	1
1.33716	1
1.3375	1
1.33784	1
1.33818	1
1.33851	1
1.33885	1
1.33919	1
1.33953	1
1.33986	1
1.3402	1
1.34054	1
1.34088	1
1.34122	1
1.34155	1
1.34189	1
1.34223	1
1.34257	1
1.34291	1
1.34324	1
1.34358	1
1.34392	1
1.34426	1
1.34459	1
1.34493	1
1.34527	1
1.34561	1
1.34595	1
1.34628	1
1.34662	1
1.34696	1
1.3473	1
1.34764	1
1.34797	1
1.34831	1
1.34865	1
1.34899	1
1.34932	1
1.34966	1
1.35	1
1.35034	1
1.35068	1
1.35101	1
1.35135	1
1.35169	1
1.35203	1
1.35236	1
1.3527	1
1.35304	1
1.35338	1
1.35372	1
1.35405	1
1.35439	1
1.35473	1
1.35507	1
1.35541	1
1.35574	1
1.35608	1
1.35642	1
1.35676	1
1.35709	1
1.35743	1
1.35777	1
1.35811	1
1.35845	1
1.35878	1
1.35912	1
1.35946	1
1.3598	1
1.36014	1
1.36047	1
1.36081	1
1.36115	1
1.36149	1
1.36182	1
1.36216	1
1.3625	1
1.36284	1
1.36318	1
1.36351	1
1.36385	1
1.36419	1
1.36453	1
1.36486	1
1.3652	1
1.36554	1
1.36588	1
1.36622	1
1.36655	1
1.36689	1
1.36723	1
1.36757	1
1.36791	1
1.36824	1
1.36858	1
1.36892	1
1.36926	1
1.36959	1
1.36993	1
1.37027	1
1.37061	1
1.37095	1
1.37128	1
1.37162	1
1.37196	1
1.3723	1
1.37264	1
1.37297	1
1.37331	1
1.37365	1
1.37399	1
1.37432	1
1.37466	1
1.375	1
1.37534	1
1.37568	1
1.37601	1
1.37635	1
1.37669	1
1.37703	1
1.37736	1
1.3777	1
1.37804	1
1.37838	1
1.37872	1
1.37905	1
1.37939	1
1.37973	1
1.38007	1
1.38041	1
1.38074	1
1.38108	1
1.38142	1
1.38176	1
1.38209	1
1.38243	1
1.38277	1
1.38311	1
1.38345	1
1.38378	1
1.38412	1
1.38446	1
1.3848	1
1.38514	1
1.38547	1
1.38581	1
1.38615	1
1.38649	1
1.38682	1
1.38716	1
1.3875	1
1.38784	1
1.38818	1
1.38851	1
1.38885	1
1.38919	1
1.38953	1
1.38986	1
1.3902	1
1.39054	1
1.39088	1
1.39122	1
1.39155	1
1.39189	1
1.39223	1
1.39257	1
1.39291	1
1.39324	1
1.39358	1
1.39392	1
1.39426	1
1.39459	1
1.39493	1
1.39527	1
1.39561	1
1.39595	1
1.39628	1
1.39662	1
1.39696	1
1.3973	1
1.39764	1
1.39797	1
1.39831	1
1.39865	1
1.39899	1
1.39932	1
1.39966	1
1.4	1
1.40034	1
1.40068	1
1.40101	1
1.40135	1
1.40169	1
1.40203	1
1.40236	1
1.4027	1
1.40304	1
1.40338	1
1.40372	1
1.40405	1
1.40439	1
1.40473	1
1.40507	1
1.40541	1
1.40574	1
1.40608	1
1.40642	1
1.40676	1
1.40709	1
1.40743	1
1.40777	1
1.40811	1
1.40845	1
1.40878	1
1.40912	1
1.40946	1
1.4098	1
1.41014	1
1.41047	1
1.41081	1
1.41115	1
1.41149	1
1.41182	1
1.41216	1
1.4125	1
1.41284	1
1.41318	1
1.41351	1
1.41385	1
1.41419	1
1.41453	1
1.41486	1
1.4152	1
1.41554	1
1.41588	1
1.41622	1
1.41655	1
1.41689	1
1.41723	1
1.41757	1
1.41791	1
1.41824	1
1.41858	1
1.41892	1
1.41926	1
1.41959	1
1.41993	1
1.42027	1
1.42061	1
1.42095	1
1.42128	1
1.42162	1
1.42196	1
1.4223	1
1.42264	1
1.42297	1
1.42331	1
1.42365	1
1.42399	1
1.42432	1
1.42466	1
1.425	1
1.42534	1
1.42568	1
1.42601	1
1.42635	1
1.42669	1
1.42703	1
1.42736	1
1.4277	1
1.42804	1
1.42838	1
1.42872	1
1.42905	1
1.42939	1
1.42973	1
1.43007	1
1.43041	1
1.43074	1
1.43108	1
1.43142	1
1.43176	1
1.43209	1
1.43243	1
1.43277	1
1.43311	1
1.43345	1
1.43378	1
1.43412	1
1.43446	1
1.4348	1
1.43514	1
1.43547	1
1.43581	1
1.43615	1
1.43649	1
1.43682	1
1.43716	1
1.4375	1
1.43784	1
1.43818	1
1.43851	1
1.43885	1
1.43919	1
1.43953	1
1.43986	1
1.4402	1
1.44054	1
1.44088	1
1.44122	1
1.44155	1
1.44189	1
1.44223	1
1.44257	1
1.44291	1
1.44324	1
1.44358	1
1.44392	1
1.44426	1
1.44459	1
1.44493	1
1.44527	1
1.44561	1
1.44595	1
1.44628	1
1.44662	1
1.44696	1
1.4473	1
1.44764	1
1.44797	1
1.44831	1
1.44865	1
1.44899	1
1.44932	1
1.44966	1
1.45	1
1.45034	1
1.45068	1
1.45101	1
1.45135	1
1.45169	1
1.45203	1
1.45236	1
1.4527	1
1.45304	1
1.45338	1
1.45372	1
1.45405	1
1.45439	1
1.45473	1
1.45507	1
1.45541	1
1.45574	1
1.45608	1
1.45642	1
1.45676	1
1.45709	1
1.45743	1
1.45777	1
1.45811	1
1.45845	1
1.45878	1
1.45912	1
1.45946	1
1.4598	1
1.46014	1
1.46047	1
1.46081	1
1.46115	1
1.46149	1
1.46182	1
1.46216	1
1.4625	1
1.46284	1
1.46318	1
1.46351	1
1.46385	1
1.46419	1
1.46453	1
1.46486	1
1.4652	1
1.46554	1
1.46588	1
1.46622	1
1.46655	1
1.46689	1
1.46723	1
1.46757	1
1.46791	1
1.46824	1
1.46858	1
1.46892	1
1.46926	1
1.46959	1
1.46993	1
1.47027	1
1.47061	1
1.47095	1
1.47128	1
1.47162	1
1.47196	1
1.4723	1
1.47264	1
1.47297	1
1.47331	1
1.47365	1
1.47399	1
1.47432	1
1.47466	1
1.475	1
1.47534	1
1.47568	1
1.47601	1
1.47635	1
1.47669	1
1.47703	1
1.47736	1
1.4777	1
1.47804	1
1.47838	1
1.47872	1
1.47905	1
1.47939	1
1.47973	1
1.48007	1
1.48041	1
1.48074	1
1.48108	1
1.48142	1
1.48176	1
1.48209	1
1.48243	1
1.48277	1
1.48311	1
1.48345	1
1.48378	1
1.48412	1
1.48446	1
1.4848	1
1.48514	1
1.48547	1
1.48581	1
1.48615	1
1.48649	1
1.48682	1
1.48716	1
1.4875	1
1.48784	1
1.48818	1
1.48851	1
1.48885	1
1.48919	1
1.48953	1
1.48986	1
1.4902	1
1.49054	1
1.49088	1
1.49122	1
1.49155	1
1.49189	1
1.49223	1
1.49257	1
1.49291	1
1.49324	1
1.49358	1
1.49392	1
1.49426	1
1.49459	1
1.49493	1
1.49527	1
1.49561	1
1.49595	1
1.49628	1
1.49662	1
1.49696	1
1.4973	1
1.49764	1
1.49797	1
1.49831	1
1.49865	1
1.49899	1
1.49932	1
1.49966	1
1.5	1
1.50034	1
1.50068	1
1.50101	1
1.50135	1
1.50169	1
1.50203	1
1.50236	1
1.5027	1
1.50304	1
1.50338	1
1.50372	1
1.50405	1
1.50439	1
1.50473	1
1.50507	1
1.50541	1
1.50574	1
1.50608	1
1.50642	1
1.50676	1
1.50709	1
1.50743	1
1.50777	1
1.50811	1
1.50845	1
1.50878	1
1.50912	1
1.50946	1
1.5098	1
1.51014	1
1.51047	1
1.51081	1
1.51115	1
1.51149	1
1.51182	1
1.51216	1
1.5125	1
1.51284	1
1.51318	1
1.51351	1
1.51385	1
1.51419	1
1.51453	1
1.51486	1
1.5152	1
1.51554	1
1.51588	1
1.51622	1
1.51655	1
1.51689	1
1.51723	1
1.51757	1
1.51791	1
1.51824	1
1.51858	1
1.51892	1
1.51926	1
1.51959	1
1.51993	1
1.52027	1
1.52061	1
1.52095	1
1.52128	1
1.52162	1
1.52196	1
1.5223	1
1.52264	1
1.52297	1
1.52331	1
1.52365	1
1.52399	1
1.52432	1
1.52466	1
1.525	1
1.52534	1
1.52568	1
1.52601	1
1.52635	1
1.52669	1
1.52703	1
1.52736	1
1.5277	1
1.52804	1
1.52838	1
1.52872	1
1.52905	1
1.52939	1
1.52973	1
1.53007	1
1.53041	1
1.53074	1
1.53108	1
1.53142	1
1.53176	1
1.53209	1
1.53243	1
1.53277	1
1.53311	1
1.53345	1
1.53378	1
1.53412	1
1.53446	1
1.5348	1
1.53514	1
1.53547	1
1.53581	1
1.53615	1
1.53649	1
1.53682	1
1.53716	1
1.5375	1
1.53784	1
1.53818	1
1.53851	1
1.53885	1
1.53919	1
1.53953	1
1.53986	1
1.5402	1
1.54054	1
1.54088	1
1.54122	1
1.54155	1
1.54189	1
1.54223	1
1.54257	1
1.54291	1
1.54324	1
1.54358	1
1.54392	1
1.54426	1
1.54459	1
1.54493	1
1.54527	1
1.54561	1
1.54595	1
1.54628	1
1.54662	1
1.54696	1
1.5473	1
1.54764	1
1.54797	1
1.54831	1
1.54865	1
1.54899	1
1.54932	1
1.54966	1
1.55	1
1.55034	1
1.55068	1
1.55101	1
1.55135	1
1.55169	1
1.55203	1
1.55236	1
1.5527	1
1.55304	1
1.55338	1
1.55372	1
1.55405	1
1.55439	1
1.55473	1
1.55507	1
1.55541	1
1.55574	1
1.55608	1
1.55642	1
1.55676	1
1.55709	1
1.55743	1
1.55777	1
1.55811	1
1.55845	1
1.55878	1
1.55912	1
1.55946	1
1.5598	1
1.56014	1
1.56047	1
1.56081	1
1.56115	1
1.56149	1
1.56182	1
1.56216	1
1.5625	1
1.56284	1
1.56318	1
1.56351	1
1.56385	1
1.56419	1
1.56453	1
1.56486	1
1.5652	1
1.56554	1
1.56588	1
1.56622	1
1.56655	1
1.56689	1
1.56723	1
1.56757	1
1.56791	1
1.56824	1
1.56858	1
1.56892	1
1.56926	1
1.56959	1
1.56993	1
1.57027	1
1.57061	1
1.57095	1
1.57128	1
1.57162	1
1.57196	1
1.5723	1
1.57264	1
1.57297	1
1.57331	1
1.57365	1
1.57399	1
1.57432	1
1.57466	1
1.575	1
1.57534	1
1.57568	1
1.57601	1
1.57635	1
1.57669	1
1.57703	1
1.57736	1
1.5777	1
1.57804	1
1.57838	1
1.57872	1
1.57905	1
1.57939	1
1.57973	1
1.58007	1
1.58041	1
1.58074	1
1.58108	1
1.58142	1
1.58176	1
1.58209	1
1.58243	1
1.58277	1
1.58311	1
1.58345	1
1.58378	1
1.58412	1
1.58446	1
1.5848	1
1.58514	1
1.58547	1
1.58581	1
1.58615	1
1.58649	1
1.58682	1
1.58716	1
1.5875	1
1.58784	1
1.58818	1
1.58851	1
1.58885	1
1.58919	1
1.58953	1
1.58986	1
1.5902	1
1.59054	1
1.59088	1
1.59122	1
1.59155	1
1.59189	1
1.59223	1
1.59257	1
1.59291	1
1.59324	1
1.59358	1
1.59392	1
1.59426	1
1.59459	1
1.59493	1
1.59527	1
1.59561	1
1.59595	1
1.59628	1
1.59662	1
1.59696	1
1.5973	1
1.59764	1
1.59797	1
1.59831	1
1.59865	1
1.59899	1
1.59932	1
1.59966	1
1.6	1
1.60034	1
1.60068	1
1.60101	1
1.60135	1
1.60169	1
1.60203	1
1.60236	1
1.6027	1
1.60304	1
1.60338	1
1.60372	1
1.60405	1
1.60439	1
1.60473	1
1.60507	1
1.60541	1
1.60574	1
1.60608	1
1.60642	1
1.60676	1
1.60709	1
1.60743	1
1.60777	1
1.60811	1
1.60845	1
1.60878	1
1.60912	1
1.60946	1
1.6098	1
1.61014	1
1.61047	1
1.61081	1
1.61115	1
1.61149	1
1.61182	1
1.61216	1
1.6125	1
1.61284	1
1.61318	1
1.61351	1
1.61385	1
1.61419	1
1.61453	1
1.61486	1
1.6152	1
1.61554	1
1.61588	1
1.61622	1
1.61655	1
1.61689	1
1.61723	1
1.61757	1
1.61791	1
1.61824	1
1.61858	1
1.61892	1
1.61926	1
1.61959	1
1.61993	1
1.62027	1
1.62061	1
1.62095	1
1.62128	1
1.62162	1
1.62196	1
1.6223	1
1.62264	1
1.62297	1
1.62331	1
1.62365	1
1.62399	1
1.62432	1
1.62466	1
1.625	1
1.62534	1
1.62568	1
1.62601	1
1.62635	1
1.62669	1
1.62703	1
1.62736	1
1.6277	1
1.62804	1
1.62838	1
1.62872	1
1.62905	1
1.62939	1
1.62973	1
1.63007	1
1.63041	1
1.63074	1
1.63108	1
1.63142	1
1.63176	1
1.63209	1
1.63243	1
1.63277	1
1.63311	1
1.63345	1
1.63378	1
1.63412	1
1.63446	1
1.6348	1
1.63514	1
1.63547	1
1.63581	1
1.63615	1
1.63649	1
1.63682	1
1.63716	1
1.6375	1
1.63784	1
1.63818	1
1.63851	1
1.63885	1
1.63919	1
1.63953	1
1.63986	1
1.6402	1
1.64054	1
1.64088	1
1.64122	1
1.64155	1
1.64189	1
1.64223	1
1.64257	1
1.64291	1
1.64324	1
1.64358	1
1.64392	1
1.64426	1
1.64459	1
1.64493	1
1.64527	1
1.64561	1
1.64595	1
1.64628	1
1.64662	1
1.64696	1
1.6473	1
1.64764	1
1.64797	1
1.64831	1
1.64865	1
1.64899	1
1.64932	1
1.64966	1
1.65	1
1.65034	1
1.65068	1
1.65101	1
1.65135	1
1.65169	1
1.65203	1
1.65236	1
1.6527	1
1.65304	1
1.65338	1
1.65372	1
1.65405	1
1.65439	1
1.65473	1
1.65507	1
1.65541	1
1.65574	1
1.65608	1
1.65642	1
1.65676	1
1.65709	1
1.65743	1
1.65777	1
1.65811	1
1.65845	1
1.65878	1
1.65912	1
1.65946	1
1.6598	1
1.66014	1
1.66047	1
1.66081	1
1.66115	1
1.66149	1
1.66182	1
1.66216	1
1.6625	1
1.66284	1
1.66318	1
1.66351	1
1.66385	1
1.66419	1
1.66453	1
1.66486	1
1.6652	1
1.66554	1
1.66588	1
1.66622	1
1.66655	1
1.66689	1
1.66723	1
1.66757	1
1.66791	1
1.66824	1
1.66858	1
1.66892	1
1.66926	1
1.66959	1
1.66993	1
1.67027	1
1.67061	1
1.67095	1
1.67128	1
1.67162	1
1.67196	1
1.6723	1
1.67264	1
1.67297	1
1.67331	1
1.67365	1
1.67399	1
1.67432	1
1.67466	1
1.675	1
1.67534	1
1.67568	1
1.67601	1
1.67635	1
1.67669	1
1.67703	1
1.67736	1
1.6777	1
1.67804	1
1.67838	1
1.67872	1
1.67905	1
1.67939	1
1.67973	1
1.68007	1
1.68041	1
1.68074	1
1.68108	1
1.68142	1
1.68176	1
1.68209	1
1.68243	1
1.68277	1
1.68311	1
1.68345	1
1.68378	1
1.68412	1
1.68446	1
1.6848	1
1.68514	1
1.68547	1
1.68581	1
1.68615	1
1.68649	1
1.68682	1
1.68716	1
1.6875	1
1.68784	1
1.68818	1
1.68851	1
1.68885	1
1.68919	1
1.68953	1
1.68986	1
1.6902	1
1.69054	1
1.69088	1
1.69122	1
1.69155	1
1.69189	1
1.69223	1
1.69257	1
1.69291	1
1.69324	1
1.69358	1
1.69392	1
1.69426	1
1.69459	1
1.69493	1
1.69527	1
1.69561	1
1.69595	1
1.69628	1
1.69662	1
1.69696	1
1.6973	1
1.69764	1
1.69797	1
1.69831	1
1.69865	1
1.69899	1
1.69932	1
1.69966	1
1.7	1
1.70034	1
1.70068	1
1.70101	1
1.70135	1
1.70169	1
1.70203	1
1.70236	1
1.7027	1
1.70304	1
1.70338	1
1.70372	1
1.70405	1
1.70439	1
1.70473	1
1.70507	1
1.70541	1
1.70574	1
1.70608	1
1.70642	1
1.70676	1
1.70709	1
1.70743	1
1.70777	1
1.70811	1
1.70845	1
1.70878	1
1.70912	1
1.70946	1
1.7098	1
1.71014	1
1.71047	1
1.71081	1
1.71115	1
1.71149	1
1.71182	1
1.71216	1
1.7125	1
1.71284	1
1.71318	1
1.71351	1
1.71385	1
1.71419	1
1.71453	1
1.71486	1
1.7152	1
1.71554	1
1.71588	1
1.71622	1
1.71655	1
1.71689	1
1.71723	1
1.71757	1
1.71791	1
1.71824	1
1.71858	1
1.71892	1
1.71926	1
1.71959	1
1.71993	1
1.72027	1
1.72061	1
1.72095	1
1.72128	1
1.72162	1
1.72196	1
1.7223	1
1.72264	1
1.72297	1
1.72331	1
1.72365	1
1.72399	1
1.72432	1
1.72466	1
1.725	1
1.72534	1
1.72568	1
1.72601	1
1.72635	1
1.72669	1
1.72703	1
1.72736	1
1.7277	1
1.72804	1
1.72838	1
1.72872	1
1.72905	1
1.72939	1
1.72973	1
1.73007	1
1.73041	1
1.73074	1
1.73108	1
1.73142	1
1.73176	1
1.73209	1
1.73243	1
1.73277	1
1.73311	1
1.73345	1
1.73378	1
1.73412	1
1.73446	1
1.7348	1
1.73514	1
1.73547	1
1.73581	1
1.73615	1
1.73649	1
1.73682	1
1.73716	1
1.7375	1
1.73784	1
1.73818	1
1.73851	1
1.73885	1
1.73919	1
1.73953	1
1.73986	1
1.7402	1
1.74054	1
1.74088	1
1.74122	1
1.74155	1
1.74189	1
1.74223	1
1.74257	1
1.74291	1
1.74324	1
1.74358	1
1.74392	1
1.74426	1
1.74459	1
1.74493	1
1.74527	1
1.74561	1
1.74595	1
1.74628	1
1.74662	1
1.74696	1
1.7473	1
1.74764	1
1.74797	1
1.74831	1
1.74865	1
1.74899	1
1.74932	1
1.74966	1
1.75	1
1.75034	1
1.75068	1
1.75101	1
1.75135	1
1.75169	1
1.75203	1
1.75236	1
1.7527	1
1.75304	1
1.75338	1
1.75372	1
1.75405	1
1.75439	1
1.75473	1
1.75507	1
1.75541	1
1.75574	1
1.75608	1
1.75642	1
1.75676	1
1.75709	1
1.75743	1
1.75777	1
1.75811	1
1.75845	1
1.75878	1
1.75912	1
1.75946	1
1.7598	1
1.76014	1
1.76047	1
1.76081	1
1.76115	1
1.76149	1
1.76182	1
1.76216	1
1.7625	1
1.76284	1
1.76318	1
1.76351	1
1.76385	1
1.76419	1
1.76453	1
1.76486	1
1.7652	1
1.76554	1
1.76588	1
1.76622	1
1.76655	1
1.76689	1
1.76723	1
1.76757	1
1.76791	1
1.76824	1
1.76858	1
1.76892	1
1.76926	1
1.76959	1
1.76993	1
1.77027	1
1.77061	1
1.77095	1
1.77128	1
1.77162	1
1.77196	1
1.7723	1
1.77264	1
1.77297	1
1.77331	1
1.77365	1
1.77399	1
1.77432	1
1.77466	1
1.775	1
1.77534	1
1.77568	1
1.77601	1
1.77635	1
1.77669	1
1.77703	1
1.77736	1
1.7777	1
1.77804	1
1.77838	1
1.77872	1
1.77905	1
1.77939	1
1.77973	1
1.78007	1
1.78041	1
1.78074	1
1.78108	1
1.78142	1
1.78176	1
1.78209	1
1.78243	1
1.78277	1
1.78311	1
1.78345	1
1.78378	1
1.78412	1
1.78446	1
1.7848	1
1.78514	1
1.78547	1
1.78581	1
1.78615	1
1.78649	1
1.78682	1
1.78716	1
1.7875	1
1.78784	1
1.78818	1
1.78851	1
1.78885	1
1.78919	1
1.78953	1
1.78986	1
1.7902	1
1.79054	1
1.79088	1
1.79122	1
1.79155	1
1.79189	1
1.79223	1
1.79257	1
1.79291	1
1.79324	1
1.79358	1
1.79392	1
1.79426	1
1.79459	1
1.79493	1
1.79527	1
1.79561	1
1.79595	1
1.79628	1
1.79662	1
1.79696	1
1.7973	1
1.79764	1
1.79797	1
1.79831	1
1.79865	1
1.79899	1
1.79932	1
1.79966	1
1.8	1
1.80034	1
1.80068	1
1.80101	1
1.80135	1
1.80169	1
1.80203	1
1.80236	1
1.8027	1
1.80304	1
1.80338	1
1.80372	1
1.80405	1
1.80439	1
1.80473	1
1.80507	1
1.80541	1
1.80574	1
1.80608	1
1.80642	1
1.80676	1
1.80709	1
1.80743	1
1.80777	1
1.80811	1
1.80845	1
1.80878	1
1.80912	1
1.80946	1
1.8098	1
1.81014	1
1.81047	1
1.81081	1
1.81115	1
1.81149	1
1.81182	1
1.81216	1
1.8125	1
1.81284	1
1.81318	1
1.81351	1
1.81385	1
1.81419	1
1.81453	1
1.81486	1
1.8152	1
1.81554	1
1.81588	1
1.81622	1
1.81655	1
1.81689	1
1.81723	1
1.81757	1
1.81791	1
1.81824	1
1.81858	1
1.81892	1
1.81926	1
1.81959	1
1.81993	1
1.82027	1
1.82061	1
1.82095	1
1.82128	1
1.82162	1
1.82196	1
1.8223	1
1.82264	1
1.82297	1
1.82331	1
1.82365	1
1.82399	1
1.82432	1
1.82466	1
1.825	1
1.82534	1
1.82568	1
1.82601	1
1.82635	1
1.82669	1
1.82703	1
1.82736	1
1.8277	1
1.82804	1
1.82838	1
1.82872	1
1.82905	1
1.82939	1
1.82973	1
1.83007	1
1.83041	1
1.83074	1
1.83108	1
1.83142	1
1.83176	1
1.83209	1
1.83243	1
1.83277	1
1.83311	1
1.83345	1
1.83378	1
1.83412	1
1.83446	1
1.8348	1
1.83514	1
1.83547	1
1.83581	1
1.83615	1
1.83649	1
1.83682	1
1.83716	1
1.8375	1
1.83784	1
1.83818	1
1.83851	1
1.83885	1
1.83919	1
1.83953	1
1.83986	1
1.8402	1
1.84054	1
1.84088	1
1.84122	1
1.84155	1
1.84189	1
1.84223	1
1.84257	1
1.84291	1
1.84324	1
1.84358	1
1.84392	1
1.84426	1
1.84459	1
1.84493	1
1.84527	1
1.84561	1
1.84595	1
1.84628	1
1.84662	1
1.84696	1
1.8473	1
1.84764	1
1.84797	1
1.84831	1
1.84865	1
1.84899	1
1.84932	1
1.84966	1
1.85	1
1.85034	1
1.85068	1
1.85101	1
1.85135	1
1.85169	1
1.85203	1
1.85236	1
1.8527	1
1.85304	1
1.85338	1
1.85372	1
1.85405	1
1.85439	1
1.85473	1
1.85507	1
1.85541	1
1.85574	1
1.85608	1
1.85642	1
1.85676	1
1.85709	1
1.85743	1
1.85777	1
1.85811	1
1.85845	1
1.85878	1
1.85912	1
1.85946	1
1.8598	1
1.86014	1
1.86047	1
1.86081	1
1.86115	1
1.86149	1
1.86182	1
1.86216	1
1.8625	1
1.86284	1
1.86318	1
1.86351	1
1.86385	1
1.86419	1
1.86453	1
1.86486	1
1.8652	1
1.86554	1
1.86588	1
1.86622	1
1.86655	1
1.86689	1
1.86723	1
1.86757	1
1.86791	1
1.86824	1
1.86858	1
1.86892	1
1.86926	1
1.86959	1
1.86993	1
1.87027	1
1.87061	1
1.87095	1
1.87128	1
1.87162	1
1.87196	1
1.8723	1
1.87264	1
1.87297	1
1.87331	1
1.87365	1
1.87399	1
1.87432	1
1.87466	1
1.875	1
1.87534	1
1.87568	1
1.87601	1
1.87635	1
1.87669	1
1.87703	1
1.87736	1
1.8777	1
1.87804	1
1.87838	1
1.87872	1
1.87905	1
1.87939	1
1.87973	1
1.88007	1
1.88041	1
1.88074	1
1.88108	1
1.88142	1
1.88176	1
1.88209	1
1.88243	1
1.88277	1
1.88311	1
1.88345	1
1.88378	1
1.88412	1
1.88446	1
1.8848	1
1.88514	1
1.88547	1
1.88581	1
1.88615	1
1.88649	1
1.88682	1
1.88716	1
1.8875	1
1.88784	1
1.88818	1
1.88851	1
1.88885	1
1.88919	1
1.88953	1
1.88986	1
1.8902	1
1.89054	1
1.89088	1
1.89122	1
1.89155	1
1.89189	1
1.89223	1
1.89257	1
1.89291	1
1.89324	1
1.89358	1
1.89392	1
1.89426	1
1.89459	1
1.89493	1
1.89527	1
1.89561	1
1.89595	1
1.89628	1
1.89662	1
1.89696	1
1.8973	1
1.89764	1
1.89797	1
1.89831	1
1.89865	1
1.89899	1
1.89932	1
1.89966	1
1.9	1
1.90034	1
1.90068	1
1.90101	1
1.90135	1
1.90169	1
1.90203	1
1.90236	1
1.9027	1
1.90304	1
1.90338	1
1.90372	1
1.90405	1
1.90439	1
1.90473	1
1.90507	1
1.90541	1
1.90574	1
1.90608	1
1.90642	1
1.90676	1
1.90709	1
1.90743	1
1.90777	1
1.90811	1
1.90845	1
1.90878	1
1.90912	1
1.90946	1
1.9098	1
1.91014	1
1.91047	1
1.91081	1
1.91115	1
1.91149	1
1.91182	1
1.91216	1
1.9125	1
1.91284	1
1.91318	1
1.91351	1
1.91385	1
1.91419	1
1.91453	1
1.91486	1
1.9152	1
1.91554	1
1.91588	1
1.91622	1
1.91655	1
1.91689	1
1.91723	1
1.91757	1
1.91791	1
1.91824	1
1.91858	1
1.91892	1
1.91926	1
1.91959	1
1.91993	1
1.92027	1
1.92061	1
1.92095	1
1.92128	1
1.92162	1
1.92196	1
1.9223	1
1.92264	1
1.92297	1
1.92331	1
1.92365	1
1.92399	1
1.92432	1
1.92466	1
1.925	1
1.92534	1
1.92568	1
1.92601	1
1.92635	1
1.92669	1
1.92703	1
1.92736	1
1.9277	1
1.92804	1
1.92838	1
1.92872	1
1.92905	1
1.92939	1
1.92973	1
1.93007	1
1.93041	1
1.93074	1
1.93108	1
1.93142	1
1.93176	1
1.93209	1
1.93243	1
1.93277	1
1.93311	1
1.93345	1
1.93378	1
1.93412	1
1.93446	1
1.9348	1
1.93514	1
1.93547	1
1.93581	1
1.93615	1
1.93649	1
1.93682	1
1.93716	1
1.9375	1
1.93784	1
1.93818	1
1.93851	1
1.93885	1
1.93919	1
1.93953	1
1.93986	1
1.9402	1
1.94054	1
1.94088	1
1.94122	1
1.94155	1
1.94189	1
1.94223	1
1.94257	1
1.94291	1
1.94324	1
1.94358	1
1.94392	1
1.94426	1
1.94459	1
1.94493	1
1.94527	1
1.94561	1
1.94595	1
1.94628	1
1.94662	1
1.94696	1
1.9473	1
1.94764	1
1.94797	1
1.94831	1
1.94865	1
1.94899	1
1.94932	1
1.94966	1
1.95	1
1.95034	1
1.95068	1
1.95101	1
1.95135	1
1.95169	1
1.95203	1
1.95236	1
1.9527	1
1.95304	1
1.95338	1
1.95372	1
1.95405	1
1.95439	1
1.95473	1
1.95507	1
1.95541	1
1.95574	1
1.95608	1
1.95642	1
1.95676	1
1.95709	1
1.95743	1
1.95777	1
1.95811	1
1.95845	1
1.95878	1
1.95912	1
1.95946	1
1.9598	1
1.96014	1
1.96047	1
1.96081	1
1.96115	1
1.96149	1
1.96182	1
1.96216	1
1.9625	1
1.96284	1
1.96318	1
1.96351	1
1.96385	1
1.96419	1
1.96453	1
1.96486	1
1.9652	1
1.96554	1
1.96588	1
1.96622	1
1.96655	1
1.96689	1
1.96723	1
1.96757	1
1.96791	1
1.96824	1
1.96858	1
1.96892	1
1.96926	1
1.96959	1
1.96993	1
1.97027	1
1.97061	1
1.97095	1
1.97128	1
1.97162	1
1.97196	1
1.9723	1
1.97264	1
1.97297	1
1.97331	1
1.97365	1
1.97399	1
1.97432	1
1.97466	1
1.975	1
1.97534	1
1.97568	1
1.97601	1
1.97635	1
1.97669	1
1.97703	1
1.97736	1
1.9777	1
1.97804	1
1.97838	1
1.97872	1
1.97905	1
1.97939	1
1.97973	1
1.98007	1
1.98041	1
1.98074	1
1.98108	1
1.98142	1
1.98176	1
1.98209	1
1.98243	1
1.98277	1
1.98311	1
1.98345	1
1.98378	1
1.98412	1
1.98446	1
1.9848	1
1.98514	1
1.98547	1
1.98581	1
1.98615	1
1.98649	1
1.98682	1
1.98716	1
1.9875	1
1.98784	1
1.98818	1
1.98851	1
1.98885	1
1.98919	1
1.98953	1
1.98986	1
1.9902	1
1.99054	1
1.99088	1
1.99122	1
1.99155	1
1.99189	1
1.99223	1
1.99257	1
1.99291	1
1.99324	1
1.99358	1
1.99392	1
1.99426	1
1.99459	1
1.99493	1
1.99527	1
1.99561	1
1.99595	1
1.99628	1
1.99662	1
1.99696	1
1.9973	1
1.99764	1
1.99797	1
1.99831	1
1.99865	1
1.99899	1
1.99932	1
1.99966	1
2	1
