0.000274725	3
0.000547199	3
0.000820421	3
0.00109746	3
0.00137843	3
0.00166264	3
0.00194934	3
0.00223858	3
0.0025304	3
0.00282487	3
0.00312114	3
0.00341923	3
0.00371824	3
0.00401912	3
0.00432095	3
0.00462469	3
0.0049294	3
0.00523509	3
0.00554277	3
0.00585146	3
0.00616116	3
0.00647086	3
0.00678158	3
0.00709231	3
0.00740408	3
0.00771585	3
0.00802762	3
0.00833939	3
0.00865223	3
0.00896506	3
0.0092779	2
0.00959073	2
0.00990357	2
0.0102164	2
0.0105292	2
0.0108421	2
0.0111549	2
0.0114677	2
0.0117806	2
0.0120934	2
0.0124062	2
0.0127191	2
0.0130319	2
0.0133448	2
0.0136576	2
0.0139716	2
0.0142855	2
0.0145995	2
0.0149135	2
0.0152274	2
0.0155414	2
0.0158554	2
0.0161694	2
0.0164833	2
0.0167973	2
0.0171113	2
0.0174253	2
0.0177392	2
0.0180532	2
0.0183684	2
0.0186836	2
0.0189987	2
0.0193139	2
0.0196291	2
0.0199443	2
0.0202595	2
0.0205746	2
0.0208898	2
0.021205	2
0.0215214	2
0.0218379	2
0.0221543	2
0.0224708	2
0.0227872	2
0.0231037	2
0.0234201	2
0.0237366	2
0.024053	2
0.0243708	2
0.0246886	2
0.0250063	2
0.0253241	2
0.0256419	2
0.0259596	2
0.0262774	2
0.0265952	2
0.0269129	2
0.0272321	2
0.0275513	2
0.0278704	2
0.0281896	2
0.0285087	2
0.0288279	2
0.029147	2
0.0294662	2
0.0297868	2
0.0301074	2
0.030428	2
0.0307486	2
0.0310692	2
0.0313898	2
0.0317105	2
0.0320311	2
0.0323532	2
0.0326753	2
0.0329974	2
0.0333196	2
0.0336417	2
0.0339638	2
0.0342875	2
0.0346112	2
0.034935	2
0.0352587	2
0.0355824	2
0.0359061	2
0.0362314	2
0.0365568	2
0.0368821	2
0.0372075	2
0.0375345	2
0.0378616	2
0.0381886	2
0.0385156	2
0.0388444	2
0.0391732	2
0.039502	2
0.0398326	2
0.0401632	2
0.0404938	2
0.0408244	2
0.0411568	2
0.0414893	2
0.0418217	2
0.0421561	2
0.0424904	2
0.0428248	2
0.0431611	2
0.0434975	2
0.0438358	2
0.0441741	2
0.0445125	2
0.0448508	2
0.0451891	2
0.0455275	2
0.0458658	2
0.0462042	2
0.0465425	2
0.0468808	2
0.0472192	2
0.0475575	2
0.0478959	2
0.0482342	2
0.0485725	2
0.0489109	2
0.0492492	2
0.0495875	2
0.0499259	2
0.0502642	2
0.0506026	2
0.0509409	2
0.0512792	2
0.0516176	2
0.0519559	2
0.0522943	2
0.0526326	2
0.0529709	2
0.0533093	2
0.0536476	2
0.053986	2
0.0543243	2
0.0546626	2
0.055001	2
0.0553393	2
0.0556776	2
0.056016	2
0.0563543	2
0.0566927	2
0.057031	2
0.0573693	2
0.0577077	2
0.058046	2
0.0583844	2
0.0587227	2
0.059061	2
0.0593994	2
0.0597377	2
0.060076	2
0.0604144	2
0.0607527	2
0.0610911	2
0.0614294	2
0.0617677	2
0.0621061	2
0.0624444	2
0.0627828	2
0.0631211	2
0.0634594	2
0.0637978	2
0.0641361	2
0.0644744	2
0.0648128	2
0.0651511	2
0.0654895	2
0.0658278	2
0.0661661	2
0.0665045	2
0.0668428	2
0.0671812	2
0.0675195	2
0.0678578	2
0.0681962	2
0.0685345	2
0.0688728	2
0.0692112	2
0.0695495	2
0.0698879	2
0.0702262	2
0.0705645	2
0.0709029	2
0.0712412	2
0.0715796	2
0.0719179	2
0.0722562	2
0.0725946	2
0.0729329	2
0.0732713	2
0.0736096	2
0.0739479	2
0.0742863	2
0.0746246	2
0.0749629	2
0.0753013	2
0.0756396	2
0.075978	2
0.0763163	2
0.0766546	2
0.076993	2
0.0773313	2
0.0776697	2
0.078008	2
0.0783463	2
0.0786847	2
0.079023	2
0.0793613	2
0.0796997	2
0.080038	2
0.0803764	2
0.0807147	2
0.081053	2
0.0813914	2
0.0817297	2
0.0820681	2
0.0824064	2
0.0827447	2
0.0830831	2
0.0834214	2
0.0837597	2
0.0840981	2
0.0844364	2
0.0847748	2
0.0851131	2
0.0854514	2
0.0857898	2
0.0861281	2
0.0864665	2
0.0868048	2
0.0871431	2
0.0874815	2
0.0878198	2
0.0881581	2
0.0884965	2
0.0888348	2
0.0891732	2
0.0895115	2
0.0898498	2
0.0901882	2
0.0905265	2
0.0908649	2
0.0912032	2
0.0915415	2
0.0918799	2
0.0922182	2
0.0925566	2
0.0928949	2
0.0932332	2
0.0935716	2
0.0939099	2
0.0942482	2
0.0945866	2
0.0949249	2
0.0952633	2
0.0956016	2
0.0959399	2
0.0962783	2
0.0966166	2
0.096955	2
0.0972933	2
0.0976316	2
0.09797	2
0.0983083	2
0.0986466	2
0.098985	2
0.0993233	2
0.0996617	2
0.1	2
0.100338	2
0.100676	2
0.101014	2
0.101351	2
0.101689	2
0.102027	2
0.102365	2
0.102703	2
0.103041	2
0.103378	2
0.103716	2
0.104054	2
0.104392	2
0.10473	2
0.105068	2
0.105405	2
0.105743	2
0.106081	2
0.106419	2
0.106757	2
0.107095	2
0.107432	2
0.10777	2
0.108108	2
0.108446	2
0.108784	2
0.109122	2
0.109459	2
0.109797	2
0.110135	2
0.110473	2
0.110811	2
0.111149	2
0.111486	2
0.111824	2
0.112162	2
0.1125	2
0.112838	2
0.113176	2
0.113514	2
0.113851	2
0.114189	2
0.114527	2
0.114865	2
0.115203	2
0.115541	2
0.115878	2
0.116216	2
0.116554	2
0.116892	2
0.11723	2
0.117568	2
0.117905	2
0.118243	2
0.118581	2
0.118919	2
0.119257	2
0.119595	2
0.119932	2
0.12027	2
0.120608	2
0.120946	2
0.121284	2
0.121622	2
0.121959	2
0.122297	2
0.122635	2
0.122973	2
0.123311	2
0.123649	2
0.123986	2
0.124324	2
0.124662	2
0.125	2
0.125338	2
0.125676	2
0.126014	2
0.126351	2
0.126689	2
0.127027	2
0.127365	2
0.127703	2
0.128041	2
0.128378	2
0.128716	2
0.129054	2
0.129392	2
0.12973	2
0.130068	2
0.130405	2
0.130743	2
0.131081	2
0.131419	2
0.131757	2
0.132095	2
0.132432	2
0.13277	2
0.133108	2
0.133446	2
0.133784	2
0.134122	2
0.134459	2
0.134797	2
0.135135	2
0.135473	2
0.135811	2
0.136149	2
0.136486	2
0.136824	2
0.137162	2
0.1375	2
0.137838	2
0.138176	2
0.138514	2
0.138851	2
0.139189	2
0.139527	2
0.139865	2
0.140203	2
0.140541	2
0.140878	2
0.141216	2
0.141554	2
0.141892	2
0.14223	2
0.142568	2
0.142905	2
0.143243	2
0.143581	2
0.143919	2
0.144257	2
0.144595	2
0.144932	2
0.14527	2
0.145608	2
0.145946	2
0.146284	2
0.146622	2
0.146959	2
0.147297	2
0.147635	2
0.147973	2
0.148311	2
0.148649	2
0.148986	2
0.149324	2
0.149662	2
0.15	2
0.150338	2
0.150676	2
0.151014	2
0.151351	2
0.151689	2
0.152027	2
0.152365	2
0.152703	2
0.153041	2
0.153378	2
0.153716	2
0.154054	2
0.154392	2
0.15473	2
0.155068	2
0.155405	2
0.155743	2
0.156081	2
0.156419	2
0.156757	2
0.157095	2
0.157432	2
0.15777	2
0.158108	2
0.158446	2
0.158784	2
0.159122	2
0.159459	2
0.159797	2
0.160135	2
0.160473	2
0.160811	2
0.161149	2
0.161486	2
0.161824	2
0.162162	2
0.1625	2
0.162838	2
0.163176	2
0.163514	2
0.163851	2
0.164189	2
0.164527	2
0.164865	2
0.165203	2
0.165541	2
0.165878	2
0.166216	2
0.166554	2
0.166892	2
0.16723	2
0.167568	2
0.167905	2
0.168243	2
0.168581	2
0.168919	2
0.169257	2
0.169595	2
0.169932	2
0.17027	2
0.170608	2
0.170946	2
0.171284	2
0.171622	2
0.171959	2
0.172297	2
0.172635	2
0.172973	2
0.173311	2
0.173649	2
0.173986	2
0.174324	2
0.174662	2
0.175	2
0.175338	2
0.175676	2
0.176014	2
0.176351	2
0.176689	2
0.177027	2
0.177365	2
0.177703	2
0.178041	2
0.178378	2
0.178716	2
0.179054	2
0.179392	2
0.17973	2
0.180068	2
0.180405	2
0.180743	2
0.181081	2
0.181419	2
0.181757	2
0.182095	2
0.182432	2
0.18277	2
0.183108	2
0.183446	2
0.183784	2
0.184122	2
0.184459	2
0.184797	2
0.185135	2
0.185473	2
0.185811	2
0.186149	2
0.186486	2
0.186824	2
0.187162	2
0.1875	2
0.187838	2
0.188176	2
0.188514	2
0.188851	2
0.189189	2
0.189527	2
0.189865	2
0.190203	2
0.190541	2
0.190878	2
0.191216	2
0.191554	2
0.191892	2
0.19223	2
0.192568	2
0.192905	2
0.193243	2
0.193581	2
0.193919	2
0.194257	2
0.194595	2
0.194932	2
0.19527	2
0.195608	2
0.195946	2
0.196284	2
0.196622	2
0.196959	2
0.197297	2
0.197635	2
0.197973	2
0.198311	2
0.198649	2
0.198986	2
0.199324	2
0.199662	2
0.2	2
0.200338	2
0.200676	2
0.201014	2
0.201351	2
0.201689	2
0.202027	2
0.202365	2
0.202703	2
0.203041	2
0.203378	2
0.203716	2
0.204054	2
0.204392	2
0.20473	2
0.205068	2
0.205405	2
0.205743	2
0.206081	2
0.206419	2
0.206757	2
0.207095	2
0.207432	2
0.20777	2
0.208108	2
0.208446	2
0.208784	2
0.209122	2
0.209459	2
0.209797	2
0.210135	2
0.210473	2
0.210811	2
0.211149	2
0.211486	2
0.211824	2
0.212162	2
0.2125	2
0.212838	2
0.213176	2
0.213514	2
0.213851	2
0.214189	2
0.214527	2
0.214865	2
0.215203	2
0.215541	2
0.215878	2
0.216216	2
0.216554	2
0.216892	2
0.21723	2
0.217568	2
0.217905	2
0.218243	2
0.218581	2
0.218919	2
0.219257	2
0.219595	2
0.219932	2
0.22027	2
0.220608	2
0.220946	2
0.221284	2
0.221622	2
0.221959	2
0.222297	2
0.222635	2
0.222973	2
0.223311	2
0.223649	2
0.223986	2
0.224324	2
0.224662	2
0.225	2
0.225338	2
0.225676	2
0.226014	2
0.226351	2
0.226689	2
0.227027	2
0.227365	2
0.227703	2
0.228041	2
0.228378	2
0.228716	2
0.229054	2
0.229392	2
0.22973	2
0.230068	2
0.230405	2
0.230743	2
0.231081	2
0.231419	2
0.231757	2
0.232095	2
0.232432	2
0.23277	2
0.233108	2
0.233446	2
0.233784	2
0.234122	2
0.234459	2
0.234797	2
0.235135	2
0.235473	2
0.235811	2
0.236149	2
0.236486	2
0.236824	2
0.237162	2
0.2375	2
0.237838	2
0.238176	2
0.238514	2
0.238851	2
0.239189	2
0.239527	2
0.239865	2
0.240203	2
0.240541	2
0.240878	2
0.241216	2
0.241554	2
0.241892	2
0.24223	2
0.242568	2
0.242905	2
0.243243	2
0.243581	2
0.243919	2
0.244257	2
0.244595	2
0.244932	2
0.24527	2
0.245608	2
0.245946	2
0.246284	2
0.246622	2
0.246959	2
0.247297	2
0.247635	2
0.247973	2
0.248311	2
0.248649	2
0.248986	2
0.249324	2
0.249662	2
0.25	2
0.250338	2
0.250676	2
0.251014	2
0.251351	2
0.251689	2
0.252027	2
0.252365	2
0.252703	2
0.253041	2
0.253378	2
0.253716	2
0.254054	2
0.254392	2
0.25473	2
0.255068	2
0.255405	2
0.255743	2
0.256081	2
0.256419	2
0.256757	2
0.257095	2
0.257432	2
0.25777	2
0.258108	2
0.258446	2
0.258784	2
0.259122	2
0.259459	2
0.259797	2
0.260135	2
0.260473	2
0.260811	2
0.261149	2
0.261486	2
0.261824	2
0.262162	2
0.2625	2
0.262838	2
0.263176	2
0.263514	2
0.263851	2
0.264189	2
0.264527	2
0.264865	2
0.265203	2
0.265541	2
0.265878	2
0.266216	2
0.266554	2
0.266892	2
0.26723	2
0.267568	2
0.267905	2
0.268243	2
0.268581	2
0.268919	2
0.269257	2
0.269595	2
0.269932	2
0.27027	2
0.270608	2
0.270946	2
0.271284	2
0.271622	2
0.271959	2
0.272297	2
0.272635	2
0.272973	2
0.273311	2
0.273649	2
0.273986	2
0.274324	2
0.274662	2
0.275	2
0.275338	2
0.275676	2
0.276014	2
0.276351	2
0.276689	2
0.277027	2
0.277365	2
0.277703	2
0.278041	2
0.278378	2
0.278716	2
0.279054	2
0.279392	2
0.27973	2
0.280068	2
0.280405	2
0.280743	2
0.281081	2
0.281419	2
0.281757	2
0.282095	2
0.282432	2
0.28277	2
0.283108	2
0.283446	2
0.283784	2
0.284122	2
0.284459	2
0.284797	2
0.285135	2
0.285473	2
0.285811	2
0.286149	2
0.286486	2
0.286824	2
0.287162	2
0.2875	2
0.287838	2
0.288176	2
0.288514	2
0.288851	2
0.289189	2
0.289527	2
0.289865	2
0.290203	2
0.290541	2
0.290878	2
0.291216	2
0.291554	2
0.291892	2
0.29223	2
0.292568	2
0.292905	2
0.293243	2
0.293581	2
0.293919	2
0.294257	2
0.294595	2
0.294932	2
0.29527	2
0.295608	2
0.295946	2
0.296284	2
0.296622	2
0.296959	2
0.297297	2
0.297635	2
0.297973	2
0.298311	2
0.298649	2
0.298986	2
0.299324	2
0.299662	2
0.3	2
0.300338	2
0.300676	2
0.301014	2
0.301351	2
0.301689	2
0.302027	2
0.302365	2
0.302703	2
0.303041	2
0.303378	2
0.303716	2
0.304054	2
0.304392	2
0.30473	2
0.305068	2
0.305405	2
0.305743	2
0.306081	2
0.306419	2
0.306757	2
0.307095	2
0.307432	2
0.30777	2
0.308108	2
0.308446	2
0.308784	2
0.309122	2
0.309459	2
0.309797	2
0.310135	2
0.310473	2
0.310811	2
0.311149	2
0.311486	2
0.311824	2
0.312162	2
0.3125	2
0.312838	2
0.313176	2
0.313514	2
0.313851	2
0.314189	2
0.314527	2
0.314865	2
0.315203	2
0.315541	2
0.315878	2
0.316216	2
0.316554	2
0.316892	2
0.31723	2
0.317568	2
0.317905	2
0.318243	2
0.318581	2
0.318919	2
0.319257	2
0.319595	2
0.319932	2
0.32027	2
0.320608	2
0.320946	2
0.321284	2
0.321622	2
0.321959	2
0.322297	2
0.322635	2
0.322973	2
0.323311	2
0.323649	2
0.323986	2
0.324324	2
0.324662	2
0.325	2
0.325338	2
0.325676	2
0.326014	2
0.326351	2
0.326689	2
0.327027	2
0.327365	2
0.327703	2
0.328041	2
0.328378	2
0.328716	2
0.329054	2
0.329392	2
0.32973	2
0.330068	2
0.330405	2
0.330743	2
0.331081	2
0.331419	2
0.331757	2
0.332095	2
0.332432	2
0.33277	2
0.333108	2
0.333446	2
0.333784	2
0.334122	2
0.334459	2
0.334797	2
0.335135	2
0.335473	2
0.335811	2
0.336149	2
0.336486	2
0.336824	2
0.337162	2
0.3375	2
0.337838	2
0.338176	2
0.338514	2
0.338851	2
0.339189	2
0.339527	2
0.339865	2
0.340203	2
0.340541	2
0.340878	2
0.341216	2
0.341554	2
0.341892	2
0.34223	2
0.342568	2
0.342905	2
0.343243	2
0.343581	2
0.343919	2
0.344257	2
0.344595	2
0.344932	2
0.34527	2
0.345608	2
0.345946	2
0.346284	2
0.346622	2
0.346959	2
0.347297	2
0.347635	2
0.347973	2
0.348311	2
0.348649	2
0.348986	2
0.349324	2
0.349662	2
0.35	2
0.350338	2
0.350676	2
0.351014	2
0.351351	2
0.351689	2
0.352027	2
0.352365	2
0.352703	2
0.353041	2
0.353378	2
0.353716	2
0.354054	2
0.354392	2
0.35473	2
0.355068	2
0.355405	2
0.355743	2
0.356081	2
0.356419	2
0.356757	2
0.357095	2
0.357432	2
0.35777	2
0.358108	2
0.358446	2
0.358784	2
0.359122	2
0.359459	2
0.359797	2
0.360135	2
0.360473	2
0.360811	2
0.361149	2
0.361486	2
0.361824	2
0.362162	2
0.3625	2
0.362838	2
0.363176	2
0.363514	2
0.363851	2
0.364189	2
0.364527	2
0.364865	2
0.365203	2
0.365541	2
0.365878	2
0.366216	2
0.366554	2
0.366892	2
0.36723	2
0.367568	2
0.367905	2
0.368243	2
0.368581	2
0.368919	2
0.369257	2
0.369595	2
0.369932	2
0.37027	2
0.370608	2
0.370946	2
0.371284	2
0.371622	2
0.371959	2
0.372297	2
0.372635	2
0.372973	2
0.373311	2
0.373649	2
0.373986	2
0.374324	2
0.374662	2
0.375	2
0.375338	2
0.375676	2
0.376014	2
0.376351	2
0.376689	2
0.377027	2
0.377365	2
0.377703	2
0.378041	2
0.378378	2
0.378716	2
0.379054	2
0.379392	2
0.37973	2
0.380068	2
0.380405	2
0.380743	2
0.381081	2
0.381419	2
0.381757	2
0.382095	2
0.382432	2
0.38277	2
0.383108	2
0.383446	2
0.383784	2
0.384122	2
0.384459	2
0.384797	2
0.385135	2
0.385473	2
0.385811	2
0.386149	2
0.386486	2
0.386824	2
0.387162	2
0.3875	2
0.387838	2
0.388176	2
0.388514	2
0.388851	2
0.389189	2
0.389527	2
0.389865	2
0.390203	2
0.390541	2
0.390878	2
0.391216	2
0.391554	2
0.391892	2
0.39223	2
0.392568	2
0.392905	2
0.393243	2
0.393581	2
0.393919	2
0.394257	2
0.394595	2
0.394932	2
0.39527	2
0.395608	2
0.395946	2
0.396284	2
0.396622	2
0.396959	2
0.397297	2
0.397635	2
0.397973	2
0.398311	2
0.398649	2
0.398986	2
0.399324	2
0.399662	2
0.4	2
0.400338	2
0.400676	2
0.401014	2
0.401351	2
0.401689	2
0.402027	2
0.402365	2
0.402703	2
0.403041	2
0.403378	2
0.403716	2
0.404054	2
0.404392	2
0.40473	2
0.405068	2
0.405405	2
0.405743	2
0.406081	2
0.406419	2
0.406757	2
0.407095	2
0.407432	2
0.40777	2
0.408108	2
0.408446	2
0.408784	2
0.409122	2
0.409459	2
0.409797	2
0.410135	2
0.410473	2
0.410811	2
0.411149	2
0.411486	2
0.411824	2
0.412162	2
0.4125	2
0.412838	2
0.413176	2
0.413514	2
0.413851	2
0.414189	2
0.414527	2
0.414865	2
0.415203	2
0.415541	2
0.415878	2
0.416216	2
0.416554	2
0.416892	2
0.41723	2
0.417568	2
0.417905	2
0.418243	2
0.418581	2
0.418919	2
0.419257	2
0.419595	2
0.419932	2
0.42027	2
0.420608	2
0.420946	2
0.421284	2
0.421622	2
0.421959	2
0.422297	2
0.422635	2
0.422973	2
0.423311	2
0.423649	2
0.423986	2
0.424324	2
0.424662	2
0.425	2
0.425338	2
0.425676	2
0.426014	2
0.426351	2
0.426689	2
0.427027	2
0.427365	2
0.427703	2
0.428041	2
0.428378	2
0.428716	2
0.429054	2
0.429392	2
0.42973	2
0.430068	2
0.430405	2
0.430743	2
0.431081	2
0.431419	2
0.431757	2
0.432095	2
0.432432	2
0.43277	2
0.433108	2
0.433446	2
0.433784	2
0.434122	2
0.434459	2
0.434797	2
0.435135	2
0.435473	2
0.435811	2
0.436149	2
0.436486	2
0.436824	2
0.437162	2
0.4375	2
0.437838	2
0.438176	2
0.438514	2
0.438851	2
0.439189	2
0.439527	2
0.439865	2
0.440203	2
0.440541	2
0.440878	2
0.441216	2
0.441554	2
0.441892	2
0.44223	2
0.442568	2
0.442905	2
0.443243	2
0.443581	2
0.443919	2
0.444257	2
0.444595	2
0.444932	2
0.44527	2
0.445608	2
0.445946	2
0.446284	2
0.446622	2
0.446959	2
0.447297	2
0.447635	2
0.447973	2
0.448311	2
0.448649	2
0.448986	2
0.449324	2
0.449662	2
0.45	2
0.450338	2
0.450676	2
0.451014	2
0.451351	2
0.451689	2
0.452027	2
0.452365	2
0.452703	2
0.453041	2
0.453378	2
0.453716	2
0.454054	2
0.454392	2
0.45473	2
0.455068	2
0.455405	2
0.455743	2
0.456081	2
0.456419	2
0.456757	2
0.457095	2
0.457432	2
0.45777	2
0.458108	2
0.458446	2
0.458784	2
0.459122	2
0.459459	2
0.459797	2
0.460135	2
0.460473	2
0.460811	2
0.461149	2
0.461486	2
0.461824	2
0.462162	2
0.4625	2
0.462838	2
0.463176	2
0.463514	2
0.463851	2
0.464189	2
0.464527	2
0.464865	2
0.465203	2
0.465541	2
0.465878	2
0.466216	2
0.466554	2
0.466892	2
0.46723	2
0.467568	2
0.467905	2
0.468243	2
0.468581	2
0.468919	2
0.469257	2
0.469595	2
0.469932	2
0.47027	2
0.470608	2
0.470946	2
0.471284	2
0.471622	2
0.471959	2
0.472297	2
0.472635	2
0.472973	2
0.473311	2
0.473649	2
0.473986	2
0.474324	2
0.474662	2
0.475	2
0.475338	2
0.475676	2
0.476014	2
0.476351	2
0.476689	2
0.477027	2
0.477365	2
0.477703	2
0.478041	2
0.478378	2
0.478716	2
0.479054	2
0.479392	2
0.47973	2
0.480068	2
0.480405	2
0.480743	2
0.481081	2
0.481419	2
0.481757	2
0.482095	2
0.482432	2
0.48277	2
0.483108	2
0.483446	2
0.483784	2
0.484122	2
0.484459	2
0.484797	2
0.485135	2
0.485473	2
0.485811	2
0.486149	2
0.486486	2
0.486824	2
0.487162	2
0.4875	2
0.487838	2
0.488176	2
0.488514	2
0.488851	2
0.489189	2
0.489527	2
0.489865	2
0.490203	2
0.490541	2
0.490878	2
0.491216	2
0.491554	2
0.491892	2
0.49223	2
0.492568	2
0.492905	2
0.493243	2
0.493581	2
0.493919	2
0.494257	2
0.494595	2
0.494932	2
0.49527	2
0.495608	2
0.495946	2
0.496284	2
0.496622	2
0.496959	2
0.497297	2
0.497635	2
0.497973	2
0.498311	2
0.498649	2
0.498986	2
0.499324	2
0.499662	2
0.5	2
0.500338	2
0.500676	2
0.501014	2
0.501351	2
0.501689	2
0.502027	2
0.502365	2
0.502703	2
0.503041	2
0.503378	2
0.503716	2
0.504054	2
0.504392	2
0.50473	2
0.505068	2
0.505405	2
0.505743	2
0.506081	2
0.506419	2
0.506757	2
0.507095	2
0.507432	2
0.50777	2
0.508108	2
0.508446	2
0.508784	2
0.509122	2
0.509459	2
0.509797	2
0.510135	2
0.510473	2
0.510811	2
0.511149	2
0.511486	2
0.511824	2
0.512162	2
0.5125	2
0.512838	2
0.513176	2
0.513514	2
0.513851	2
0.514189	2
0.514527	2
0.514865	2
0.515203	2
0.515541	2
0.515878	2
0.516216	2
0.516554	2
0.516892	2
0.51723	2
0.517568	2
0.517905	2
0.518243	2
0.518581	2
0.518919	2
0.519257	2
0.519595	2
0.519932	2
0.52027	2
0.520608	2
0.520946	2
0.521284	2
0.521622	2
0.521959	2
0.522297	2
0.522635	2
0.522973	2
0.523311	2
0.523649	2
0.523986	2
0.524324	2
0.524662	2
0.525	2
0.525338	2
0.525676	2
0.526014	2
0.526351	2
0.526689	2
0.527027	2
0.527365	2
0.527703	2
0.528041	2
0.528378	2
0.528716	2
0.529054	2
0.529392	2
0.52973	2
0.530068	2
0.530405	2
0.530743	2
0.531081	2
0.531419	2
0.531757	2
0.532095	2
0.532432	2
0.53277	2
0.533108	2
0.533446	2
0.533784	2
0.534122	2
0.534459	2
0.534797	2
0.535135	2
0.535473	2
0.535811	2
0.536149	2
0.536486	2
0.536824	2
0.537162	2
0.5375	2
0.537838	2
0.538176	2
0.538514	2
0.538851	2
0.539189	2
0.539527	2
0.539865	2
0.540203	2
0.540541	2
0.540878	2
0.541216	2
0.541554	2
0.541892	2
0.54223	2
0.542568	2
0.542905	2
0.543243	2
0.543581	2
0.543919	2
0.544257	2
0.544595	2
0.544932	2
0.54527	2
0.545608	2
0.545946	2
0.546284	2
0.546622	2
0.546959	2
0.547297	2
0.547635	2
0.547973	2
0.548311	2
0.548649	2
0.548986	2
0.549324	2
0.549662	2
0.55	2
0.550338	2
0.550676	2
0.551014	2
0.551351	2
0.551689	2
0.552027	2
0.552365	2
0.552703	2
0.553041	2
0.553378	2
0.553716	2
0.554054	2
0.554392	2
0.55473	2
0.555068	2
0.555405	2
0.555743	2
0.556081	2
0.556419	2
0.556757	2
0.557095	2
0.557432	2
0.55777	2
0.558108	2
0.558446	2
0.558784	2
0.559122	2
0.559459	2
0.559797	2
0.560135	2
0.560473	2
0.560811	2
0.561149	2
0.561486	2
0.561824	2
0.562162	2
0.5625	2
0.562838	2
0.563176	2
0.563514	2
0.563851	2
0.564189	2
0.564527	2
0.564865	2
0.565203	2
0.565541	2
0.565878	2
0.566216	2
0.566554	2
0.566892	2
0.56723	2
0.567568	2
0.567905	2
0.568243	2
0.568581	2
0.568919	2
0.569257	2
0.569595	2
0.569932	2
0.57027	2
0.570608	2
0.570946	2
0.571284	2
0.571622	2
0.571959	2
0.572297	2
0.572635	2
0.572973	2
0.573311	2
0.573649	2
0.573986	2
0.574324	2
0.574662	2
0.575	2
0.575338	2
0.575676	2
0.576014	2
0.576351	2
0.576689	2
0.577027	2
0.577365	2
0.577703	2
0.578041	2
0.578378	2
0.578716	2
0.579054	2
0.579392	2
0.57973	2
0.580068	2
0.580405	2
0.580743	2
0.581081	2
0.581419	2
0.581757	2
0.582095	2
0.582432	2
0.58277	2
0.583108	2
0.583446	2
0.583784	2
0.584122	2
0.584459	2
0.584797	2
0.585135	2
0.585473	2
0.585811	2
0.586149	2
0.586486	2
0.586824	2
0.587162	2
0.5875	2
0.587838	2
0.588176	2
0.588514	2
0.588851	2
0.589189	2
0.589527	2
0.589865	2
0.590203	2
0.590541	2
0.590878	2
0.591216	2
0.591554	2
0.591892	2
0.59223	2
0.592568	2
0.592905	2
0.593243	2
0.593581	2
0.593919	2
0.594257	2
0.594595	2
0.594932	2
0.59527	2
0.595608	2
0.595946	2
0.596284	2
0.596622	2
0.596959	2
0.597297	2
0.597635	2
0.597973	2
0.598311	2
0.598649	2
0.598986	2
0.599324	2
0.599662	2
0.6	2
0.600338	2
0.600676	2
0.601014	2
0.601351	2
0.601689	2
0.602027	2
0.602365	2
0.602703	2
0.603041	2
0.603378	2
0.603716	2
0.604054	2
0.604392	2
0.60473	2
0.605068	2
0.605405	2
0.605743	2
0.606081	2
0.606419	2
0.606757	2
0.607095	2
0.607432	2
0.60777	2
0.608108	2
0.608446	2
0.608784	2
0.609122	2
0.609459	2
0.609797	2
0.610135	2
0.610473	2
0.610811	2
0.611149	2
0.611486	2
0.611824	2
0.612162	2
0.6125	2
0.612838	2
0.613176	2
0.613514	2
0.613851	2
0.614189	2
0.614527	2
0.614865	2
0.615203	2
0.615541	2
0.615878	2
0.616216	2
0.616554	2
0.616892	2
0.61723	2
0.617568	2
0.617905	2
0.618243	2
0.618581	2
0.618919	2
0.619257	2
0.619595	2
0.619932	2
0.62027	2
0.620608	2
0.620946	2
0.621284	2
0.621622	2
0.621959	2
0.622297	2
0.622635	2
0.622973	2
0.623311	2
0.623649	2
0.623986	2
0.624324	2
0.624662	2
0.625	2
0.625338	2
0.625676	2
0.626014	2
0.626351	2
0.626689	2
0.627027	2
0.627365	2
0.627703	2
0.628041	2
0.628378	2
0.628716	2
0.629054	2
0.629392	2
0.62973	2
0.630068	2
0.630405	2
0.630743	2
0.631081	2
0.631419	2
0.631757	2
0.632095	2
0.632432	2
0.63277	2
0.633108	2
0.633446	2
0.633784	2
0.634122	2
0.634459	2
0.634797	2
0.635135	2
0.635473	2
0.635811	2
0.636149	2
0.636486	2
0.636824	2
0.637162	2
0.6375	2
0.637838	2
0.638176	2
0.638514	2
0.638851	2
0.639189	2
0.639527	2
0.639865	2
0.640203	2
0.640541	2
0.640878	2
0.641216	2
0.641554	2
0.641892	2
0.64223	2
0.642568	2
0.642905	2
0.643243	2
0.643581	2
0.643919	2
0.644257	2
0.644595	2
0.644932	2
0.64527	2
0.645608	2
0.645946	2
0.646284	2
0.646622	2
0.646959	2
0.647297	2
0.647635	2
0.647973	2
0.648311	2
0.648649	2
0.648986	2
0.649324	2
0.649662	2
0.65	2
0.650338	2
0.650676	2
0.651014	2
0.651351	2
0.651689	2
0.652027	2
0.652365	2
0.652703	2
0.653041	2
0.653378	2
0.653716	2
0.654054	2
0.654392	2
0.65473	2
0.655068	2
0.655405	2
0.655743	2
0.656081	2
0.656419	2
0.656757	2
0.657095	2
0.657432	2
0.65777	2
0.658108	2
0.658446	2
0.658784	2
0.659122	2
0.659459	2
0.659797	2
0.660135	2
0.660473	2
0.660811	2
0.661149	2
0.661486	2
0.661824	2
0.662162	2
0.6625	2
0.662838	2
0.663176	2
0.663514	2
0.663851	2
0.664189	2
0.664527	2
0.664865	2
0.665203	2
0.665541	2
0.665878	2
0.666216	2
0.666554	2
0.666892	2
0.66723	2
0.667568	2
0.667905	2
0.668243	2
0.668581	2
0.668919	2
0.669257	2
0.669595	2
0.669932	2
0.67027	2
0.670608	2
0.670946	2
0.671284	2
0.671622	2
0.671959	2
0.672297	2
0.672635	2
0.672973	2
0.673311	2
0.673649	2
0.673986	2
0.674324	2
0.674662	2
0.675	2
0.675338	2
0.675676	2
0.676014	2
0.676351	2
0.676689	2
0.677027	2
0.677365	2
0.677703	2
0.678041	2
0.678378	2
0.678716	2
0.679054	2
0.679392	2
0.67973	2
0.680068	2
0.680405	2
0.680743	2
0.681081	2
0.681419	2
0.681757	2
0.682095	2
0.682432	2
0.68277	2
0.683108	2
0.683446	2
0.683784	2
0.684122	2
0.684459	2
0.684797	2
0.685135	2
0.685473	2
0.685811	2
0.686149	2
0.686486	2
0.686824	2
0.687162	2
0.6875	2
0.687838	2
0.688176	2
0.688514	2
0.688851	2
0.689189	2
0.689527	2
0.689865	2
0.690203	2
0.690541	2
0.690878	2
0.691216	2
0.691554	2
0.691892	2
0.69223	2
0.692568	2
0.692905	2
0.693243	2
0.693581	2
0.693919	2
0.694257	2
0.694595	2
0.694932	2
0.69527	2
0.695608	2
0.695946	2
0.696284	2
0.696622	2
0.696959	2
0.697297	2
0.697635	2
0.697973	2
0.698311	2
0.698649	2
0.698986	2
0.699324	2
0.699662	2
0.7	2
0.700338	2
0.700676	2
0.701014	2
0.701351	2
0.701689	2
0.702027	2
0.702365	2
0.702703	2
0.703041	2
0.703378	2
0.703716	2
0.704054	2
0.704392	2
0.70473	2
0.705068	2
0.705405	2
0.705743	2
0.706081	2
0.706419	2
0.706757	2
0.707095	2
0.707432	2
0.70777	2
0.708108	2
0.708446	2
0.708784	2
0.709122	2
0.709459	2
0.709797	2
0.710135	2
0.710473	2
0.710811	2
0.711149	2
0.711486	2
0.711824	2
0.712162	2
0.7125	2
0.712838	2
0.713176	2
0.713514	2
0.713851	2
0.714189	2
0.714527	2
0.714865	2
0.715203	2
0.715541	2
0.715878	2
0.716216	2
0.716554	2
0.716892	2
0.71723	2
0.717568	2
0.717905	2
0.718243	2
0.718581	2
0.718919	2
0.719257	2
0.719595	2
0.719932	2
0.72027	2
0.720608	2
0.720946	2
0.721284	2
0.721622	2
0.721959	2
0.722297	2
0.722635	2
0.722973	2
0.723311	2
0.723649	2
0.723986	2
0.724324	2
0.724662	2
0.725	2
0.725338	2
0.725676	2
0.726014	2
0.726351	2
0.726689	2
0.727027	2
0.727365	2
0.727703	2
0.728041	2
0.728378	2
0.728716	2
0.729054	2
0.729392	2
0.72973	2
0.730068	2
0.730405	2
0.730743	2
0.731081	2
0.731419	2
0.731757	2
0.732095	2
0.732432	2
0.73277	2
0.733108	2
0.733446	2
0.733784	2
0.734122	2
0.734459	2
0.734797	2
0.735135	2
0.735473	2
0.735811	2
0.736149	2
0.736486	2
0.736824	2
0.737162	2
0.7375	2
0.737838	2
0.738176	2
0.738514	2
0.738851	2
0.739189	2
0.739527	2
0.739865	2
0.740203	2
0.740541	2
0.740878	2
0.741216	2
0.741554	2
0.741892	2
0.74223	2
0.742568	2
0.742905	2
0.743243	2
0.743581	2
0.743919	2
0.744257	2
0.744595	2
0.744932	2
0.74527	2
0.745608	2
0.745946	2
0.746284	2
0.746622	2
0.746959	2
0.747297	2
0.747635	2
0.747973	2
0.748311	2
0.748649	2
0.748986	2
0.749324	2
0.749662	2
0.75	2
0.750338	2
0.750676	2
0.751014	2
0.751351	2
0.751689	2
0.752027	2
0.752365	2
0.752703	2
0.753041	2
0.753378	2
0.753716	2
0.754054	2
0.754392	2
0.75473	2
0.755068	2
0.755405	2
0.755743	2
0.756081	2
0.756419	2
0.756757	2
0.757095	2
0.757432	2
0.75777	2
0.758108	2
0.758446	2
0.758784	2
0.759122	2
0.759459	2
0.759797	2
0.760135	2
0.760473	2
0.760811	2
0.761149	2
0.761486	2
0.761824	2
0.762162	2
0.7625	2
0.762838	2
0.763176	2
0.763514	2
0.763851	2
0.764189	2
0.764527	2
0.764865	2
0.765203	2
0.765541	2
0.765878	2
0.766216	2
0.766554	2
0.766892	2
0.76723	2
0.767568	2
0.767905	2
0.768243	2
0.768581	2
0.768919	2
0.769257	2
0.769595	2
0.769932	2
0.77027	2
0.770608	2
0.770946	2
0.771284	2
0.771622	2
0.771959	2
0.772297	2
0.772635	2
0.772973	2
0.773311	2
0.773649	2
0.773986	2
0.774324	2
0.774662	2
0.775	2
0.775338	2
0.775676	2
0.776014	2
0.776351	2
0.776689	2
0.777027	2
0.777365	2
0.777703	2
0.778041	2
0.778378	2
0.778716	2
0.779054	2
0.779392	2
0.77973	2
0.780068	2
0.780405	2
0.780743	2
0.781081	2
0.781419	2
0.781757	2
0.782095	2
0.782432	2
0.78277	2
0.783108	2
0.783446	2
0.783784	2
0.784122	2
0.784459	2
0.784797	2
0.785135	2
0.785473	2
0.785811	2
0.786149	2
0.786486	2
0.786824	2
0.787162	2
0.7875	2
0.787838	2
0.788176	2
0.788514	2
0.788851	2
0.789189	2
0.789527	2
0.789865	2
0.790203	2
0.790541	2
0.790878	2
0.791216	2
0.791554	2
0.791892	2
0.79223	2
0.792568	2
0.792905	2
0.793243	2
0.793581	2
0.793919	2
0.794257	2
0.794595	2
0.794932	2
0.79527	2
0.795608	2
0.795946	2
0.796284	2
0.796622	2
0.796959	2
0.797297	2
0.797635	2
0.797973	2
0.798311	2
0.798649	2
0.798986	2
0.799324	2
0.799662	2
0.8	2
0.800338	2
0.800676	2
0.801014	2
0.801351	2
0.801689	2
0.802027	2
0.802365	2
0.802703	2
0.803041	2
0.803378	2
0.803716	2
0.804054	2
0.804392	2
0.80473	2
0.805068	2
0.805405	2
0.805743	2
0.806081	2
0.806419	2
0.806757	2
0.807095	2
0.807432	2
0.80777	2
0.808108	2
0.808446	2
0.808784	2
0.809122	2
0.809459	2
0.809797	2
0.810135	2
0.810473	2
0.810811	2
0.811149	2
0.811486	2
0.811824	2
0.812162	2
0.8125	2
0.812838	2
0.813176	2
0.813514	2
0.813851	2
0.814189	2
0.814527	2
0.814865	2
0.815203	2
0.815541	2
0.815878	2
0.816216	2
0.816554	2
0.816892	2
0.81723	2
0.817568	2
0.817905	2
0.818243	2
0.818581	2
0.818919	2
0.819257	2
0.819595	2
0.819932	2
0.82027	2
0.820608	2
0.820946	2
0.821284	2
0.821622	2
0.821959	2
0.822297	2
0.822635	2
0.822973	2
0.823311	2
0.823649	2
0.823986	2
0.824324	2
0.824662	2
0.825	2
0.825338	2
0.825676	2
0.826014	2
0.826351	2
0.826689	2
0.827027	2
0.827365	2
0.827703	2
0.828041	2
0.828378	2
0.828716	2
0.829054	2
0.829392	2
0.82973	2
0.830068	2
0.830405	2
0.830743	2
0.831081	2
0.831419	2
0.831757	2
0.832095	2
0.832432	2
0.83277	2
0.833108	2
0.833446	2
0.833784	2
0.834122	2
0.834459	2
0.834797	2
0.835135	2
0.835473	2
0.835811	2
0.836149	2
0.836486	2
0.836824	2
0.837162	2
0.8375	2
0.837838	2
0.838176	2
0.838514	2
0.838851	2
0.839189	2
0.839527	2
0.839865	2
0.840203	2
0.840541	2
0.840878	2
0.841216	2
0.841554	2
0.841892	2
0.84223	2
0.842568	2
0.842905	2
0.843243	2
0.843581	2
0.843919	2
0.844257	2
0.844595	2
0.844932	2
0.84527	2
0.845608	2
0.845946	2
0.846284	2
0.846622	2
0.846959	2
0.847297	2
0.847635	2
0.847973	2
0.848311	2
0.848649	2
0.848986	2
0.849324	2
0.849662	2
0.85	2
0.850338	2
0.850676	2
0.851014	2
0.851351	2
0.851689	2
0.852027	2
0.852365	2
0.852703	2
0.853041	2
0.853378	2
0.853716	2
0.854054	2
0.854392	2
0.85473	2
0.855068	2
0.855405	2
0.855743	2
0.856081	2
0.856419	2
0.856757	2
0.857095	2
0.857432	2
0.85777	2
0.858108	2
0.858446	2
0.858784	2
0.859122	2
0.859459	2
0.859797	2
0.860135	2
0.860473	2
0.860811	2
0.861149	2
0.861486	2
0.861824	2
0.862162	2
0.8625	2
0.862838	2
0.863176	2
0.863514	2
0.863851	2
0.864189	2
0.864527	2
0.864865	2
0.865203	2
0.865541	2
0.865878	2
0.866216	2
0.866554	2
0.866892	2
0.86723	2
0.867568	2
0.867905	2
0.868243	2
0.868581	2
0.868919	2
0.869257	2
0.869595	2
0.869932	2
0.87027	2
0.870608	2
0.870946	2
0.871284	2
0.871622	2
0.871959	2
0.872297	2
0.872635	2
0.872973	2
0.873311	2
0.873649	2
0.873986	2
0.874324	2
0.874662	2
0.875	2
0.875338	2
0.875676	2
0.876014	2
0.876351	2
0.876689	2
0.877027	2
0.877365	2
0.877703	2
0.878041	2
0.878378	2
0.878716	2
0.879054	2
0.879392	2
0.87973	2
0.880068	2
0.880405	2
0.880743	2
0.881081	2
0.881419	2
0.881757	2
0.882095	2
0.882432	2
0.88277	2
0.883108	2
0.883446	2
0.883784	2
0.884122	2
0.884459	2
0.884797	2
0.885135	2
0.885473	2
0.885811	2
0.886149	2
0.886486	2
0.886824	2
0.887162	2
0.8875	2
0.887838	2
0.888176	2
0.888514	2
0.888851	2
0.889189	2
0.889527	2
0.889865	2
0.890203	2
0.890541	2
0.890878	2
0.891216	2
0.891554	2
0.891892	2
0.89223	2
0.892568	2
0.892905	2
0.893243	2
0.893581	2
0.893919	2
0.894257	2
0.894595	2
0.894932	2
0.89527	2
0.895608	2
0.895946	2
0.896284	2
0.896622	2
0.896959	2
0.897297	2
0.897635	2
0.897973	2
0.898311	2
0.898649	2
0.898986	2
0.899324	2
0.899662	2
0.9	2
0.900338	2
0.900676	2
0.901014	2
0.901351	2
0.901689	2
0.902027	2
0.902365	2
0.902703	2
0.903041	2
0.903378	2
0.903716	2
0.904054	2
0.904392	2
0.90473	2
0.905068	2
0.905405	2
0.905743	2
0.906081	2
0.906419	2
0.906757	2
0.907095	2
0.907432	2
0.90777	2
0.908108	2
0.908446	2
0.908784	2
0.909122	2
0.909459	2
0.909797	2
0.910135	2
0.910473	2
0.910811	2
0.911149	2
0.911486	2
0.911824	2
0.912162	2
0.9125	2
0.912838	2
0.913176	2
0.913514	2
0.913851	2
0.914189	2
0.914527	2
0.914865	2
0.915203	2
0.915541	2
0.915878	2
0.916216	2
0.916554	2
0.916892	2
0.91723	2
0.917568	2
0.917905	2
0.918243	2
0.918581	2
0.918919	2
0.919257	2
0.919595	2
0.919932	2
0.92027	2
0.920608	2
0.920946	2
0.921284	2
0.921622	2
0.921959	2
0.922297	2
0.922635	2
0.922973	2
0.923311	2
0.923649	2
0.923986	2
0.924324	2
0.924662	2
0.925	2
0.925338	2
0.925676	2
0.926014	2
0.926351	2
0.926689	2
0.927027	2
0.927365	2
0.927703	2
0.928041	2
0.928378	2
0.928716	2
0.929054	2
0.929392	2
0.92973	2
0.930068	2
0.930405	2
0.930743	2
0.931081	2
0.931419	2
0.931757	2
0.932095	2
0.932432	2
0.93277	2
0.933108	2
0.933446	2
0.933784	2
0.934122	2
0.934459	2
0.934797	2
0.935135	2
0.935473	2
0.935811	2
0.936149	2
0.936486	2
0.936824	2
0.937162	2
0.9375	2
0.937838	2
0.938176	2
0.938514	2
0.938851	2
0.939189	2
0.939527	2
0.939865	2
0.940203	2
0.940541	2
0.940878	2
0.941216	2
0.941554	2
0.941892	2
0.94223	2
0.942568	2
0.942905	2
0.943243	2
0.943581	2
0.943919	2
0.944257	2
0.944595	2
0.944932	2
0.94527	2
0.945608	2
0.945946	2
0.946284	2
0.946622	2
0.946959	2
0.947297	2
0.947635	2
0.947973	2
0.948311	2
0.948649	2
0.948986	2
0.949324	2
0.949662	2
0.95	2
0.950338	2
0.950676	2
0.951014	2
0.951351	2
0.951689	2
0.952027	2
0.952365	2
0.952703	2
0.953041	2
0.953378	2
0.953716	2
0.954054	2
0.954392	2
0.95473	2
0.955068	2
0.955405	2
0.955743	2
0.956081	2
0.956419	2
0.956757	2
0.957095	2
0.957432	2
0.95777	2
0.958108	2
0.958446	2
0.958784	2
0.959122	2
0.959459	2
0.959797	2
0.960135	2
0.960473	2
0.960811	2
0.961149	2
0.961486	2
0.961824	2
0.962162	2
0.9625	2
0.962838	2
0.963176	2
0.963514	2
0.963851	2
0.964189	2
0.964527	2
0.964865	2
0.965203	2
0.965541	2
0.965878	2
0.966216	2
0.966554	2
0.966892	2
0.96723	2
0.967568	2
0.967905	2
0.968243	2
0.968581	2
0.968919	2
0.969257	2
0.969595	2
0.969932	2
0.97027	2
0.970608	2
0.970946	2
0.971284	2
0.971622	2
0.971959	2
0.972297	2
0.972635	2
0.972973	2
0.973311	2
0.973649	2
0.973986	2
0.974324	2
0.974662	2
0.975	2
0.975338	2
0.975676	2
0.976014	2
0.976351	2
0.976689	2
0.977027	2
0.977365	2
0.977703	2
0.978041	2
0.978378	2
0.978716	2
0.979054	2
0.979392	2
0.97973	2
0.980068	2
0.980405	2
0.980743	2
0.981081	2
0.981419	2
0.981757	2
0.982095	2
0.982432	2
0.98277	2
0.983108	2
0.983446	2
0.983784	2
0.984122	2
0.984459	2
0.984797	2
0.985135	2
0.985473	2
0.985811	2
0.986149	2
0.986486	2
0.986824	2
0.987162	2
0.9875	2
0.987838	2
0.988176	2
0.988514	2
0.988851	2
0.989189	2
0.989527	2
0.989865	2
0.990203	2
0.990541	2
0.990878	2
0.991216	2
0.991554	2
0.991892	2
0.99223	2
0.992568	2
0.992905	2
0.993243	2
0.993581	2
0.993919	2
0.994257	2
0.994595	2
0.994932	2
0.99527	2
0.995608	2
0.995946	2
0.996284	2
0.996622	2
0.996959	2
0.997297	2
0.997635	2
0.997973	2
0.998311	2
0.998649	2
0.998986	2
0.999324	2
0.999662	2
1	2
1.00034	2
1.00068	2
1.00101	2
1.00135	2
1.00169	2
1.00203	2
1.00236	2
1.0027	2
1.00304	2
1.00338	2
1.00372	2
1.00405	2
1.00439	2
1.00473	2
1.00507	2
1.00541	2
1.00574	2
1.00608	2
1.00642	2
1.00676	2
1.00709	2
1.00743	2
1.00777	2
1.00811	2
1.00845	2
1.00878	2
1.00912	2
1.00946	2
1.0098	2
1.01014	2
1.01047	2
1.01081	2
1.01115	2
1.01149	2
1.01182	2
1.01216	2
1.0125	2
1.01284	2
1.01318	2
1.01351	2
1.01385	2
1.01419	2
1.01453	2
1.01486	2
1.0152	2
1.01554	2
1.01588	2
1.01622	2
1.01655	2
1.01689	2
1.01723	2
1.01757	2
1.01791	2
1.01824	2
1.01858	2
1.01892	2
1.01926	2
1.01959	2
1.01993	2
1.02027	2
1.02061	2
1.02095	2
1.02128	2
1.02162	2
1.02196	2
1.0223	2
1.02264	2
1.02297	2
1.02331	2
1.02365	2
1.02399	2
1.02432	2
1.02466	2
1.025	2
1.02534	2
1.02568	2
1.02601	2
1.02635	2
1.02669	2
1.02703	2
1.02736	2
1.0277	2
1.02804	2
1.02838	2
1.02872	2
1.02905	2
1.02939	2
1.02973	2
1.03007	2
1.03041	2
1.03074	2
1.03108	2
1.03142	2
1.03176	2
1.03209	2
1.03243	2
1.03277	2
1.03311	2
1.03345	2
1.03378	2
1.03412	2
1.03446	2
1.0348	2
1.03514	2
1.03547	2
1.03581	2
1.03615	2
1.03649	2
1.03682	2
1.03716	2
1.0375	2
1.03784	2
1.03818	2
1.03851	2
1.03885	2
1.03919	2
1.03953	2
1.03986	2
1.0402	2
1.04054	2
1.04088	2
1.04122	2
1.04155	2
1.04189	2
1.04223	2
1.04257	2
1.04291	2
1.04324	2
1.04358	2
1.04392	2
1.04426	2
1.04459	2
1.04493	2
1.04527	2
1.04561	2
1.04595	2
1.04628	2
1.04662	2
1.04696	2
1.0473	2
1.04764	2
1.04797	2
1.04831	2
1.04865	2
1.04899	2
1.04932	2
1.04966	2
1.05	2
1.05034	2
1.05068	2
1.05101	2
1.05135	2
1.05169	2
1.05203	2
1.05236	2
1.0527	2
1.05304	2
1.05338	2
1.05372	2
1.05405	2
1.05439	2
1.05473	2
1.05507	2
1.05541	2
1.05574	2
1.05608	2
1.05642	2
1.05676	2
1.05709	2
1.05743	2
1.05777	2
1.05811	2
1.05845	2
1.05878	2
1.05912	2
1.05946	2
1.0598	2
1.06014	2
1.06047	2
1.06081	2
1.06115	2
1.06149	2
1.06182	2
1.06216	2
1.0625	2
1.06284	2
1.06318	2
1.06351	2
1.06385	2
1.06419	2
1.06453	2
1.06486	2
1.0652	2
1.06554	2
1.06588	2
1.06622	2
1.06655	2
1.06689	2
1.06723	2
1.06757	2
1.06791	2
1.06824	2
1.06858	2
1.06892	2
1.06926	2
1.06959	2
1.06993	2
1.07027	2
1.07061	2
1.07095	2
1.07128	2
1.07162	2
1.07196	2
1.0723	2
1.07264	2
1.07297	2
1.07331	2
1.07365	2
1.07399	2
1.07432	2
1.07466	2
1.075	2
1.07534	2
1.07568	2
1.07601	2
1.07635	2
1.07669	2
1.07703	2
1.07736	2
1.0777	2
1.07804	2
1.07838	2
1.07872	2
1.07905	2
1.07939	2
1.07973	2
1.08007	2
1.08041	2
1.08074	2
1.08108	2
1.08142	2
1.08176	2
1.08209	2
1.08243	2
1.08277	2
1.08311	2
1.08345	2
1.08378	2
1.08412	2
1.08446	2
1.0848	2
1.08514	2
1.08547	2
1.08581	2
1.08615	2
1.08649	2
1.08682	2
1.08716	2
1.0875	2
1.08784	2
1.08818	2
1.08851	2
1.08885	2
1.08919	2
1.08953	2
1.08986	2
1.0902	2
1.09054	2
1.09088	2
1.09122	2
1.09155	2
1.09189	2
1.09223	2
1.09257	2
1.09291	2
1.09324	2
1.09358	2
1.09392	2
1.09426	2
1.09459	2
1.09493	2
1.09527	2
1.09561	2
1.09595	2
1.09628	2
1.09662	2
1.09696	2
1.0973	2
1.09764	2
1.09797	2
1.09831	2
1.09865	2
1.09899	2
1.09932	2
1.09966	2
1.1	2
1.10034	2
1.10068	2
1.10101	2
1.10135	2
1.10169	2
1.10203	2
1.10236	2
1.1027	2
1.10304	2
1.10338	2
1.10372	2
1.10405	2
1.10439	2
1.10473	2
1.10507	2
1.10541	2
1.10574	2
1.10608	2
1.10642	2
1.10676	2
1.10709	2
1.10743	2
1.10777	2
1.10811	2
1.10845	2
1.10878	2
1.10912	2
1.10946	2
1.1098	2
1.11014	2
1.11047	2
1.11081	2
1.11115	2
1.11149	2
1.11182	2
1.11216	2
1.1125	2
1.11284	2
1.11318	2
1.11351	2
1.11385	2
1.11419	2
1.11453	2
1.11486	2
1.1152	2
1.11554	2
1.11588	2
1.11622	2
1.11655	2
1.11689	2
1.11723	2
1.11757	2
1.11791	2
1.11824	2
1.11858	2
1.11892	2
1.11926	2
1.11959	2
1.11993	2
1.12027	2
1.12061	2
1.12095	2
1.12128	2
1.12162	2
1.12196	2
1.1223	2
1.12264	2
1.12297	2
1.12331	2
1.12365	2
1.12399	2
1.12432	2
1.12466	2
1.125	2
1.12534	2
1.12568	2
1.12601	2
1.12635	2
1.12669	2
1.12703	2
1.12736	2
1.1277	2
1.12804	2
1.12838	2
1.12872	2
1.12905	2
1.12939	2
1.12973	2
1.13007	2
1.13041	2
1.13074	2
1.13108	2
1.13142	2
1.13176	2
1.13209	2
1.13243	2
1.13277	2
1.13311	2
1.13345	2
1.13378	2
1.13412	2
1.13446	2
1.1348	2
1.13514	2
1.13547	2
1.13581	2
1.13615	2
1.13649	2
1.13682	2
1.13716	2
1.1375	2
1.13784	2
1.13818	2
1.13851	2
1.13885	2
1.13919	2
1.13953	2
1.13986	2
1.1402	2
1.14054	2
1.14088	2
1.14122	2
1.14155	2
1.14189	2
1.14223	2
1.14257	2
1.14291	2
1.14324	2
1.14358	2
1.14392	2
1.14426	2
1.14459	2
1.14493	2
1.14527	2
1.14561	2
1.14595	2
1.14628	2
1.14662	2
1.14696	2
1.1473	2
1.14764	2
1.14797	2
1.14831	2
1.14865	2
1.14899	2
1.14932	2
1.14966	2
1.15	2
1.15034	2
1.15068	2
1.15101	2
1.15135	2
1.15169	2
1.15203	2
1.15236	2
1.1527	2
1.15304	2
1.15338	2
1.15372	2
1.15405	2
1.15439	2
1.15473	2
1.15507	2
1.15541	2
1.15574	2
1.15608	2
1.15642	2
1.15676	2
1.15709	2
1.15743	2
1.15777	2
1.15811	2
1.15845	2
1.15878	2
1.15912	2
1.15946	2
1.1598	2
1.16014	2
1.16047	2
1.16081	2
1.16115	2
1.16149	2
1.16182	2
1.16216	2
1.1625	2
1.16284	2
1.16318	2
1.16351	2
1.16385	2
1.16419	2
1.16453	2
1.16486	2
1.1652	2
1.16554	2
1.16588	2
1.16622	2
1.16655	2
1.16689	2
1.16723	2
1.16757	2
1.16791	2
1.16824	2
1.16858	2
1.16892	2
1.16926	2
1.16959	2
1.16993	2
1.17027	2
1.17061	2
1.17095	2
1.17128	2
1.17162	2
1.17196	2
1.1723	2
1.17264	2
1.17297	2
1.17331	2
1.17365	2
1.17399	2
1.17432	2
1.17466	2
1.175	2
1.17534	2
1.17568	2
1.17601	2
1.17635	2
1.17669	2
1.17703	2
1.17736	2
1.1777	2
1.17804	2
1.17838	2
1.17872	2
1.17905	2
1.17939	2
1.17973	2
1.18007	2
1.18041	2
1.18074	2
1.18108	2
1.18142	2
1.18176	2
1.18209	2
1.18243	2
1.18277	2
1.18311	2
1.18345	2
1.18378	2
1.18412	2
1.18446	2
1.1848	2
1.18514	2
1.18547	2
1.18581	2
1.18615	2
1.18649	2
1.18682	2
1.18716	2
1.1875	2
1.18784	2
1.18818	2
1.18851	2
1.18885	2
1.18919	2
1.18953	2
1.18986	2
1.1902	2
1.19054	2
1.19088	2
1.19122	2
1.19155	2
1.19189	2
1.19223	2
1.19257	2
1.19291	2
1.19324	2
1.19358	2
1.19392	2
1.19426	2
1.19459	2
1.19493	2
1.19527	2
1.19561	2
1.19595	2
1.19628	2
1.19662	2
1.19696	2
1.1973	2
1.19764	2
1.19797	2
1.19831	2
1.19865	2
1.19899	2
1.19932	2
1.19966	2
1.2	2
1.20034	2
1.20068	2
1.20101	2
1.20135	2
1.20169	2
1.20203	2
1.20236	2
1.2027	2
1.20304	2
1.20338	2
1.20372	2
1.20405	2
1.20439	2
1.20473	2
1.20507	2
1.20541	2
1.20574	2
1.20608	2
1.20642	2
1.20676	2
1.20709	2
1.20743	2
1.20777	2
1.20811	2
1.20845	2
1.20878	2
1.20912	2
1.20946	2
1.2098	2
1.21014	2
1.21047	2
1.21081	2
1.21115	2
1.21149	2
1.21182	2
1.21216	2
1.2125	2
1.21284	2
1.21318	2
1.21351	2
1.21385	2
1.21419	2
1.21453	2
1.21486	2
1.2152	2
1.21554	2
1.21588	2
1.21622	2
1.21655	2
1.21689	2
1.21723	2
1.21757	2
1.21791	2
1.21824	2
1.21858	2
1.21892	2
1.21926	2
1.21959	2
1.21993	2
1.22027	2
1.22061	2
1.22095	2
1.22128	2
1.22162	2
1.22196	2
1.2223	2
1.22264	2
1.22297	2
1.22331	2
1.22365	2
1.22399	2
1.22432	2
1.22466	2
1.225	2
1.22534	2
1.22568	2
1.22601	2
1.22635	2
1.22669	2
1.22703	2
1.22736	2
1.2277	2
1.22804	2
1.22838	2
1.22872	2
1.22905	2
1.22939	2
1.22973	2
1.23007	2
1.23041	2
1.23074	2
1.23108	2
1.23142	2
1.23176	2
1.23209	2
1.23243	2
1.23277	2
1.23311	2
1.23345	2
1.23378	2
1.23412	2
1.23446	2
1.2348	2
1.23514	2
1.23547	2
1.23581	2
1.23615	2
1.23649	2
1.23682	2
1.23716	2
1.2375	2
1.23784	2
1.23818	2
1.23851	2
1.23885	2
1.23919	2
1.23953	2
1.23986	2
1.2402	2
1.24054	2
1.24088	2
1.24122	2
1.24155	2
1.24189	2
1.24223	2
1.24257	2
1.24291	2
1.24324	2
1.24358	2
1.24392	2
1.24426	2
1.24459	2
1.24493	2
1.24527	2
1.24561	2
1.24595	2
1.24628	2
1.24662	2
1.24696	2
1.2473	2
1.24764	2
1.24797	2
1.24831	2
1.24865	2
1.24899	2
1.24932	2
1.24966	2
1.25	2
1.25034	2
1.25068	2
1.25101	2
1.25135	2
1.25169	2
1.25203	2
1.25236	2
1.2527	2
1.25304	2
1.25338	2
1.25372	2
1.25405	2
1.25439	2
1.25473	2
1.25507	2
1.25541	2
1.25574	2
1.25608	2
1.25642	2
1.25676	2
1.25709	2
1.25743	2
1.25777	2
1.25811	2
1.25845	2
1.25878	2
1.25912	2
1.25946	2
1.2598	2
1.26014	2
1.26047	2
1.26081	2
1.26115	2
1.26149	2
1.26182	2
1.26216	2
1.2625	2
1.26284	2
1.26318	2
1.26351	2
1.26385	2
1.26419	2
1.26453	2
1.26486	2
1.2652	2
1.26554	2
1.26588	2
1.26622	2
1.26655	2
1.26689	2
1.26723	2
1.26757	2
1.26791	2
1.26824	2
1.26858	2
1.26892	2
1.26926	2
1.26959	2
1.26993	2
1.27027	2
1.27061	2
1.27095	2
1.27128	2
1.27162	2
1.27196	2
1.2723	2
1.27264	2
1.27297	2
1.27331	2
1.27365	2
1.27399	2
1.27432	2
1.27466	2
1.275	2
1.27534	2
1.27568	2
1.27601	2
1.27635	2
1.27669	2
1.27703	2
1.27736	2
1.2777	2
1.27804	2
1.27838	2
1.27872	2
1.27905	2
1.27939	2
1.27973	2
1.28007	2
1.28041	2
1.28074	2
1.28108	2
1.28142	2
1.28176	2
1.28209	2
1.28243	2
1.28277	2
1.28311	2
1.28345	2
1.28378	2
1.28412	2
1.28446	2
1.2848	2
1.28514	2
1.28547	2
1.28581	2
1.28615	2
1.28649	2
1.28682	2
1.28716	2
1.2875	2
1.28784	2
1.28818	2
1.28851	2
1.28885	2
1.28919	2
1.28953	2
1.28986	2
1.2902	2
1.29054	2
1.29088	2
1.29122	2
1.29155	2
1.29189	2
1.29223	2
1.29257	2
1.29291	2
1.29324	2
1.29358	2
1.29392	2
1.29426	2
1.29459	2
1.29493	2
1.29527	2
1.29561	2
1.29595	2
1.29628	2
1.29662	2
1.29696	2
1.2973	2
1.29764	2
1.29797	2
1.29831	2
1.29865	2
1.29899	2
1.29932	2
1.29966	2
1.3	2
1.30034	2
1.30068	2
1.30101	2
1.30135	2
1.30169	2
1.30203	2
1.30236	2
1.3027	2
1.30304	2
1.30338	2
1.30372	2
1.30405	2
1.30439	2
1.30473	2
1.30507	2
1.30541	2
1.30574	2
1.30608	2
1.30642	2
1.30676	2
1.30709	2
1.30743	2
1.30777	2
1.30811	2
1.30845	2
1.30878	2
1.30912	2
1.30946	2
1.3098	2
1.31014	2
1.31047	2
1.31081	2
1.31115	2
1.31149	2
1.31182	2
1.31216	2
1.3125	2
1.31284	2
1.31318	2
1.31351	2
1.31385	2
1.31419	2
1.31453	2
1.31486	2
1.3152	2
1.31554	2
1.31588	2
1.31622	2
1.31655	2
1.31689	2
1.31723	2
1.31757	2
1.31791	2
1.31824	2
1.31858	2
1.31892	2
1.31926	2
1.31959	2
1.31993	2
1.32027	2
1.32061	2
1.32095	2
1.32128	2
1.32162	2
1.32196	2
1.3223	2
1.32264	2
1.32297	2
1.32331	2
1.32365	2
1.32399	2
1.32432	2
1.32466	2
1.325	2
1.32534	2
1.32568	2
1.32601	2
1.32635	2
1.32669	2
1.32703	2
1.32736	2
1.3277	2
1.32804	2
1.32838	2
1.32872	2
1.32905	2
1.32939	2
1.32973	2
1.33007	2
1.33041	2
1.33074	2
1.33108	2
1.33142	2
1.33176	2
1.33209	2
1.33243	2
1.33277	2
1.33311	2
1.33345	2
1.33378	2
1.33412	2
1.33446	2
1.3348	2
1.33514	2
1.33547	2
1.33581	2
1.33615	2
1.33649	2
1.33682	2
1.33716	2
1.3375	2
1.33784	2
1.33818	2
1.33851	2
1.33885	2
1.33919	2
1.33953	2
1.33986	2
1.3402	2
1.34054	2
1.34088	2
1.34122	2
1.34155	2
1.34189	2
1.34223	2
1.34257	2
1.34291	2
1.34324	2
1.34358	2
1.34392	2
1.34426	2
1.34459	2
1.34493	2
1.34527	2
1.34561	2
1.34595	2
1.34628	2
1.34662	2
1.34696	2
1.3473	2
1.34764	2
1.34797	2
1.34831	2
1.34865	2
1.34899	2
1.34932	2
1.34966	2
1.35	2
1.35034	2
1.35068	2
1.35101	2
1.35135	2
1.35169	2
1.35203	2
1.35236	2
1.3527	2
1.35304	2
1.35338	2
1.35372	2
1.35405	2
1.35439	2
1.35473	2
1.35507	2
1.35541	2
1.35574	2
1.35608	2
1.35642	2
1.35676	2
1.35709	2
1.35743	2
1.35777	2
1.35811	2
1.35845	2
1.35878	2
1.35912	2
1.35946	2
1.3598	2
1.36014	2
1.36047	2
1.36081	2
1.36115	2
1.36149	2
1.36182	2
1.36216	2
1.3625	2
1.36284	2
1.36318	2
1.36351	2
1.36385	2
1.36419	2
1.36453	2
1.36486	2
1.3652	2
1.36554	2
1.36588	2
1.36622	2
1.36655	2
1.36689	2
1.36723	2
1.36757	2
1.36791	2
1.36824	2
1.36858	2
1.36892	2
1.36926	2
1.36959	2
1.36993	2
1.37027	2
1.37061	2
1.37095	2
1.37128	2
1.37162	2
1.37196	2
1.3723	2
1.37264	2
1.37297	2
1.37331	2
1.37365	2
1.37399	2
1.37432	2
1.37466	2
1.375	2
1.37534	2
1.37568	2
1.37601	2
1.37635	2
1.37669	2
1.37703	2
1.37736	2
1.3777	2
1.37804	2
1.37838	2
1.37872	2
1.37905	2
1.37939	2
1.37973	2
1.38007	2
1.38041	2
1.38074	2
1.38108	2
1.38142	2
1.38176	2
1.38209	2
1.38243	2
1.38277	2
1.38311	2
1.38345	2
1.38378	2
1.38412	2
1.38446	2
1.3848	2
1.38514	2
1.38547	2
1.38581	2
1.38615	2
1.38649	2
1.38682	2
1.38716	2
1.3875	2
1.38784	2
1.38818	2
1.38851	2
1.38885	2
1.38919	2
1.38953	2
1.38986	2
1.3902	2
1.39054	2
1.39088	2
1.39122	2
1.39155	2
1.39189	2
1.39223	2
1.39257	2
1.39291	2
1.39324	2
1.39358	2
1.39392	2
1.39426	2
1.39459	2
1.39493	2
1.39527	2
1.39561	2
1.39595	2
1.39628	2
1.39662	2
1.39696	2
1.3973	2
1.39764	2
1.39797	2
1.39831	2
1.39865	2
1.39899	2
1.39932	2
1.39966	2
1.4	2
1.40034	2
1.40068	2
1.40101	2
1.40135	2
1.40169	2
1.40203	2
1.40236	2
1.4027	2
1.40304	2
1.40338	2
1.40372	2
1.40405	2
1.40439	2
1.40473	2
1.40507	2
1.40541	2
1.40574	2
1.40608	2
1.40642	2
1.40676	2
1.40709	2
1.40743	2
1.40777	2
1.40811	2
1.40845	2
1.40878	2
1.40912	2
1.40946	2
1.4098	2
1.41014	2
1.41047	2
1.41081	2
1.41115	2
1.41149	2
1.41182	2
1.41216	2
1.4125	2
1.41284	2
1.41318	2
1.41351	2
1.41385	2
1.41419	2
1.41453	2
1.41486	2
1.4152	2
1.41554	2
1.41588	2
1.41622	2
1.41655	2
1.41689	2
1.41723	2
1.41757	2
1.41791	2
1.41824	2
1.41858	2
1.41892	2
1.41926	2
1.41959	2
1.41993	2
1.42027	2
1.42061	2
1.42095	2
1.42128	2
1.42162	2
1.42196	2
1.4223	2
1.42264	2
1.42297	2
1.42331	2
1.42365	2
1.42399	2
1.42432	2
1.42466	2
1.425	2
1.42534	2
1.42568	2
1.42601	2
1.42635	2
1.42669	2
1.42703	2
1.42736	2
1.4277	2
1.42804	2
1.42838	2
1.42872	2
1.42905	2
1.42939	2
1.42973	2
1.43007	2
1.43041	2
1.43074	2
1.43108	2
1.43142	2
1.43176	2
1.43209	2
1.43243	2
1.43277	2
1.43311	2
1.43345	2
1.43378	2
1.43412	2
1.43446	2
1.4348	2
1.43514	2
1.43547	2
1.43581	2
1.43615	2
1.43649	2
1.43682	2
1.43716	2
1.4375	2
1.43784	2
1.43818	2
1.43851	2
1.43885	2
1.43919	2
1.43953	2
1.43986	2
1.4402	2
1.44054	2
1.44088	2
1.44122	2
1.44155	2
1.44189	2
1.44223	2
1.44257	2
1.44291	2
1.44324	2
1.44358	2
1.44392	2
1.44426	2
1.44459	2
1.44493	2
1.44527	2
1.44561	2
1.44595	2
1.44628	2
1.44662	2
1.44696	2
1.4473	2
1.44764	2
1.44797	2
1.44831	2
1.44865	2
1.44899	2
1.44932	2
1.44966	2
1.45	2
1.45034	2
1.45068	2
1.45101	2
1.45135	2
1.45169	2
1.45203	2
1.45236	2
1.4527	2
1.45304	2
1.45338	2
1.45372	2
1.45405	2
1.45439	2
1.45473	2
1.45507	2
1.45541	2
1.45574	2
1.45608	2
1.45642	2
1.45676	2
1.45709	2
1.45743	2
1.45777	2
1.45811	2
1.45845	2
1.45878	2
1.45912	2
1.45946	2
1.4598	2
1.46014	2
1.46047	2
1.46081	2
1.46115	2
1.46149	2
1.46182	2
1.46216	2
1.4625	2
1.46284	2
1.46318	2
1.46351	2
1.46385	2
1.46419	2
1.46453	2
1.46486	2
1.4652	2
1.46554	2
1.46588	2
1.46622	2
1.46655	2
1.46689	2
1.46723	2
1.46757	2
1.46791	2
1.46824	2
1.46858	2
1.46892	2
1.46926	2
1.46959	2
1.46993	2
1.47027	2
1.47061	2
1.47095	2
1.47128	2
1.47162	2
1.47196	2
1.4723	2
1.47264	2
1.47297	2
1.47331	2
1.47365	2
1.47399	2
1.47432	2
1.47466	2
1.475	2
1.47534	2
1.47568	2
1.47601	2
1.47635	2
1.47669	2
1.47703	2
1.47736	2
1.4777	2
1.47804	2
1.47838	2
1.47872	2
1.47905	2
1.47939	2
1.47973	2
1.48007	2
1.48041	2
1.48074	2
1.48108	2
1.48142	2
1.48176	2
1.48209	2
1.48243	2
1.48277	2
1.48311	2
1.48345	2
1.48378	2
1.48412	2
1.48446	2
1.4848	2
1.48514	2
1.48547	2
1.48581	2
1.48615	2
1.48649	2
1.48682	2
1.48716	2
1.4875	2
1.48784	2
1.48818	2
1.48851	2
1.48885	2
1.48919	2
1.48953	2
1.48986	2
1.4902	2
1.49054	2
1.49088	2
1.49122	2
1.49155	2
1.49189	2
1.49223	2
1.49257	2
1.49291	2
1.49324	2
1.49358	2
1.49392	2
1.49426	2
1.49459	2
1.49493	2
1.49527	2
1.49561	2
1.49595	2
1.49628	2
1.49662	2
1.49696	2
1.4973	2
1.49764	2
1.49797	2
1.49831	2
1.49865	2
1.49899	2
1.49932	2
1.49966	2
1.5	2
1.50034	2
1.50068	2
1.50101	2
1.50135	2
1.50169	2
1.50203	2
1.50236	2
1.5027	2
1.50304	2
1.50338	2
1.50372	2
1.50405	2
1.50439	2
1.50473	2
1.50507	2
1.50541	2
1.50574	2
1.50608	2
1.50642	2
1.50676	2
1.50709	2
1.50743	2
1.50777	2
1.50811	2
1.50845	2
1.50878	2
1.50912	2
1.50946	2
1.5098	2
1.51014	2
1.51047	2
1.51081	2
1.51115	2
1.51149	2
1.51182	2
1.51216	2
1.5125	2
1.51284	2
1.51318	2
1.51351	2
1.51385	2
1.51419	2
1.51453	2
1.51486	2
1.5152	2
1.51554	2
1.51588	2
1.51622	2
1.51655	2
1.51689	2
1.51723	2
1.51757	2
1.51791	2
1.51824	2
1.51858	2
1.51892	2
1.51926	2
1.51959	2
1.51993	2
1.52027	2
1.52061	2
1.52095	2
1.52128	2
1.52162	2
1.52196	2
1.5223	2
1.52264	2
1.52297	2
1.52331	2
1.52365	2
1.52399	2
1.52432	2
1.52466	2
1.525	2
1.52534	2
1.52568	2
1.52601	2
1.52635	2
1.52669	2
1.52703	2
1.52736	2
1.5277	2
1.52804	2
1.52838	2
1.52872	2
1.52905	2
1.52939	2
1.52973	2
1.53007	2
1.53041	2
1.53074	2
1.53108	2
1.53142	2
1.53176	2
1.53209	2
1.53243	2
1.53277	2
1.53311	2
1.53345	2
1.53378	2
1.53412	2
1.53446	2
1.5348	2
1.53514	2
1.53547	2
1.53581	2
1.53615	2
1.53649	2
1.53682	2
1.53716	2
1.5375	2
1.53784	2
1.53818	2
1.53851	2
1.53885	2
1.53919	2
1.53953	2
1.53986	2
1.5402	2
1.54054	2
1.54088	2
1.54122	2
1.54155	2
1.54189	2
1.54223	2
1.54257	2
1.54291	2
1.54324	2
1.54358	2
1.54392	2
1.54426	2
1.54459	2
1.54493	2
1.54527	2
1.54561	2
1.54595	2
1.54628	2
1.54662	2
1.54696	2
1.5473	2
1.54764	2
1.54797	2
1.54831	2
1.54865	2
1.54899	2
1.54932	2
1.54966	2
1.55	2
1.55034	2
1.55068	2
1.55101	2
1.55135	2
1.55169	2
1.55203	2
1.55236	2
1.5527	2
1.55304	2
1.55338	2
1.55372	2
1.55405	2
1.55439	2
1.55473	2
1.55507	2
1.55541	2
1.55574	2
1.55608	2
1.55642	2
1.55676	2
1.55709	2
1.55743	2
1.55777	2
1.55811	2
1.55845	2
1.55878	2
1.55912	2
1.55946	2
1.5598	2
1.56014	2
1.56047	2
1.56081	2
1.56115	2
1.56149	2
1.56182	2
1.56216	2
1.5625	2
1.56284	2
1.56318	2
1.56351	2
1.56385	2
1.56419	2
1.56453	2
1.56486	2
1.5652	2
1.56554	2
1.56588	2
1.56622	2
1.56655	2
1.56689	2
1.56723	2
1.56757	2
1.56791	2
1.56824	2
1.56858	2
1.56892	2
1.56926	2
1.56959	2
1.56993	2
1.57027	2
1.57061	2
1.57095	2
1.57128	2
1.57162	2
1.57196	2
1.5723	2
1.57264	2
1.57297	2
1.57331	2
1.57365	2
1.57399	2
1.57432	2
1.57466	2
1.575	2
1.57534	2
1.57568	2
1.57601	2
1.57635	2
1.57669	2
1.57703	2
1.57736	2
1.5777	2
1.57804	2
1.57838	2
1.57872	2
1.57905	2
1.57939	2
1.57973	2
1.58007	2
1.58041	2
1.58074	2
1.58108	2
1.58142	2
1.58176	2
1.58209	2
1.58243	2
1.58277	2
1.58311	2
1.58345	2
1.58378	2
1.58412	2
1.58446	2
1.5848	2
1.58514	2
1.58547	2
1.58581	2
1.58615	2
1.58649	2
1.58682	2
1.58716	2
1.5875	2
1.58784	2
1.58818	2
1.58851	2
1.58885	2
1.58919	2
1.58953	2
1.58986	2
1.5902	2
1.59054	2
1.59088	2
1.59122	2
1.59155	2
1.59189	2
1.59223	2
1.59257	2
1.59291	2
1.59324	2
1.59358	2
1.59392	2
1.59426	2
1.59459	2
1.59493	2
1.59527	2
1.59561	2
1.59595	2
1.59628	2
1.59662	2
1.59696	2
1.5973	2
1.59764	2
1.59797	2
1.59831	2
1.59865	2
1.59899	2
1.59932	2
1.59966	2
1.6	2
1.60034	2
1.60068	2
1.60101	2
1.60135	2
1.60169	2
1.60203	2
1.60236	2
1.6027	2
1.60304	2
1.60338	2
1.60372	2
1.60405	2
1.60439	2
1.60473	2
1.60507	2
1.60541	2
1.60574	2
1.60608	2
1.60642	2
1.60676	2
1.60709	2
1.60743	2
1.60777	2
1.60811	2
1.60845	2
1.60878	2
1.60912	2
1.60946	2
1.6098	2
1.61014	2
1.61047	2
1.61081	2
1.61115	2
1.61149	2
1.61182	2
1.61216	2
1.6125	2
1.61284	2
1.61318	2
1.61351	2
1.61385	2
1.61419	2
1.61453	2
1.61486	2
1.6152	2
1.61554	2
1.61588	2
1.61622	2
1.61655	2
1.61689	2
1.61723	2
1.61757	2
1.61791	2
1.61824	2
1.61858	2
1.61892	2
1.61926	2
1.61959	2
1.61993	2
1.62027	2
1.62061	2
1.62095	2
1.62128	2
1.62162	2
1.62196	2
1.6223	2
1.62264	2
1.62297	2
1.62331	2
1.62365	2
1.62399	2
1.62432	2
1.62466	2
1.625	2
1.62534	2
1.62568	2
1.62601	2
1.62635	2
1.62669	2
1.62703	2
1.62736	2
1.6277	2
1.62804	2
1.62838	2
1.62872	2
1.62905	2
1.62939	2
1.62973	2
1.63007	2
1.63041	2
1.63074	2
1.63108	2
1.63142	2
1.63176	2
1.63209	2
1.63243	2
1.63277	2
1.63311	2
1.63345	2
1.63378	2
1.63412	2
1.63446	2
1.6348	2
1.63514	2
1.63547	2
1.63581	2
1.63615	2
1.63649	2
1.63682	2
1.63716	2
1.6375	2
1.63784	2
1.63818	2
1.63851	2
1.63885	2
1.63919	2
1.63953	2
1.63986	2
1.6402	2
1.64054	2
1.64088	2
1.64122	2
1.64155	2
1.64189	2
1.64223	2
1.64257	2
1.64291	2
1.64324	2
1.64358	2
1.64392	2
1.64426	2
1.64459	2
1.64493	2
1.64527	2
1.64561	2
1.64595	2
1.64628	2
1.64662	2
1.64696	2
1.6473	2
1.64764	2
1.64797	2
1.64831	2
1.64865	2
1.64899	2
1.64932	2
1.64966	2
1.65	2
1.65034	2
1.65068	2
1.65101	2
1.65135	2
1.65169	2
1.65203	2
1.65236	2
1.6527	2
1.65304	2
1.65338	2
1.65372	2
1.65405	2
1.65439	2
1.65473	2
1.65507	2
1.65541	2
1.65574	2
1.65608	2
1.65642	2
1.65676	2
1.65709	2
1.65743	2
1.65777	2
1.65811	2
1.65845	2
1.65878	2
1.65912	2
1.65946	2
1.6598	2
1.66014	2
1.66047	2
1.66081	2
1.66115	2
1.66149	2
1.66182	2
1.66216	2
1.6625	2
1.66284	2
1.66318	2
1.66351	2
1.66385	2
1.66419	2
1.66453	2
1.66486	2
1.6652	2
1.66554	2
1.66588	2
1.66622	2
1.66655	2
1.66689	2
1.66723	2
1.66757	2
1.66791	2
1.66824	2
1.66858	2
1.66892	2
1.66926	2
1.66959	2
1.66993	2
1.67027	2
1.67061	2
1.67095	2
1.67128	2
1.67162	2
1.67196	2
1.6723	2
1.67264	2
1.67297	2
1.67331	2
1.67365	2
1.67399	2
1.67432	2
1.67466	2
1.675	2
1.67534	2
1.67568	2
1.67601	2
1.67635	2
1.67669	2
1.67703	2
1.67736	2
1.6777	2
1.67804	2
1.67838	2
1.67872	2
1.67905	2
1.67939	2
1.67973	2
1.68007	2
1.68041	2
1.68074	2
1.68108	2
1.68142	2
1.68176	2
1.68209	2
1.68243	2
1.68277	2
1.68311	2
1.68345	2
1.68378	2
1.68412	2
1.68446	2
1.6848	2
1.68514	2
1.68547	2
1.68581	2
1.68615	2
1.68649	2
1.68682	2
1.68716	2
1.6875	2
1.68784	2
1.68818	2
1.68851	2
1.68885	2
1.68919	2
1.68953	2
1.68986	2
1.6902	2
1.69054	2
1.69088	2
1.69122	2
1.69155	2
1.69189	2
1.69223	2
1.69257	2
1.69291	2
1.69324	2
1.69358	2
1.69392	2
1.69426	2
1.69459	2
1.69493	2
1.69527	2
1.69561	2
1.69595	2
1.69628	2
1.69662	2
1.69696	2
1.6973	2
1.69764	2
1.69797	2
1.69831	2
1.69865	2
1.69899	2
1.69932	2
1.69966	2
1.7	2
1.70034	2
1.70068	2
1.70101	2
1.70135	2
1.70169	2
1.70203	2
1.70236	2
1.7027	2
1.70304	2
1.70338	2
1.70372	2
1.70405	2
1.70439	2
1.70473	2
1.70507	2
1.70541	2
1.70574	2
1.70608	2
1.70642	2
1.70676	2
1.70709	2
1.70743	2
1.70777	2
1.70811	2
1.70845	2
1.70878	2
1.70912	2
1.70946	2
1.7098	2
1.71014	2
1.71047	2
1.71081	2
1.71115	2
1.71149	2
1.71182	2
1.71216	2
1.7125	2
1.71284	2
1.71318	2
1.71351	2
1.71385	2
1.71419	2
1.71453	2
1.71486	2
1.7152	2
1.71554	2
1.71588	2
1.71622	2
1.71655	2
1.71689	2
1.71723	2
1.71757	2
1.71791	2
1.71824	2
1.71858	2
1.71892	2
1.71926	2
1.71959	2
1.71993	2
1.72027	2
1.72061	2
1.72095	2
1.72128	2
1.72162	2
1.72196	2
1.7223	2
1.72264	2
1.72297	2
1.72331	2
1.72365	2
1.72399	2
1.72432	2
1.72466	2
1.725	2
1.72534	2
1.72568	2
1.72601	2
1.72635	2
1.72669	2
1.72703	2
1.72736	2
1.7277	2
1.72804	2
1.72838	2
1.72872	2
1.72905	2
1.72939	2
1.72973	2
1.73007	2
1.73041	2
1.73074	2
1.73108	2
1.73142	2
1.73176	2
1.73209	2
1.73243	2
1.73277	2
1.73311	2
1.73345	2
1.73378	2
1.73412	2
1.73446	2
1.7348	2
1.73514	2
1.73547	2
1.73581	2
1.73615	2
1.73649	2
1.73682	2
1.73716	2
1.7375	2
1.73784	2
1.73818	2
1.73851	2
1.73885	2
1.73919	2
1.73953	2
1.73986	2
1.7402	2
1.74054	2
1.74088	2
1.74122	2
1.74155	2
1.74189	2
1.74223	2
1.74257	2
1.74291	2
1.74324	2
1.74358	2
1.74392	2
1.74426	2
1.74459	2
1.74493	2
1.74527	2
1.74561	2
1.74595	2
1.74628	2
1.74662	2
1.74696	2
1.7473	2
1.74764	2
1.74797	2
1.74831	2
1.74865	2
1.74899	2
1.74932	2
1.74966	2
1.75	2
1.75034	2
1.75068	2
1.75101	2
1.75135	2
1.75169	2
1.75203	2
1.75236	2
1.7527	2
1.75304	2
1.75338	2
1.75372	2
1.75405	2
1.75439	2
1.75473	2
1.75507	2
1.75541	2
1.75574	2
1.75608	2
1.75642	2
1.75676	2
1.75709	2
1.75743	2
1.75777	2
1.75811	2
1.75845	2
1.75878	2
1.75912	2
1.75946	2
1.7598	2
1.76014	2
1.76047	2
1.76081	2
1.76115	2
1.76149	2
1.76182	2
1.76216	2
1.7625	2
1.76284	2
1.76318	2
1.76351	2
1.76385	2
1.76419	2
1.76453	2
1.76486	2
1.7652	2
1.76554	2
1.76588	2
1.76622	2
1.76655	2
1.76689	2
1.76723	2
1.76757	2
1.76791	2
1.76824	2
1.76858	2
1.76892	2
1.76926	2
1.76959	2
1.76993	2
1.77027	2
1.77061	2
1.77095	2
1.77128	2
1.77162	2
1.77196	2
1.7723	2
1.77264	2
1.77297	2
1.77331	2
1.77365	2
1.77399	2
1.77432	2
1.77466	2
1.775	2
1.77534	2
1.77568	2
1.77601	2
1.77635	2
1.77669	2
1.77703	2
1.77736	2
1.7777	2
1.77804	2
1.77838	2
1.77872	2
1.77905	2
1.77939	2
1.77973	2
1.78007	2
1.78041	2
1.78074	2
1.78108	2
1.78142	2
1.78176	2
1.78209	2
1.78243	2
1.78277	2
1.78311	2
1.78345	2
1.78378	2
1.78412	2
1.78446	2
1.7848	2
1.78514	2
1.78547	2
1.78581	2
1.78615	2
1.78649	2
1.78682	2
1.78716	2
1.7875	2
1.78784	2
1.78818	2
1.78851	2
1.78885	2
1.78919	2
1.78953	2
1.78986	2
1.7902	2
1.79054	2
1.79088	2
1.79122	2
1.79155	2
1.79189	2
1.79223	2
1.79257	2
1.79291	2
1.79324	2
1.79358	2
1.79392	2
1.79426	2
1.79459	2
1.79493	2
1.79527	2
1.79561	2
1.79595	2
1.79628	2
1.79662	2
1.79696	2
1.7973	2
1.79764	2
1.79797	2
1.79831	2
1.79865	2
1.79899	2
1.79932	2
1.79966	2
1.8	2
1.80034	2
1.80068	2
1.80101	2
1.80135	2
1.80169	2
1.80203	2
1.80236	2
1.8027	2
1.80304	2
1.80338	2
1.80372	2
1.80405	2
1.80439	2
1.80473	2
1.80507	2
1.80541	2
1.80574	2
1.80608	2
1.80642	2
1.80676	2
1.80709	2
1.80743	2
1.80777	2
1.80811	2
1.80845	2
1.80878	2
1.80912	2
1.80946	2
1.8098	2
1.81014	2
1.81047	2
1.81081	2
1.81115	2
1.81149	2
1.81182	2
1.81216	2
1.8125	2
1.81284	2
1.81318	2
1.81351	2
1.81385	2
1.81419	2
1.81453	2
1.81486	2
1.8152	2
1.81554	2
1.81588	2
1.81622	2
1.81655	2
1.81689	2
1.81723	2
1.81757	2
1.81791	2
1.81824	2
1.81858	2
1.81892	2
1.81926	2
1.81959	2
1.81993	2
1.82027	2
1.82061	2
1.82095	2
1.82128	2
1.82162	2
1.82196	2
1.8223	2
1.82264	2
1.82297	2
1.82331	2
1.82365	2
1.82399	2
1.82432	2
1.82466	2
1.825	2
1.82534	2
1.82568	2
1.82601	2
1.82635	2
1.82669	2
1.82703	2
1.82736	2
1.8277	2
1.82804	2
1.82838	2
1.82872	2
1.82905	2
1.82939	2
1.82973	2
1.83007	2
1.83041	2
1.83074	2
1.83108	2
1.83142	2
1.83176	2
1.83209	2
1.83243	2
1.83277	2
1.83311	2
1.83345	2
1.83378	2
1.83412	2
1.83446	2
1.8348	2
1.83514	2
1.83547	2
1.83581	2
1.83615	2
1.83649	2
1.83682	2
1.83716	2
1.8375	2
1.83784	2
1.83818	2
1.83851	2
1.83885	2
1.83919	2
1.83953	2
1.83986	2
1.8402	2
1.84054	2
1.84088	2
1.84122	2
1.84155	2
1.84189	2
1.84223	2
1.84257	2
1.84291	2
1.84324	2
1.84358	2
1.84392	2
1.84426	2
1.84459	2
1.84493	2
1.84527	2
1.84561	2
1.84595	2
1.84628	2
1.84662	2
1.84696	2
1.8473	2
1.84764	2
1.84797	2
1.84831	2
1.84865	2
1.84899	2
1.84932	2
1.84966	2
1.85	2
1.85034	2
1.85068	2
1.85101	2
1.85135	2
1.85169	2
1.85203	2
1.85236	2
1.8527	2
1.85304	2
1.85338	2
1.85372	2
1.85405	2
1.85439	2
1.85473	2
1.85507	2
1.85541	2
1.85574	2
1.85608	2
1.85642	2
1.85676	2
1.85709	2
1.85743	2
1.85777	2
1.85811	2
1.85845	2
1.85878	2
1.85912	2
1.85946	2
1.8598	2
1.86014	2
1.86047	2
1.86081	2
1.86115	2
1.86149	2
1.86182	2
1.86216	2
1.8625	2
1.86284	2
1.86318	2
1.86351	2
1.86385	2
1.86419	2
1.86453	2
1.86486	2
1.8652	2
1.86554	2
1.86588	2
1.86622	2
1.86655	2
1.86689	2
1.86723	2
1.86757	2
1.86791	2
1.86824	2
1.86858	2
1.86892	2
1.86926	2
1.86959	2
1.86993	2
1.87027	2
1.87061	2
1.87095	2
1.87128	2
1.87162	2
1.87196	2
1.8723	2
1.87264	2
1.87297	2
1.87331	2
1.87365	2
1.87399	2
1.87432	2
1.87466	2
1.875	2
1.87534	2
1.87568	2
1.87601	2
1.87635	2
1.87669	2
1.87703	2
1.87736	2
1.8777	2
1.87804	2
1.87838	2
1.87872	2
1.87905	2
1.87939	2
1.87973	2
1.88007	2
1.88041	2
1.88074	2
1.88108	2
1.88142	2
1.88176	2
1.88209	2
1.88243	2
1.88277	2
1.88311	2
1.88345	2
1.88378	2
1.88412	2
1.88446	2
1.8848	2
1.88514	2
1.88547	2
1.88581	2
1.88615	2
1.88649	2
1.88682	2
1.88716	2
1.8875	2
1.88784	2
1.88818	2
1.88851	2
1.88885	2
1.88919	2
1.88953	2
1.88986	2
1.8902	2
1.89054	2
1.89088	2
1.89122	2
1.89155	2
1.89189	2
1.89223	2
1.89257	2
1.89291	2
1.89324	2
1.89358	2
1.89392	2
1.89426	2
1.89459	2
1.89493	2
1.89527	2
1.89561	2
1.89595	2
1.89628	2
1.89662	2
1.89696	2
1.8973	2
1.89764	2
1.89797	2
1.89831	2
1.89865	2
1.89899	2
1.89932	2
1.89966	2
1.9	2
1.90034	2
1.90068	2
1.90101	2
1.90135	2
1.90169	2
1.90203	2
1.90236	2
1.9027	2
1.90304	2
1.90338	2
1.90372	2
1.90405	2
1.90439	2
1.90473	2
1.90507	2
1.90541	2
1.90574	2
1.90608	2
1.90642	2
1.90676	2
1.90709	2
1.90743	2
1.90777	2
1.90811	2
1.90845	2
1.90878	2
1.90912	2
1.90946	2
1.9098	2
1.91014	2
1.91047	2
1.91081	2
1.91115	2
1.91149	2
1.91182	2
1.91216	2
1.9125	2
1.91284	2
1.91318	2
1.91351	2
1.91385	2
1.91419	2
1.91453	2
1.91486	2
1.9152	2
1.91554	2
1.91588	2
1.91622	2
1.91655	2
1.91689	2
1.91723	2
1.91757	2
1.91791	2
1.91824	2
1.91858	2
1.91892	2
1.91926	2
1.91959	2
1.91993	2
1.92027	2
1.92061	2
1.92095	2
1.92128	2
1.92162	2
1.92196	2
1.9223	2
1.92264	2
1.92297	2
1.92331	2
1.92365	2
1.92399	2
1.92432	2
1.92466	2
1.925	2
1.92534	2
1.92568	2
1.92601	2
1.92635	2
1.92669	2
1.92703	2
1.92736	2
1.9277	2
1.92804	2
1.92838	2
1.92872	2
1.92905	2
1.92939	2
1.92973	2
1.93007	2
1.93041	2
1.93074	2
1.93108	2
1.93142	2
1.93176	2
1.93209	2
1.93243	2
1.93277	2
1.93311	2
1.93345	2
1.93378	2
1.93412	2
1.93446	2
1.9348	2
1.93514	2
1.93547	2
1.93581	2
1.93615	2
1.93649	2
1.93682	2
1.93716	2
1.9375	2
1.93784	2
1.93818	2
1.93851	2
1.93885	2
1.93919	2
1.93953	2
1.93986	2
1.9402	2
1.94054	2
1.94088	2
1.94122	2
1.94155	2
1.94189	2
1.94223	2
1.94257	2
1.94291	2
1.94324	2
1.94358	2
1.94392	2
1.94426	2
1.94459	2
1.94493	2
1.94527	2
1.94561	2
1.94595	2
1.94628	2
1.94662	2
1.94696	2
1.9473	2
1.94764	2
1.94797	2
1.94831	2
1.94865	2
1.94899	2
1.94932	2
1.94966	2
1.95	2
1.95034	2
1.95068	2
1.95101	2
1.95135	2
1.95169	2
1.95203	2
1.95236	2
1.9527	2
1.95304	2
1.95338	2
1.95372	2
1.95405	2
1.95439	2
1.95473	2
1.95507	2
1.95541	2
1.95574	2
1.95608	2
1.95642	2
1.95676	2
1.95709	2
1.95743	2
1.95777	2
1.95811	2
1.95845	2
1.95878	2
1.95912	2
1.95946	2
1.9598	2
1.96014	2
1.96047	2
1.96081	2
1.96115	2
1.96149	2
1.96182	2
1.96216	2
1.9625	2
1.96284	2
1.96318	2
1.96351	2
1.96385	2
1.96419	2
1.96453	2
1.96486	2
1.9652	2
1.96554	2
1.96588	2
1.96622	2
1.96655	2
1.96689	2
1.96723	2
1.96757	2
1.96791	2
1.96824	2
1.96858	2
1.96892	2
1.96926	2
1.96959	2
1.96993	2
1.97027	2
1.97061	2
1.97095	2
1.97128	2
1.97162	2
1.97196	2
1.9723	2
1.97264	2
1.97297	2
1.97331	2
1.97365	2
1.97399	2
1.97432	2
1.97466	2
1.975	2
1.97534	2
1.97568	2
1.97601	2
1.97635	2
1.97669	2
1.97703	2
1.97736	2
1.9777	2
1.97804	2
1.97838	2
1.97872	2
1.97905	2
1.97939	2
1.97973	2
1.98007	2
1.98041	2
1.98074	2
1.98108	2
1.98142	2
1.98176	2
1.98209	2
1.98243	2
1.98277	2
1.98311	2
1.98345	2
1.98378	2
1.98412	2
1.98446	2
1.9848	2
1.98514	2
1.98547	2
1.98581	2
1.98615	2
1.98649	2
1.98682	2
1.98716	2
1.9875	2
1.98784	2
1.98818	2
1.98851	2
1.98885	2
1.98919	2
1.98953	2
1.98986	2
1.9902	2
1.99054	2
1.99088	2
1.99122	2
1.99155	2
1.99189	2
1.99223	2
1.99257	2
1.99291	2
1.99324	2
1.99358	2
1.99392	2
1.99426	2
1.99459	2
1.99493	2
1.99527	2
1.99561	2
1.99595	2
1.99628	2
1.99662	2
1.99696	2
1.9973	2
1.99764	2
1.99797	2
1.99831	2
1.99865	2
1.99899	2
1.99932	2
1.99966	2
2	2
